L -2005.0000, -910.0000, 496.0000,  -2005.0000, -910.0000, 49.0000,  0, 0, 255
L -2005.0000, -910.0000, 49.0000,  -1817.0000, -536.0000, 49.0000,  0, 0, 255
L -1817.0000, -536.0000, 49.0000,  -1776.0000, -102.0000, 49.0000,  0, 0, 255
L -1776.0000, -102.0000, 49.0000,  -1744.0000, 113.0000, 49.0000,  0, 0, 255
L -1744.0000, 113.0000, 49.0000,  -1690.0000, 452.0000, 49.0000,  0, 0, 255
L -1690.0000, 452.0000, 49.0000,  -1645.0000, 683.0000, 49.0000,  0, 0, 255
L -1645.0000, 683.0000, 49.0000,  -1505.0000, 1178.0000, 49.0000,  0, 0, 255
L -1505.0000, 1178.0000, 49.0000,  -1117.0000, 1365.0000, 49.0000,  0, 0, 255
L -1117.0000, 1365.0000, 49.0000,  -872.0000, 1430.0000, 49.0000,  0, 0, 255
L -872.0000, 1430.0000, 49.0000,  -487.0000, 1499.0000, 49.0000,  0, 0, 255
L -487.0000, 1499.0000, 49.0000,  243.0000, 1499.0000, 49.0000,  0, 0, 255
L 243.0000, 1499.0000, 49.0000,  669.0000, 1511.0000, 49.0000,  0, 0, 255
L 669.0000, 1511.0000, 49.0000,  1218.0000, 1565.0000, 49.0000,  0, 0, 255
L 1218.0000, 1565.0000, 49.0000,  1489.0000, 1529.0000, 49.0000,  0, 0, 255
L 1489.0000, 1529.0000, 49.0000,  1440.0000, 1489.0000, 50.0000,  0, 0, 255
L 1440.0000, 1489.0000, 50.0000,  1346.0000, 1484.0000, 54.0000,  0, 0, 255
L 1346.0000, 1484.0000, 54.0000,  1296.0000, 1443.0000, 54.0000,  0, 0, 255
L 1296.0000, 1443.0000, 54.0000,  1253.0000, 1435.0000, 54.0000,  0, 0, 255
L 1253.0000, 1435.0000, 54.0000,  1158.0000, 1358.0000, 54.0000,  0, 0, 255
L 1158.0000, 1358.0000, 54.0000,  1103.0000, 1337.0000, 54.0000,  0, 0, 255
L 1103.0000, 1337.0000, 54.0000,  1059.0000, 1306.0000, 55.0000,  0, 0, 255
L 1059.0000, 1306.0000, 55.0000,  988.0000, 1286.0000, 56.0000,  0, 0, 255
L 988.0000, 1286.0000, 56.0000,  802.0000, 1282.0000, 56.0000,  0, 0, 255
L 802.0000, 1282.0000, 56.0000,  801.0000, 1318.0000, 56.0000,  0, 0, 255
L 801.0000, 1318.0000, 56.0000,  787.0000, 1338.0000, 56.0000,  0, 0, 255
L 787.0000, 1338.0000, 56.0000,  742.0000, 1364.0000, 57.0000,  0, 0, 255
L 742.0000, 1364.0000, 57.0000,  677.0000, 1348.0000, 58.0000,  0, 0, 255
L 677.0000, 1348.0000, 58.0000,  645.0000, 1324.0000, 57.0000,  0, 0, 255
L 645.0000, 1324.0000, 57.0000,  636.0000, 1300.0000, 57.0000,  0, 0, 255
L 636.0000, 1300.0000, 57.0000,  248.0000, 1287.0000, 57.0000,  0, 0, 255
L 248.0000, 1287.0000, 57.0000,  87.0000, 1287.0000, 57.0000,  0, 0, 255
L 87.0000, 1287.0000, 57.0000,  85.0000, 1312.0000, 57.0000,  0, 0, 255
L 85.0000, 1312.0000, 57.0000,  66.0000, 1336.0000, 58.0000,  0, 0, 255
L 66.0000, 1336.0000, 58.0000,  0.0000, 1372.0000, 56.0000,  0, 0, 255
L 0.0000, 1372.0000, 56.0000,  -50.0000, 1382.0000, 52.0000,  0, 0, 255
L -50.0000, 1382.0000, 52.0000,  -82.0000, 1343.0000, 52.0000,  0, 0, 255
L -82.0000, 1343.0000, 52.0000,  -194.0000, 1335.0000, 49.0000,  0, 0, 255
L -194.0000, 1335.0000, 49.0000,  -385.0000, 1334.0000, 49.0000,  0, 0, 255
L -385.0000, 1334.0000, 49.0000,  -437.0000, 1332.0000, 49.0000,  0, 0, 255
L -437.0000, 1332.0000, 49.0000,  -460.0000, 1326.0000, 49.0000,  0, 0, 255
L -460.0000, 1326.0000, 49.0000,  -495.0000, 1274.0000, 48.0000,  0, 0, 255
L -495.0000, 1274.0000, 48.0000,  -572.0000, 1220.0000, 50.0000,  0, 0, 255
L -572.0000, 1220.0000, 50.0000,  -639.0000, 1177.0000, 51.0000,  0, 0, 255
L -639.0000, 1177.0000, 51.0000,  -697.0000, 1108.0000, 52.0000,  0, 0, 255
L -697.0000, 1108.0000, 52.0000,  -726.0000, 1087.0000, 52.0000,  0, 0, 255
L -726.0000, 1087.0000, 52.0000,  -793.0000, 1047.0000, 53.0000,  0, 0, 255
L -793.0000, 1047.0000, 53.0000,  -975.0000, 1033.0000, 52.0000,  0, 0, 255
L -975.0000, 1033.0000, 52.0000,  -1032.0000, 1021.0000, 52.0000,  0, 0, 255
L -1032.0000, 1021.0000, 52.0000,  -1084.0000, 997.0000, 58.0000,  0, 0, 255
L -1084.0000, 997.0000, 58.0000,  -1195.0000, 987.0000, 58.0000,  0, 0, 255
L -1195.0000, 987.0000, 58.0000,  -1213.0000, 990.0000, 62.0000,  0, 0, 255
L -1213.0000, 990.0000, 62.0000,  -1225.0000, 1006.0000, 63.0000,  0, 0, 255
L -1225.0000, 1006.0000, 63.0000,  -1252.0000, 984.0000, 63.0000,  0, 0, 255
L -1252.0000, 984.0000, 63.0000,  -1283.0000, 986.0000, 63.0000,  0, 0, 255
L -1283.0000, 986.0000, 63.0000,  -1320.0000, 966.0000, 63.0000,  0, 0, 255
L -1320.0000, 966.0000, 63.0000,  -1345.0000, 880.0000, 63.0000,  0, 0, 255
L -1345.0000, 880.0000, 63.0000,  -1302.0000, 823.0000, 62.0000,  0, 0, 255
L -1302.0000, 823.0000, 62.0000,  -1243.0000, 787.0000, 62.0000,  0, 0, 255
L -1243.0000, 787.0000, 62.0000,  -1189.0000, 766.0000, 62.0000,  0, 0, 255
L -1189.0000, 766.0000, 62.0000,  -1045.0000, 727.0000, 63.0000,  0, 0, 255
L -1045.0000, 727.0000, 63.0000,  -1005.0000, 711.0000, 62.0000,  0, 0, 255
L -1005.0000, 711.0000, 62.0000,  -901.0000, 681.0000, 63.0000,  0, 0, 255
L -901.0000, 681.0000, 63.0000,  -788.0000, 690.0000, 62.0000,  0, 0, 255
L -788.0000, 690.0000, 62.0000,  -704.0000, 699.0000, 63.0000,  0, 0, 255
L -704.0000, 699.0000, 63.0000,  -570.0000, 698.0000, 62.0000,  0, 0, 255
L -570.0000, 698.0000, 62.0000,  -416.0000, 713.0000, 63.0000,  0, 0, 255
L -416.0000, 713.0000, 63.0000,  -396.0000, 711.0000, 62.0000,  0, 0, 255
L -396.0000, 711.0000, 62.0000,  -332.0000, 695.0000, 63.0000,  0, 0, 255
L -332.0000, 695.0000, 63.0000,  -253.0000, 698.0000, 62.0000,  0, 0, 255
L -253.0000, 698.0000, 62.0000,  -180.0000, 732.0000, 62.0000,  0, 0, 255
L -180.0000, 732.0000, 62.0000,  -138.0000, 751.0000, 63.0000,  0, 0, 255
L -138.0000, 751.0000, 63.0000,  -4.0000, 749.0000, 62.0000,  0, 0, 255
L -4.0000, 749.0000, 62.0000,  44.0000, 719.0000, 62.0000,  0, 0, 255
L 44.0000, 719.0000, 62.0000,  58.0000, 703.0000, 62.0000,  0, 0, 255
L 58.0000, 703.0000, 62.0000,  155.0000, 696.0000, 62.0000,  0, 0, 255
L 155.0000, 696.0000, 62.0000,  216.0000, 706.0000, 63.0000,  0, 0, 255
L 216.0000, 706.0000, 63.0000,  268.0000, 728.0000, 62.0000,  0, 0, 255
L 268.0000, 728.0000, 62.0000,  368.0000, 722.0000, 62.0000,  0, 0, 255
L 368.0000, 722.0000, 62.0000,  443.0000, 701.0000, 62.0000,  0, 0, 255
L 443.0000, 701.0000, 62.0000,  571.0000, 704.0000, 63.0000,  0, 0, 255
L 571.0000, 704.0000, 63.0000,  647.0000, 700.0000, 62.0000,  0, 0, 255
L 647.0000, 700.0000, 62.0000,  733.0000, 670.0000, 62.0000,  0, 0, 255
L 733.0000, 670.0000, 62.0000,  801.0000, 640.0000, 62.0000,  0, 0, 255
L 801.0000, 640.0000, 62.0000,  867.0000, 597.0000, 63.0000,  0, 0, 255
L 867.0000, 597.0000, 63.0000,  913.0000, 554.0000, 62.0000,  0, 0, 255
L 913.0000, 554.0000, 62.0000,  972.0000, 478.0000, 62.0000,  0, 0, 255
L 972.0000, 478.0000, 62.0000,  1029.0000, 392.0000, 62.0000,  0, 0, 255
L 1029.0000, 392.0000, 62.0000,  1091.0000, 274.0000, 63.0000,  0, 0, 255
L 1091.0000, 274.0000, 63.0000,  1106.0000, 198.0000, 62.0000,  0, 0, 255
L 1106.0000, 198.0000, 62.0000,  1110.0000, 145.0000, 62.0000,  0, 0, 255
L 1110.0000, 145.0000, 62.0000,  1134.0000, 93.0000, 63.0000,  0, 0, 255
L 1134.0000, 93.0000, 63.0000,  1165.0000, -22.0000, 62.0000,  0, 0, 255
L 1165.0000, -22.0000, 62.0000,  1170.0000, -58.0000, 62.0000,  0, 0, 255
L 1170.0000, -58.0000, 62.0000,  1206.0000, -104.0000, 62.0000,  0, 0, 255
L 1206.0000, -104.0000, 62.0000,  1222.0000, -140.0000, 62.0000,  0, 0, 255
L 1222.0000, -140.0000, 62.0000,  1269.0000, -196.0000, 61.0000,  0, 0, 255
L 1269.0000, -196.0000, 61.0000,  1334.0000, -244.0000, 62.0000,  0, 0, 255
L 1334.0000, -244.0000, 62.0000,  1382.0000, -309.0000, 62.0000,  0, 0, 255
L 1382.0000, -309.0000, 62.0000,  1438.0000, -363.0000, 62.0000,  0, 0, 255
L 1438.0000, -363.0000, 62.0000,  1461.0000, -415.0000, 62.0000,  0, 0, 255
L 1461.0000, -415.0000, 62.0000,  1486.0000, -465.0000, 62.0000,  0, 0, 255
L 1486.0000, -465.0000, 62.0000,  1531.0000, -526.0000, 62.0000,  0, 0, 255
L 1531.0000, -526.0000, 62.0000,  1540.0000, -577.0000, 62.0000,  0, 0, 255
L 1540.0000, -577.0000, 62.0000,  1509.0000, -625.0000, 62.0000,  0, 0, 255
L 1509.0000, -625.0000, 62.0000,  1467.0000, -665.0000, 62.0000,  0, 0, 255
L 1467.0000, -665.0000, 62.0000,  1399.0000, -692.0000, 62.0000,  0, 0, 255
L 1399.0000, -692.0000, 62.0000,  1311.0000, -697.0000, 62.0000,  0, 0, 255
L 1311.0000, -697.0000, 62.0000,  1241.0000, -703.0000, 62.0000,  0, 0, 255
L 1241.0000, -703.0000, 62.0000,  1182.0000, -718.0000, 62.0000,  0, 0, 255
L 1182.0000, -718.0000, 62.0000,  1123.0000, -759.0000, 62.0000,  0, 0, 255
L 1123.0000, -759.0000, 62.0000,  1097.0000, -810.0000, 62.0000,  0, 0, 255
L 1097.0000, -810.0000, 62.0000,  1073.0000, -862.0000, 62.0000,  0, 0, 255
L 1073.0000, -862.0000, 62.0000,  1056.0000, -946.0000, 62.0000,  0, 0, 255
L 1056.0000, -946.0000, 62.0000,  1036.0000, -998.0000, 62.0000,  0, 0, 255
L 1036.0000, -998.0000, 62.0000,  1006.0000, -1056.0000, 62.0000,  0, 0, 255
L 1006.0000, -1056.0000, 62.0000,  950.0000, -1141.0000, 62.0000,  0, 0, 255
L 950.0000, -1141.0000, 62.0000,  911.0000, -1132.0000, 59.0000,  0, 0, 255
L 911.0000, -1132.0000, 59.0000,  819.0000, -1141.0000, 59.0000,  0, 0, 255
L 819.0000, -1141.0000, 59.0000,  680.0000, -1162.0000, 59.0000,  0, 0, 255
L 680.0000, -1162.0000, 59.0000,  643.0000, -1166.0000, 59.0000,  0, 0, 255
L 643.0000, -1166.0000, 59.0000,  535.0000, -1254.0000, 59.0000,  0, 0, 255
L 535.0000, -1254.0000, 59.0000,  408.0000, -1349.0000, 59.0000,  0, 0, 255
L 408.0000, -1349.0000, 59.0000,  358.0000, -1371.0000, 59.0000,  0, 0, 255
L 358.0000, -1371.0000, 59.0000,  325.0000, -1389.0000, 59.0000,  0, 0, 255
L 325.0000, -1389.0000, 59.0000,  267.0000, -1408.0000, 59.0000,  0, 0, 255
L 267.0000, -1408.0000, 59.0000,  260.0000, -1388.0000, 59.0000,  0, 0, 255
L 260.0000, -1388.0000, 59.0000,  227.0000, -1366.0000, 59.0000,  0, 0, 255
L 227.0000, -1366.0000, 59.0000,  187.0000, -1370.0000, 59.0000,  0, 0, 255
L 187.0000, -1370.0000, 59.0000,  142.0000, -1402.0000, 59.0000,  0, 0, 255
L 142.0000, -1402.0000, 59.0000,  90.0000, -1413.0000, 60.0000,  0, 0, 255
L 90.0000, -1413.0000, 60.0000,  18.0000, -1390.0000, 58.0000,  0, 0, 255
L 18.0000, -1390.0000, 58.0000,  -33.0000, -1404.0000, 57.0000,  0, 0, 255
L -33.0000, -1404.0000, 57.0000,  -87.0000, -1412.0000, 57.0000,  0, 0, 255
L -87.0000, -1412.0000, 57.0000,  -116.0000, -1387.0000, 57.0000,  0, 0, 255
L -116.0000, -1387.0000, 57.0000,  -158.0000, -1356.0000, 57.0000,  0, 0, 255
L -158.0000, -1356.0000, 57.0000,  -212.0000, -1352.0000, 56.0000,  0, 0, 255
L -212.0000, -1352.0000, 56.0000,  -290.0000, -1362.0000, 56.0000,  0, 0, 255
L -290.0000, -1362.0000, 56.0000,  -400.0000, -1361.0000, 56.0000,  0, 0, 255
L -400.0000, -1361.0000, 56.0000,  -509.0000, -1363.0000, 56.0000,  0, 0, 255
L -509.0000, -1363.0000, 56.0000,  -626.0000, -1363.0000, 56.0000,  0, 0, 255
L -626.0000, -1363.0000, 56.0000,  -701.0000, -1362.0000, 56.0000,  0, 0, 255
L -701.0000, -1362.0000, 56.0000,  -715.0000, -1347.0000, 56.0000,  0, 0, 255
L -715.0000, -1347.0000, 56.0000,  -747.0000, -1318.0000, 56.0000,  0, 0, 255
L -747.0000, -1318.0000, 56.0000,  -771.0000, -1314.0000, 56.0000,  0, 0, 255
L -771.0000, -1314.0000, 56.0000,  -839.0000, -1315.0000, 57.0000,  0, 0, 255
L -839.0000, -1315.0000, 57.0000,  -946.0000, -1308.0000, 56.0000,  0, 0, 255
L -946.0000, -1308.0000, 56.0000,  -967.0000, -1269.0000, 56.0000,  0, 0, 255
L -967.0000, -1269.0000, 56.0000,  -989.0000, -1264.0000, 57.0000,  0, 0, 255
L -989.0000, -1264.0000, 57.0000,  -1050.0000, -1263.0000, 57.0000,  0, 0, 255
L -1050.0000, -1263.0000, 57.0000,  -1176.0000, -1264.0000, 56.0000,  0, 0, 255
L -1176.0000, -1264.0000, 56.0000,  -1213.0000, -1240.0000, 56.0000,  0, 0, 255
L -1213.0000, -1240.0000, 56.0000,  -1238.0000, -1238.0000, 56.0000,  0, 0, 255
L -1238.0000, -1238.0000, 56.0000,  -1290.0000, -1255.0000, 55.0000,  0, 0, 255
L -1290.0000, -1255.0000, 55.0000,  -1319.0000, -1254.0000, 55.0000,  0, 0, 255
L -1319.0000, -1254.0000, 55.0000,  -1342.0000, -1214.0000, 55.0000,  0, 0, 255
L -1342.0000, -1214.0000, 55.0000,  -1381.0000, -1212.0000, 55.0000,  0, 0, 255
L -1381.0000, -1212.0000, 55.0000,  -1421.0000, -1178.0000, 55.0000,  0, 0, 255
L -1421.0000, -1178.0000, 55.0000,  -1467.0000, -1155.0000, 55.0000,  0, 0, 255
L -1467.0000, -1155.0000, 55.0000,  -1590.0000, -1161.0000, 55.0000,  0, 0, 255
L -1590.0000, -1161.0000, 55.0000,  -1619.0000, -1123.0000, 56.0000,  0, 0, 255
L -1619.0000, -1123.0000, 56.0000,  -1645.0000, -1112.0000, 56.0000,  0, 0, 255
L -1645.0000, -1112.0000, 56.0000,  -1704.0000, -1114.0000, 56.0000,  0, 0, 255
L -1704.0000, -1114.0000, 56.0000,  -1740.0000, -1104.0000, 56.0000,  0, 0, 255
L -1740.0000, -1104.0000, 56.0000,  -1764.0000, -1024.0000, 56.0000,  0, 0, 255
L -1764.0000, -1024.0000, 56.0000,  -1782.0000, -1006.0000, 56.0000,  0, 0, 255
L -1782.0000, -1006.0000, 56.0000,  -1808.0000, -983.0000, 56.0000,  0, 0, 255
L -1808.0000, -983.0000, 56.0000,  -1816.0000, -965.0000, 56.0000,  0, 0, 255
L -1816.0000, -965.0000, 56.0000,  -1832.0000, -953.0000, 56.0000,  0, 0, 255
L -1832.0000, -953.0000, 56.0000,  -1851.0000, -947.0000, 56.0000,  0, 0, 255
L -1851.0000, -947.0000, 56.0000,  -1877.0000, -915.0000, 56.0000,  0, 0, 255
L -1877.0000, -915.0000, 56.0000,  -2005.0000, -910.0000, 56.0000,  0, 0, 255
L -855.0000, 631.0000, 4038.0000,  -855.0000, 631.0000, 404.0000,  153, 153, 153
L -855.0000, 631.0000, 404.0000,  -875.0000, 614.0000, 403.0000,  153, 153, 153
L -875.0000, 614.0000, 403.0000,  -907.0000, 614.0000, 404.0000,  153, 153, 153
L -907.0000, 614.0000, 404.0000,  -928.0000, 632.0000, 403.0000,  153, 153, 153
L -928.0000, 632.0000, 403.0000,  -930.0000, 639.0000, 403.0000,  153, 153, 153
L -930.0000, 639.0000, 403.0000,  -933.0000, 654.0000, 403.0000,  153, 153, 153
L -933.0000, 654.0000, 403.0000,  -927.0000, 684.0000, 403.0000,  153, 153, 153
L -927.0000, 684.0000, 403.0000,  -917.0000, 693.0000, 403.0000,  153, 153, 153
L -917.0000, 693.0000, 403.0000,  -900.0000, 699.0000, 403.0000,  153, 153, 153
L -900.0000, 699.0000, 403.0000,  -913.0000, 773.0000, 379.0000,  153, 153, 153
L -913.0000, 773.0000, 379.0000,  -913.0000, 785.0000, 378.0000,  153, 153, 153
L -913.0000, 785.0000, 378.0000,  -862.0000, 785.0000, 378.0000,  153, 153, 153
L -862.0000, 785.0000, 378.0000,  -863.0000, 767.0000, 378.0000,  153, 153, 153
L -863.0000, 767.0000, 378.0000,  -869.0000, 739.0000, 367.0000,  153, 153, 153
L -869.0000, 739.0000, 367.0000,  -909.0000, 738.0000, 358.0000,  153, 153, 153
L -909.0000, 738.0000, 358.0000,  -916.0000, 762.0000, 356.0000,  153, 153, 153
L -916.0000, 762.0000, 356.0000,  -922.0000, 792.0000, 342.0000,  153, 153, 153
L -922.0000, 792.0000, 342.0000,  -901.0000, 793.0000, 343.0000,  153, 153, 153
L -901.0000, 793.0000, 343.0000,  -902.0000, 929.0000, 319.0000,  153, 153, 153
L -902.0000, 929.0000, 319.0000,  -967.0000, 931.0000, 297.0000,  153, 153, 153
L -962.0000, 950.0000, 2970.0000,  -962.0000, 950.0000, 297.0000,  153, 153, 153
L -962.0000, 950.0000, 297.0000,  -820.0000, 947.0000, 298.0000,  153, 153, 153
L -819.0000, 929.0000, 2982.0000,  -819.0000, 929.0000, 299.0000,  153, 153, 153
L -819.0000, 929.0000, 299.0000,  -888.0000, 929.0000, 318.0000,  153, 153, 153
L -888.0000, 929.0000, 318.0000,  -889.0000, 799.0000, 340.0000,  153, 153, 153
L -889.0000, 799.0000, 340.0000,  -889.0000, 783.0000, 340.0000,  153, 153, 153
L -889.0000, 783.0000, 340.0000,  -906.0000, 783.0000, 343.0000,  153, 153, 153
L -906.0000, 783.0000, 343.0000,  -904.0000, 755.0000, 358.0000,  153, 153, 153
L -904.0000, 755.0000, 358.0000,  -881.0000, 752.0000, 366.0000,  153, 153, 153
L -881.0000, 752.0000, 366.0000,  -874.0000, 772.0000, 378.0000,  153, 153, 153
L -874.0000, 772.0000, 378.0000,  -900.0000, 774.0000, 378.0000,  153, 153, 153
L -900.0000, 774.0000, 378.0000,  -882.0000, 720.0000, 403.0000,  153, 153, 153
L -882.0000, 720.0000, 403.0000,  -882.0000, 702.0000, 403.0000,  153, 153, 153
L -882.0000, 702.0000, 403.0000,  -879.0000, 699.0000, 403.0000,  153, 153, 153
L -879.0000, 699.0000, 403.0000,  -872.0000, 699.0000, 404.0000,  153, 153, 153
L -872.0000, 699.0000, 404.0000,  -854.0000, 681.0000, 403.0000,  153, 153, 153
L -854.0000, 681.0000, 403.0000,  -847.0000, 658.0000, 403.0000,  153, 153, 153
L -847.0000, 658.0000, 403.0000,  -855.0000, 631.0000, 403.0000,  153, 153, 153
L 1634.0000, 1047.0000, 2980.0000,  1634.0000, 1047.0000, 298.0000,  153, 153, 153
L 1634.0000, 1047.0000, 298.0000,  1624.0000, 1019.0000, 297.0000,  153, 153, 153
L 1624.0000, 1019.0000, 297.0000,  1610.0000, 1005.0000, 297.0000,  153, 153, 153
L 1610.0000, 1005.0000, 297.0000,  1598.0000, 999.0000, 297.0000,  153, 153, 153
L 1598.0000, 999.0000, 297.0000,  1595.0000, 1008.0000, 297.0000,  153, 153, 153
L 1595.0000, 1008.0000, 297.0000,  1580.0000, 1007.0000, 297.0000,  153, 153, 153
L 1580.0000, 1007.0000, 297.0000,  1579.0000, 995.0000, 297.0000,  153, 153, 153
L 1579.0000, 995.0000, 297.0000,  1565.0000, 995.0000, 297.0000,  153, 153, 153
L 1565.0000, 995.0000, 297.0000,  1544.0000, 1004.0000, 297.0000,  153, 153, 153
L 1544.0000, 1004.0000, 297.0000,  1528.0000, 1020.0000, 297.0000,  153, 153, 153
L 1528.0000, 1020.0000, 297.0000,  1523.0000, 1036.0000, 297.0000,  153, 153, 153
L 1523.0000, 1036.0000, 297.0000,  1516.0000, 1037.0000, 297.0000,  153, 153, 153
L 1516.0000, 1037.0000, 297.0000,  1523.0000, 1014.0000, 297.0000,  153, 153, 153
L 1523.0000, 1014.0000, 297.0000,  1539.0000, 997.0000, 297.0000,  153, 153, 153
L 1539.0000, 997.0000, 297.0000,  1563.0000, 988.0000, 297.0000,  153, 153, 153
L 1563.0000, 988.0000, 297.0000,  1591.0000, 988.0000, 297.0000,  153, 153, 153
L 1591.0000, 988.0000, 297.0000,  1613.0000, 997.0000, 297.0000,  153, 153, 153
L 1613.0000, 997.0000, 297.0000,  1631.0000, 1014.0000, 297.0000,  153, 153, 153
L 1631.0000, 1014.0000, 297.0000,  1641.0000, 1035.0000, 297.0000,  153, 153, 153
L 1641.0000, 1035.0000, 297.0000,  1643.0000, 1048.0000, 298.0000,  153, 153, 153
L 1643.0000, 1048.0000, 298.0000,  1649.0000, 1050.0000, 297.0000,  153, 153, 153
L 1649.0000, 1050.0000, 297.0000,  1647.0000, 1081.0000, 297.0000,  153, 153, 153
L 1647.0000, 1081.0000, 297.0000,  1636.0000, 1082.0000, 297.0000,  153, 153, 153
L 1636.0000, 1082.0000, 297.0000,  1633.0000, 1089.0000, 297.0000,  153, 153, 153
L 1633.0000, 1089.0000, 297.0000,  1614.0000, 1108.0000, 297.0000,  153, 153, 153
L 1614.0000, 1108.0000, 297.0000,  1588.0000, 1118.0000, 297.0000,  153, 153, 153
L 1588.0000, 1118.0000, 297.0000,  1565.0000, 1118.0000, 297.0000,  153, 153, 153
L 1565.0000, 1118.0000, 297.0000,  1539.0000, 1108.0000, 297.0000,  153, 153, 153
L 1539.0000, 1108.0000, 297.0000,  1523.0000, 1091.0000, 297.0000,  153, 153, 153
L 1523.0000, 1091.0000, 297.0000,  1512.0000, 1067.0000, 297.0000,  153, 153, 153
L 1512.0000, 1067.0000, 297.0000,  1511.0000, 1060.0000, 297.0000,  153, 153, 153
L 1511.0000, 1060.0000, 297.0000,  1510.0000, 1045.0000, 298.0000,  153, 153, 153
L 1510.0000, 1045.0000, 298.0000,  1519.0000, 1045.0000, 297.0000,  153, 153, 153
L 1519.0000, 1045.0000, 297.0000,  1519.0000, 1065.0000, 297.0000,  153, 153, 153
L 1519.0000, 1065.0000, 297.0000,  1529.0000, 1086.0000, 297.0000,  153, 153, 153
L 1529.0000, 1086.0000, 297.0000,  1545.0000, 1101.0000, 297.0000,  153, 153, 153
L 1545.0000, 1101.0000, 297.0000,  1557.0000, 1107.0000, 297.0000,  153, 153, 153
L 1557.0000, 1107.0000, 297.0000,  1558.0000, 1099.0000, 297.0000,  153, 153, 153
L 1558.0000, 1099.0000, 297.0000,  1577.0000, 1099.0000, 297.0000,  153, 153, 153
L 1577.0000, 1099.0000, 297.0000,  1575.0000, 1110.0000, 297.0000,  153, 153, 153
L 1575.0000, 1110.0000, 297.0000,  1590.0000, 1109.0000, 297.0000,  153, 153, 153
L 1590.0000, 1109.0000, 297.0000,  1610.0000, 1101.0000, 297.0000,  153, 153, 153
L 1610.0000, 1101.0000, 297.0000,  1623.0000, 1088.0000, 297.0000,  153, 153, 153
L 1623.0000, 1088.0000, 297.0000,  1627.0000, 1082.0000, 297.0000,  153, 153, 153
L 1627.0000, 1082.0000, 297.0000,  1616.0000, 1078.0000, 297.0000,  153, 153, 153
L 1616.0000, 1078.0000, 297.0000,  1615.0000, 1066.0000, 297.0000,  153, 153, 153
L 1615.0000, 1066.0000, 297.0000,  1622.0000, 1068.0000, 297.0000,  153, 153, 153
L 1622.0000, 1068.0000, 297.0000,  1621.0000, 1072.0000, 297.0000,  153, 153, 153
L 1621.0000, 1072.0000, 297.0000,  1642.0000, 1076.0000, 297.0000,  153, 153, 153
L 1642.0000, 1076.0000, 297.0000,  1646.0000, 1056.0000, 297.0000,  153, 153, 153
L 1646.0000, 1056.0000, 297.0000,  1625.0000, 1052.0000, 297.0000,  153, 153, 153
L 1625.0000, 1052.0000, 297.0000,  1622.0000, 1058.0000, 297.0000,  153, 153, 153
L 1622.0000, 1058.0000, 297.0000,  1618.0000, 1056.0000, 297.0000,  153, 153, 153
L 1618.0000, 1056.0000, 297.0000,  1618.0000, 1047.0000, 297.0000,  153, 153, 153
L 1618.0000, 1047.0000, 297.0000,  1634.0000, 1047.0000, 297.0000,  153, 153, 153
L 1608.0000, -61.0000, 960.0000,  1608.0000, -61.0000, 95.0000,  153, 153, 153
L 1608.0000, -61.0000, 95.0000,  1609.0000, -263.0000, 178.0000,  153, 153, 153
L 1609.0000, -263.0000, 178.0000,  1612.0000, -342.0000, 178.0000,  153, 153, 153
L 1612.0000, -342.0000, 178.0000,  1632.0000, -562.0000, 267.0000,  153, 153, 153
L 1632.0000, -562.0000, 267.0000,  1643.0000, -667.0000, 286.0000,  153, 153, 153
L 1643.0000, -667.0000, 286.0000,  1648.0000, -820.0000, 308.0000,  153, 153, 153
L 1647.0000, -123.0000, 1229.0000,  1647.0000, -123.0000, 122.0000,  153, 153, 153
L 1647.0000, -123.0000, 122.0000,  1651.0000, -161.0000, 136.0000,  153, 153, 153
L 1651.0000, -161.0000, 136.0000,  1665.0000, -257.0000, 177.0000,  153, 153, 153
L 1665.0000, -257.0000, 177.0000,  1664.0000, -315.0000, 178.0000,  153, 153, 153
L 1664.0000, -315.0000, 178.0000,  1670.0000, -373.0000, 187.0000,  153, 153, 153
L 1670.0000, -373.0000, 187.0000,  1675.0000, -416.0000, 203.0000,  153, 153, 153
L 1675.0000, -416.0000, 203.0000,  1682.0000, -459.0000, 222.0000,  153, 153, 153
L 1682.0000, -459.0000, 222.0000,  1695.0000, -546.0000, 260.0000,  153, 153, 153
L 1695.0000, -546.0000, 260.0000,  1698.0000, -559.0000, 266.0000,  153, 153, 153
L 1698.0000, -559.0000, 266.0000,  1714.0000, -647.0000, 283.0000,  153, 153, 153
L 1714.0000, -647.0000, 283.0000,  1676.0000, -696.0000, 295.0000,  153, 153, 153
L 1676.0000, -696.0000, 295.0000,  1665.0000, -756.0000, 303.0000,  153, 153, 153
L 1665.0000, -756.0000, 303.0000,  1662.0000, -770.0000, 303.0000,  153, 153, 153
L 1662.0000, -770.0000, 303.0000,  1663.0000, -799.0000, 308.0000,  153, 153, 153
L 799.0000, -1167.0000, 1804.0000,  799.0000, -1167.0000, 180.0000,  153, 153, 153
L 799.0000, -1167.0000, 180.0000,  883.0000, -1186.0000, 197.0000,  153, 153, 153
L 883.0000, -1186.0000, 197.0000,  1078.0000, -1104.0000, 224.0000,  153, 153, 153
L 1078.0000, -1104.0000, 224.0000,  1243.0000, -1086.0000, 242.0000,  153, 153, 153
L 1243.0000, -1086.0000, 242.0000,  1362.0000, -1076.0000, 237.0000,  153, 153, 153
L 1362.0000, -1076.0000, 237.0000,  1533.0000, -1006.0000, 285.0000,  153, 153, 153
L 1533.0000, -1006.0000, 285.0000,  1611.0000, -976.0000, 341.0000,  153, 153, 153
L 1611.0000, -976.0000, 341.0000,  1706.0000, -887.0000, 388.0000,  153, 153, 153
L 1706.0000, -887.0000, 388.0000,  1757.0000, -824.0000, 389.0000,  153, 153, 153
L 1757.0000, -824.0000, 389.0000,  1820.0000, -745.0000, 401.0000,  153, 153, 153
L 1820.0000, -745.0000, 401.0000,  1850.0000, -565.0000, 386.0000,  153, 153, 153
L 1850.0000, -565.0000, 386.0000,  1867.0000, -393.0000, 375.0000,  153, 153, 153
L 1867.0000, -393.0000, 375.0000,  1867.0000, -221.0000, 368.0000,  153, 153, 153
L 1867.0000, -221.0000, 368.0000,  1867.0000, -12.0000, 357.0000,  153, 153, 153
L 1867.0000, -12.0000, 357.0000,  1865.0000, 453.0000, 341.0000,  153, 153, 153
L 1865.0000, 453.0000, 341.0000,  1821.0000, 634.0000, 349.0000,  153, 153, 153
L 1821.0000, 634.0000, 349.0000,  1772.0000, 836.0000, 333.0000,  153, 153, 153
L 1772.0000, 836.0000, 333.0000,  1746.0000, 945.0000, 342.0000,  153, 153, 153
L 1746.0000, 945.0000, 342.0000,  1706.0000, 1108.0000, 330.0000,  153, 153, 153
L 1706.0000, 1108.0000, 330.0000,  1649.0000, 1252.0000, 322.0000,  153, 153, 153
L 1649.0000, 1252.0000, 322.0000,  1554.0000, 1495.0000, 316.0000,  153, 153, 153
L 1554.0000, 1495.0000, 316.0000,  1546.0000, 1517.0000, 298.0000,  153, 153, 153
L 1546.0000, 1517.0000, 298.0000,  1486.0000, 1529.0000, 213.0000,  153, 153, 153
L 871.0000, -291.0000, -499.0000,  871.0000, -291.0000, -49.0000,  153, 153, 153
L 871.0000, -291.0000, -49.0000,  877.0000, -288.0000, -50.0000,  153, 153, 153
L 877.0000, -288.0000, -50.0000,  882.0000, -279.0000, -45.0000,  153, 153, 153
L 882.0000, -279.0000, -45.0000,  889.0000, -263.0000, -50.0000,  153, 153, 153
L 889.0000, -263.0000, -50.0000,  896.0000, -236.0000, -50.0000,  153, 153, 153
L 896.0000, -236.0000, -50.0000,  901.0000, -212.0000, -50.0000,  153, 153, 153
L 901.0000, -212.0000, -50.0000,  907.0000, -160.0000, -50.0000,  153, 153, 153
L 907.0000, -160.0000, -50.0000,  912.0000, -134.0000, -50.0000,  153, 153, 153
L 912.0000, -134.0000, -50.0000,  912.0000, -112.0000, -50.0000,  153, 153, 153
L 912.0000, -112.0000, -50.0000,  905.0000, -94.0000, -49.0000,  153, 153, 153
L 905.0000, -94.0000, -49.0000,  897.0000, -91.0000, -50.0000,  153, 153, 153
L 897.0000, -91.0000, -50.0000,  886.0000, -90.0000, -50.0000,  153, 153, 153
L 886.0000, -90.0000, -50.0000,  879.0000, -96.0000, -47.0000,  153, 153, 153
L 879.0000, -96.0000, -47.0000,  873.0000, -106.0000, -50.0000,  153, 153, 153
L 873.0000, -106.0000, -50.0000,  866.0000, -124.0000, -50.0000,  153, 153, 153
L 866.0000, -124.0000, -50.0000,  860.0000, -152.0000, -50.0000,  153, 153, 153
L 860.0000, -152.0000, -50.0000,  849.0000, -219.0000, -50.0000,  153, 153, 153
L 849.0000, -219.0000, -50.0000,  847.0000, -243.0000, -50.0000,  153, 153, 153
L 847.0000, -243.0000, -50.0000,  848.0000, -259.0000, -49.0000,  153, 153, 153
L 848.0000, -259.0000, -49.0000,  850.0000, -272.0000, -50.0000,  153, 153, 153
L 850.0000, -272.0000, -50.0000,  856.0000, -285.0000, -50.0000,  153, 153, 153
L 856.0000, -285.0000, -50.0000,  868.0000, -291.0000, -50.0000,  153, 153, 153
L 868.0000, -291.0000, -50.0000,  872.0000, -293.0000, -47.0000,  153, 153, 153
L 1451.0000, -1044.0000, 2686.0000,  1451.0000, -1044.0000, 268.0000,  0, 153, 0
L 1451.0000, -1044.0000, 268.0000,  1458.0000, -1039.0000, 267.0000,  0, 153, 0
L 1458.0000, -1039.0000, 267.0000,  1508.0000, -995.0000, 265.0000,  0, 153, 0
L 1508.0000, -995.0000, 265.0000,  1588.0000, -915.0000, 264.0000,  0, 153, 0
L 1588.0000, -915.0000, 264.0000,  1604.0000, -830.0000, 268.0000,  0, 153, 0
L 1604.0000, -830.0000, 268.0000,  1627.0000, -776.0000, 278.0000,  0, 153, 0
L 1627.0000, -776.0000, 278.0000,  1674.0000, -752.0000, 305.0000,  0, 153, 0
L 1674.0000, -752.0000, 305.0000,  1718.0000, -567.0000, 291.0000,  0, 153, 0
L 1718.0000, -567.0000, 291.0000,  1728.0000, -385.0000, 300.0000,  0, 153, 0
L 1728.0000, -385.0000, 300.0000,  1728.0000, -260.0000, 284.0000,  0, 153, 0
L 1728.0000, -260.0000, 284.0000,  1719.0000, -82.0000, 278.0000,  0, 153, 0
L 1719.0000, -82.0000, 278.0000,  1688.0000, 45.0000, 283.0000,  0, 153, 0
L 1688.0000, 45.0000, 283.0000,  1681.0000, 91.0000, 276.0000,  0, 153, 0
L 1681.0000, 91.0000, 276.0000,  1664.0000, 204.0000, 275.0000,  0, 153, 0
L 1664.0000, 204.0000, 275.0000,  1614.0000, 324.0000, 281.0000,  0, 153, 0
L 1614.0000, 324.0000, 281.0000,  1576.0000, 409.0000, 286.0000,  0, 153, 0
L 1576.0000, 409.0000, 286.0000,  1530.0000, 552.0000, 265.0000,  0, 153, 0
L 1530.0000, 552.0000, 265.0000,  1483.0000, 645.0000, 264.0000,  0, 153, 0
L 1483.0000, 645.0000, 264.0000,  1431.0000, 704.0000, 267.0000,  0, 153, 0
L 1431.0000, 704.0000, 267.0000,  1355.0000, 788.0000, 271.0000,  0, 153, 0
L 1355.0000, 788.0000, 271.0000,  1288.0000, 843.0000, 262.0000,  0, 153, 0
L 1288.0000, 843.0000, 262.0000,  1248.0000, 880.0000, 285.0000,  0, 153, 0
L 1248.0000, 880.0000, 285.0000,  1210.0000, 908.0000, 288.0000,  0, 153, 0
L 1210.0000, 908.0000, 288.0000,  1139.0000, 936.0000, 289.0000,  0, 153, 0
L 1139.0000, 936.0000, 289.0000,  1032.0000, 976.0000, 283.0000,  0, 153, 0
L 1032.0000, 976.0000, 283.0000,  951.0000, 1003.0000, 273.0000,  0, 153, 0
L 951.0000, 1003.0000, 273.0000,  810.0000, 1016.0000, 281.0000,  0, 153, 0
L 810.0000, 1016.0000, 281.0000,  628.0000, 1012.0000, 278.0000,  0, 153, 0
L 628.0000, 1012.0000, 278.0000,  500.0000, 1007.0000, 269.0000,  0, 153, 0
L 500.0000, 1007.0000, 269.0000,  360.0000, 985.0000, 281.0000,  0, 153, 0
L 360.0000, 985.0000, 281.0000,  326.0000, 961.0000, 277.0000,  0, 153, 0
L 326.0000, 961.0000, 277.0000,  261.0000, 914.0000, 277.0000,  0, 153, 0
L 261.0000, 914.0000, 277.0000,  242.0000, 898.0000, 281.0000,  0, 153, 0
L 242.0000, 898.0000, 281.0000,  120.0000, 945.0000, 259.0000,  0, 153, 0
L 120.0000, 945.0000, 259.0000,  50.0000, 958.0000, 272.0000,  0, 153, 0
L 50.0000, 958.0000, 272.0000,  13.0000, 955.0000, 271.0000,  0, 153, 0
L 13.0000, 955.0000, 271.0000,  -75.0000, 927.0000, 279.0000,  0, 153, 0
L -75.0000, 927.0000, 279.0000,  -125.0000, 920.0000, 276.0000,  0, 153, 0
L -125.0000, 920.0000, 276.0000,  -250.0000, 919.0000, 277.0000,  0, 153, 0
L -250.0000, 919.0000, 277.0000,  -342.0000, 899.0000, 262.0000,  0, 153, 0
L -342.0000, 899.0000, 262.0000,  -379.0000, 938.0000, 255.0000,  0, 153, 0
L -379.0000, 938.0000, 255.0000,  -398.0000, 946.0000, 261.0000,  0, 153, 0
L -398.0000, 946.0000, 261.0000,  -491.0000, 949.0000, 263.0000,  0, 153, 0
L -491.0000, 949.0000, 263.0000,  -633.0000, 901.0000, 266.0000,  0, 153, 0
L -633.0000, 901.0000, 266.0000,  -638.0000, 903.0000, 266.0000,  0, 153, 0
L -638.0000, 903.0000, 266.0000,  -698.0000, 899.0000, 263.0000,  0, 153, 0
L -698.0000, 899.0000, 263.0000,  -750.0000, 872.0000, 278.0000,  0, 153, 0
L -750.0000, 872.0000, 278.0000,  -791.0000, 866.0000, 273.0000,  0, 153, 0
L -791.0000, 866.0000, 273.0000,  -889.0000, 858.0000, 296.0000,  0, 153, 0
L -889.0000, 858.0000, 296.0000,  -998.0000, 855.0000, 297.0000,  0, 153, 0
L -998.0000, 855.0000, 297.0000,  -1013.0000, 902.0000, 297.0000,  0, 153, 0
L -1013.0000, 902.0000, 297.0000,  -1088.0000, 888.0000, 291.0000,  0, 153, 0
L -1088.0000, 888.0000, 291.0000,  -1136.0000, 893.0000, 288.0000,  0, 153, 0
L -1136.0000, 893.0000, 288.0000,  -1216.0000, 906.0000, 276.0000,  0, 153, 0
L -1216.0000, 906.0000, 276.0000,  -1290.0000, 912.0000, 281.0000,  0, 153, 0
L -1290.0000, 912.0000, 281.0000,  -1294.0000, 923.0000, 278.0000,  0, 153, 0
L -1294.0000, 923.0000, 278.0000,  -1249.0000, 948.0000, 274.0000,  0, 153, 0
L -1249.0000, 948.0000, 274.0000,  -1135.0000, 938.0000, 291.0000,  0, 153, 0
L -1135.0000, 938.0000, 291.0000,  -1058.0000, 945.0000, 297.0000,  0, 153, 0
L -1058.0000, 945.0000, 297.0000,  -915.0000, 961.0000, 288.0000,  0, 153, 0
L -915.0000, 961.0000, 288.0000,  -814.0000, 970.0000, 283.0000,  0, 153, 0
L -814.0000, 970.0000, 283.0000,  -725.0000, 1016.0000, 291.0000,  0, 153, 0
L -725.0000, 1016.0000, 291.0000,  -661.0000, 1069.0000, 278.0000,  0, 153, 0
L -661.0000, 1069.0000, 278.0000,  -573.0000, 1153.0000, 274.0000,  0, 153, 0
L -573.0000, 1153.0000, 274.0000,  -508.0000, 1195.0000, 262.0000,  0, 153, 0
L -508.0000, 1195.0000, 262.0000,  -475.0000, 1215.0000, 262.0000,  0, 153, 0
L -475.0000, 1215.0000, 262.0000,  -459.0000, 1242.0000, 263.0000,  0, 153, 0
L -459.0000, 1242.0000, 263.0000,  -472.0000, 1261.0000, 266.0000,  0, 153, 0
L -472.0000, 1261.0000, 266.0000,  -477.0000, 1301.0000, 267.0000,  0, 153, 0
L -477.0000, 1301.0000, 267.0000,  -464.0000, 1306.0000, 267.0000,  0, 153, 0
L -464.0000, 1306.0000, 267.0000,  -412.0000, 1294.0000, 264.0000,  0, 153, 0
L -412.0000, 1294.0000, 264.0000,  -333.0000, 1295.0000, 263.0000,  0, 153, 0
L -333.0000, 1295.0000, 263.0000,  -231.0000, 1290.0000, 271.0000,  0, 153, 0
L -231.0000, 1290.0000, 271.0000,  -109.0000, 1294.0000, 264.0000,  0, 153, 0
L -109.0000, 1294.0000, 264.0000,  -10.0000, 1290.0000, 267.0000,  0, 153, 0
L -10.0000, 1290.0000, 267.0000,  39.0000, 1263.0000, 282.0000,  0, 153, 0
L 39.0000, 1263.0000, 282.0000,  93.0000, 1241.0000, 289.0000,  0, 153, 0
L 93.0000, 1241.0000, 289.0000,  174.0000, 1239.0000, 305.0000,  0, 153, 0
L 174.0000, 1239.0000, 305.0000,  209.0000, 1234.0000, 300.0000,  0, 153, 0
L 209.0000, 1234.0000, 300.0000,  386.0000, 1225.0000, 292.0000,  0, 153, 0
L 386.0000, 1225.0000, 292.0000,  492.0000, 1232.0000, 273.0000,  0, 153, 0
L 492.0000, 1232.0000, 273.0000,  678.0000, 1237.0000, 270.0000,  0, 153, 0
L 678.0000, 1237.0000, 270.0000,  709.0000, 1246.0000, 289.0000,  0, 153, 0
L 709.0000, 1246.0000, 289.0000,  707.0000, 1284.0000, 289.0000,  0, 153, 0
L 707.0000, 1284.0000, 289.0000,  737.0000, 1290.0000, 289.0000,  0, 153, 0
L 737.0000, 1290.0000, 289.0000,  754.0000, 1278.0000, 288.0000,  0, 153, 0
L 754.0000, 1278.0000, 288.0000,  765.0000, 1259.0000, 288.0000,  0, 153, 0
L 765.0000, 1259.0000, 288.0000,  840.0000, 1235.0000, 279.0000,  0, 153, 0
L 840.0000, 1235.0000, 279.0000,  896.0000, 1245.0000, 297.0000,  0, 153, 0
L 896.0000, 1245.0000, 297.0000,  975.0000, 1242.0000, 297.0000,  0, 153, 0
L 975.0000, 1242.0000, 297.0000,  1030.0000, 1243.0000, 297.0000,  0, 153, 0
L 1030.0000, 1243.0000, 297.0000,  1094.0000, 1287.0000, 297.0000,  0, 153, 0
L 1094.0000, 1287.0000, 297.0000,  1135.0000, 1291.0000, 297.0000,  0, 153, 0
L 1135.0000, 1291.0000, 297.0000,  1184.0000, 1330.0000, 297.0000,  0, 153, 0
L 1184.0000, 1330.0000, 297.0000,  1279.0000, 1371.0000, 297.0000,  0, 153, 0
L 1279.0000, 1371.0000, 297.0000,  1327.0000, 1423.0000, 297.0000,  0, 153, 0
L 1327.0000, 1423.0000, 297.0000,  1436.0000, 1442.0000, 297.0000,  0, 153, 0
L 1436.0000, 1442.0000, 297.0000,  1487.0000, 1482.0000, 297.0000,  0, 153, 0
L 1487.0000, 1482.0000, 297.0000,  1546.0000, 1496.0000, 297.0000,  0, 153, 0
L 1546.0000, 1496.0000, 297.0000,  1554.0000, 1495.0000, 297.0000,  0, 153, 0
L -1567.0000, -1160.0000, -8.0000,  -1567.0000, -1160.0000, 0.0000,  255, 255, 0
L -1567.0000, -1160.0000, 0.0000,  -1567.0000, -1173.0000, 0.0000,  255, 255, 0
L -1567.0000, -1173.0000, 0.0000,  -1565.0000, -1200.0000, 8.0000,  255, 255, 0
L -1565.0000, -1200.0000, 8.0000,  -1556.0000, -1227.0000, 17.0000,  255, 255, 0
L -1556.0000, -1227.0000, 17.0000,  -1554.0000, -1254.0000, 23.0000,  255, 255, 0
L -1554.0000, -1254.0000, 23.0000,  -1561.0000, -1300.0000, 39.0000,  255, 255, 0
L -1561.0000, -1300.0000, 39.0000,  -1561.0000, -1344.0000, 52.0000,  255, 255, 0
L -1561.0000, -1344.0000, 52.0000,  -1565.0000, -1387.0000, 62.0000,  255, 255, 0
L -1565.0000, -1387.0000, 62.0000,  -1565.0000, -1391.0000, 62.0000,  255, 255, 0
L -1565.0000, -1391.0000, 62.0000,  -1558.0000, -1434.0000, 70.0000,  255, 255, 0
L -1558.0000, -1434.0000, 70.0000,  -1557.0000, -1464.0000, 70.0000,  255, 255, 0
L -1557.0000, -1464.0000, 70.0000,  -1552.0000, -1511.0000, 73.0000,  255, 255, 0
L -1552.0000, -1511.0000, 73.0000,  -1554.0000, -1541.0000, 74.0000,  255, 255, 0
L -1554.0000, -1541.0000, 74.0000,  -1557.0000, -1545.0000, 74.0000,  255, 255, 0
L -1557.0000, -1545.0000, 74.0000,  -1559.0000, -1568.0000, 73.0000,  255, 255, 0
L -1559.0000, -1568.0000, 73.0000,  -1617.0000, -1582.0000, 74.0000,  255, 255, 0
L -1617.0000, -1582.0000, 74.0000,  -1619.0000, -1588.0000, 74.0000,  255, 255, 0
L -1634.0000, -1589.0000, 666.0000,  -1634.0000, -1589.0000, 66.0000,  255, 255, 0
L -1634.0000, -1589.0000, 66.0000,  -1634.0000, -1566.0000, 66.0000,  255, 255, 0
L -1634.0000, -1566.0000, 66.0000,  -1575.0000, -1566.0000, 66.0000,  255, 255, 0
L -1575.0000, -1566.0000, 66.0000,  -1576.0000, -1544.0000, 66.0000,  255, 255, 0
L -1576.0000, -1544.0000, 66.0000,  -1580.0000, -1533.0000, 75.0000,  255, 255, 0
L -1580.0000, -1533.0000, 75.0000,  -1574.0000, -1475.0000, 70.0000,  255, 255, 0
L -1574.0000, -1475.0000, 70.0000,  -1575.0000, -1437.0000, 68.0000,  255, 255, 0
L -1575.0000, -1437.0000, 68.0000,  -1582.0000, -1390.0000, 61.0000,  255, 255, 0
L -1582.0000, -1390.0000, 61.0000,  -1577.0000, -1345.0000, 52.0000,  255, 255, 0
L -1577.0000, -1345.0000, 52.0000,  -1571.0000, -1251.0000, 20.0000,  255, 255, 0
L -1571.0000, -1251.0000, 20.0000,  -1573.0000, -1231.0000, 16.0000,  255, 255, 0
L -1573.0000, -1231.0000, 16.0000,  -1582.0000, -1200.0000, 7.0000,  255, 255, 0
L -1582.0000, -1200.0000, 7.0000,  -1584.0000, -1182.0000, 0.0000,  255, 255, 0
L -1584.0000, -1182.0000, 0.0000,  -1585.0000, -1160.0000, -2.0000,  255, 255, 0
L -1121.0000, -479.0000, -260.0000,  -1121.0000, -479.0000, -25.0000,  153, 153, 153
L -1121.0000, -479.0000, -25.0000,  -1110.0000, -467.0000, -27.0000,  153, 153, 153
L -1110.0000, -467.0000, -27.0000,  -1104.0000, -460.0000, -27.0000,  153, 153, 153
L -1104.0000, -460.0000, -27.0000,  -1101.0000, -455.0000, -28.0000,  153, 153, 153
L -1101.0000, -455.0000, -28.0000,  -1088.0000, -436.0000, -34.0000,  153, 153, 153
L -1088.0000, -436.0000, -34.0000,  -1073.0000, -399.0000, -48.0000,  153, 153, 153
L -1073.0000, -399.0000, -48.0000,  -1060.0000, -374.0000, -49.0000,  153, 153, 153
L -1060.0000, -374.0000, -49.0000,  -1063.0000, -370.0000, -49.0000,  153, 153, 153
L -1063.0000, -370.0000, -49.0000,  -1081.0000, -360.0000, -49.0000,  153, 153, 153
L -1081.0000, -360.0000, -49.0000,  -1106.0000, -346.0000, -50.0000,  153, 153, 153
L -1106.0000, -346.0000, -50.0000,  -1127.0000, -369.0000, -47.0000,  153, 153, 153
L -1127.0000, -369.0000, -47.0000,  -1131.0000, -375.0000, -46.0000,  153, 153, 153
L -1131.0000, -375.0000, -46.0000,  -1154.0000, -410.0000, -39.0000,  153, 153, 153
L -1154.0000, -410.0000, -39.0000,  -1164.0000, -427.0000, -32.0000,  153, 153, 153
L -1164.0000, -427.0000, -32.0000,  -1171.0000, -451.0000, -24.0000,  153, 153, 153
L -1171.0000, -451.0000, -24.0000,  -1173.0000, -475.0000, -24.0000,  153, 153, 153
L -1173.0000, -475.0000, -24.0000,  -1168.0000, -484.0000, -24.0000,  153, 153, 153
L -1168.0000, -484.0000, -24.0000,  -1161.0000, -494.0000, -24.0000,  153, 153, 153
L -1161.0000, -494.0000, -24.0000,  -1152.0000, -498.0000, -24.0000,  153, 153, 153
L -1152.0000, -498.0000, -24.0000,  -1135.0000, -494.0000, -20.0000,  153, 153, 153
L -1135.0000, -494.0000, -20.0000,  -1121.0000, -480.0000, -17.0000,  153, 153, 153
L -1094.0000, -330.0000, -498.0000,  -1094.0000, -330.0000, -49.0000,  153, 153, 153
L -1094.0000, -330.0000, -49.0000,  -1096.0000, -276.0000, -48.0000,  153, 153, 153
L -1096.0000, -276.0000, -48.0000,  -1095.0000, -244.0000, -46.0000,  153, 153, 153
L -1095.0000, -244.0000, -46.0000,  -1091.0000, -213.0000, -39.0000,  153, 153, 153
L -1091.0000, -213.0000, -39.0000,  -1085.0000, -194.0000, -36.0000,  153, 153, 153
L -1085.0000, -194.0000, -36.0000,  -1070.0000, -182.0000, -32.0000,  153, 153, 153
L -1070.0000, -182.0000, -32.0000,  -1059.0000, -181.0000, -29.0000,  153, 153, 153
L -1059.0000, -181.0000, -29.0000,  -1045.0000, -188.0000, -28.0000,  153, 153, 153
L -1045.0000, -188.0000, -28.0000,  -1036.0000, -211.0000, -29.0000,  153, 153, 153
L -1036.0000, -211.0000, -29.0000,  -1031.0000, -227.0000, -33.0000,  153, 153, 153
L -1031.0000, -227.0000, -33.0000,  -1029.0000, -251.0000, -36.0000,  153, 153, 153
L -1029.0000, -251.0000, -36.0000,  -1027.0000, -283.0000, -42.0000,  153, 153, 153
L -1027.0000, -283.0000, -42.0000,  -1027.0000, -292.0000, -45.0000,  153, 153, 153
L -1027.0000, -292.0000, -45.0000,  -1032.0000, -324.0000, -49.0000,  153, 153, 153
L -1032.0000, -324.0000, -49.0000,  -1042.0000, -336.0000, -49.0000,  153, 153, 153
L -1042.0000, -336.0000, -49.0000,  -1057.0000, -333.0000, -50.0000,  153, 153, 153
L -1057.0000, -333.0000, -50.0000,  -1095.0000, -330.0000, -50.0000,  153, 153, 153
P -944.0000, 594.0000, 0.0000,  0, 0, 0,  2,  Skyshrine
P 1529.0000, 951.0000, 0.0000,  0, 0, 0,  2,  Teleport
P 809.0000, -322.0000, 0.0000,  0, 0, 0,  2,  Sunken_ship
P -1588.0000, -1087.0000, 0.0000,  0, 0, 0,  2,  Underwater_tunnel
P -1500.0000, -1500.0000, 0.0000,  0, 0, 0,  2,  Siren's_Grotto
P -1022.0000, -388.0000, 0.0000,  0, 0, 0,  2,  Sunken_ship
P 1185.0000, 399.0000, 0.0000,  255, 255, 255,  2,  Succor_Point
