L 177.0000, 738.0000, 84.0000,  175.0000, 741.0000, 83.0000,  153, 153, 153
L 194.0000, 746.0000, 115.0000,  177.0000, 738.0000, 84.0000,  153, 153, 153
L 218.0000, 701.0000, 108.0000,  194.0000, 746.0000, 115.0000,  153, 153, 153
L 179.0000, 680.0000, 84.0000,  218.0000, 701.0000, 108.0000,  153, 153, 153
L 155.0000, 725.0000, 85.0000,  179.0000, 680.0000, 84.0000,  153, 153, 153
L 171.0000, 734.0000, 89.0000,  155.0000, 725.0000, 85.0000,  153, 153, 153
L 169.0000, 738.0000, 77.0000,  171.0000, 734.0000, 89.0000,  153, 153, 153
L 148.0000, 727.0000, 33.0000,  169.0000, 738.0000, 77.0000,  153, 153, 153
L 177.0000, 674.0000, 32.0000,  148.0000, 727.0000, 33.0000,  153, 153, 153
L 224.0000, 699.0000, 41.0000,  177.0000, 674.0000, 32.0000,  153, 153, 153
L 196.0000, 752.0000, 62.0000,  224.0000, 699.0000, 41.0000,  153, 153, 153
L 176.0000, 741.0000, 98.0000,  196.0000, 752.0000, 62.0000,  153, 153, 153
L 176.0000, 741.0000, 99.0000,  176.0000, 741.0000, 98.0000,  153, 153, 153
L 109.0000, 846.0000, 143.0000,  109.0000, 842.0000, 143.0000,  153, 153, 153
L 91.0000, 849.0000, 157.0000,  109.0000, 846.0000, 143.0000,  153, 153, 153
L 98.0000, 899.0000, 183.0000,  91.0000, 849.0000, 157.0000,  153, 153, 153
L 142.0000, 894.0000, 144.0000,  98.0000, 899.0000, 183.0000,  153, 153, 153
L 136.0000, 844.0000, 142.0000,  142.0000, 894.0000, 144.0000,  153, 153, 153
L 117.0000, 845.0000, 145.0000,  136.0000, 844.0000, 142.0000,  153, 153, 153
L 116.0000, 841.0000, 136.0000,  117.0000, 845.0000, 145.0000,  153, 153, 153
L 140.0000, 838.0000, 79.0000,  116.0000, 841.0000, 136.0000,  153, 153, 153
L 147.0000, 898.0000, 126.0000,  140.0000, 838.0000, 79.0000,  153, 153, 153
L 94.0000, 904.0000, 128.0000,  147.0000, 898.0000, 126.0000,  153, 153, 153
L 86.0000, 845.0000, 121.0000,  94.0000, 904.0000, 128.0000,  153, 153, 153
L 109.0000, 842.0000, 140.0000,  86.0000, 845.0000, 121.0000,  153, 153, 153
L 109.0000, 842.0000, 140.0000,  109.0000, 842.0000, 140.0000,  153, 153, 153
L 8.0000, 845.0000, 162.0000,  9.0000, 841.0000, 127.0000,  153, 153, 153
L 8.0000, 845.0000, 155.0000,  8.0000, 845.0000, 162.0000,  153, 153, 153
L -8.0000, 839.0000, 138.0000,  8.0000, 845.0000, 139.0000,  153, 153, 153
L -25.0000, 887.0000, 195.0000,  -8.0000, 839.0000, 138.0000,  153, 153, 153
L 16.0000, 902.0000, 134.0000,  -25.0000, 887.0000, 195.0000,  153, 153, 153
L 33.0000, 854.0000, 134.0000,  16.0000, 902.0000, 134.0000,  153, 153, 153
L 15.0000, 848.0000, 134.0000,  33.0000, 854.0000, 134.0000,  153, 153, 153
L 16.0000, 844.0000, 128.0000,  15.0000, 848.0000, 134.0000,  153, 153, 153
L 39.0000, 851.0000, 84.0000,  16.0000, 844.0000, 128.0000,  153, 153, 153
L 19.0000, 908.0000, 131.0000,  39.0000, 851.0000, 84.0000,  153, 153, 153
L -31.0000, 890.0000, 109.0000,  19.0000, 908.0000, 131.0000,  153, 153, 153
L -11.0000, 833.0000, 127.0000,  -31.0000, 890.0000, 109.0000,  153, 153, 153
L 9.0000, 841.0000, 131.0000,  -11.0000, 833.0000, 127.0000,  153, 153, 153
L 9.0000, 841.0000, 133.0000,  9.0000, 841.0000, 131.0000,  153, 153, 153
L -1125.0000, 11.0000, -337.0000,  -839.0000, 12.0000, -338.0000,  255, 0, 0
L -1125.0000, 11.0000, -340.0000,  -1125.0000, 11.0000, -337.0000,  255, 0, 0
L -841.0000, -38.0000, -335.0000,  -1124.0000, -38.0000, -342.0000,  255, 0, 0
L -841.0000, -38.0000, -335.0000,  -841.0000, -38.0000, -335.0000,  255, 0, 0
L -426.0000, -1369.0000, 11.0000,  -413.0000, -1357.0000, 7.0000,  153, 153, 153
L -440.0000, -1356.0000, 7.0000,  -426.0000, -1369.0000, 11.0000,  153, 153, 153
L -426.0000, -1343.0000, 9.0000,  -440.0000, -1356.0000, 7.0000,  153, 153, 153
L -413.0000, -1356.0000, 7.0000,  -426.0000, -1343.0000, 9.0000,  153, 153, 153
L -413.0000, -1356.0000, 9.0000,  -413.0000, -1356.0000, 7.0000,  153, 153, 153
L 7440.0000, 3237.0000, 0.0000,  7365.0000, 3162.0000, 0.0000,  153, 153, 153
L 7516.0000, 3203.0000, 0.0000,  7440.0000, 3237.0000, 0.0000,  153, 153, 153
L 7522.0000, 3230.0000, 0.0000,  7516.0000, 3203.0000, 0.0000,  153, 153, 153
L 7499.0000, 3299.0000, 0.0000,  7522.0000, 3230.0000, 0.0000,  153, 153, 153
L 7451.0000, 3284.0000, 0.0000,  7499.0000, 3299.0000, 0.0000,  153, 153, 153
L 7394.0000, 3225.0000, 0.0000,  7451.0000, 3284.0000, 0.0000,  153, 153, 153
L 7172.0000, 3284.0000, 0.0000,  7394.0000, 3225.0000, 0.0000,  153, 153, 153
L 7011.0000, 3261.0000, 0.0000,  7172.0000, 3284.0000, 0.0000,  153, 153, 153
L 6970.0000, 3123.0000, 0.0000,  7011.0000, 3261.0000, 0.0000,  153, 153, 153
L 6938.0000, 3057.0000, 0.0000,  6970.0000, 3123.0000, 0.0000,  153, 153, 153
L 6795.0000, 3053.0000, 0.0000,  6938.0000, 3057.0000, 0.0000,  153, 153, 153
L 6685.0000, 3143.0000, 0.0000,  6795.0000, 3053.0000, 0.0000,  153, 153, 153
L 6562.0000, 3164.0000, 0.0000,  6685.0000, 3143.0000, 0.0000,  153, 153, 153
L 6444.0000, 3146.0000, 0.0000,  6562.0000, 3164.0000, 0.0000,  153, 153, 153
L 6359.0000, 3094.0000, 0.0000,  6444.0000, 3146.0000, 0.0000,  153, 153, 153
L 6213.0000, 2947.0000, 0.0000,  6359.0000, 3094.0000, 0.0000,  153, 153, 153
L 6164.0000, 2763.0000, 0.0000,  6213.0000, 2947.0000, 0.0000,  153, 153, 153
L 6181.0000, 2640.0000, 0.0000,  6164.0000, 2763.0000, 0.0000,  153, 153, 153
L 6150.0000, 2498.0000, 0.0000,  6181.0000, 2640.0000, 0.0000,  153, 153, 153
L 6234.0000, 2282.0000, 0.0000,  6150.0000, 2498.0000, 0.0000,  153, 153, 153
L 6292.0000, 2162.0000, 0.0000,  6234.0000, 2282.0000, 0.0000,  153, 153, 153
L 6302.0000, 2046.0000, 0.0000,  6292.0000, 2162.0000, 0.0000,  153, 153, 153
L 6239.0000, 1955.0000, 0.0000,  6302.0000, 2046.0000, 0.0000,  153, 153, 153
L 6164.0000, 1869.0000, 0.0000,  6239.0000, 1955.0000, 0.0000,  153, 153, 153
L 6085.0000, 1874.0000, 0.0000,  6164.0000, 1869.0000, 0.0000,  153, 153, 153
L 5761.0000, 1680.0000, 0.0000,  5894.0000, 1715.0000, 0.0000,  153, 153, 153
L 5541.0000, 1825.0000, 0.0000,  5761.0000, 1680.0000, 0.0000,  153, 153, 153
L 5478.0000, 1915.0000, 0.0000,  5541.0000, 1825.0000, 0.0000,  153, 153, 153
L 5334.0000, 2279.0000, 0.0000,  5478.0000, 1915.0000, 0.0000,  153, 153, 153
L 5257.0000, 2417.0000, 0.0000,  5334.0000, 2279.0000, 0.0000,  153, 153, 153
L 5151.0000, 2508.0000, 0.0000,  5257.0000, 2417.0000, 0.0000,  153, 153, 153
L 5066.0000, 2816.0000, 0.0000,  5151.0000, 2508.0000, 0.0000,  153, 153, 153
L 5075.0000, 2993.0000, 0.0000,  5066.0000, 2816.0000, 0.0000,  153, 153, 153
L 4978.0000, 3158.0000, 0.0000,  5075.0000, 2993.0000, 0.0000,  153, 153, 153
L 4922.0000, 3207.0000, 0.0000,  4978.0000, 3158.0000, 0.0000,  153, 153, 153
L 4620.0000, 3192.0000, 0.0000,  4922.0000, 3207.0000, 0.0000,  153, 153, 153
L 4428.0000, 3154.0000, 0.0000,  4620.0000, 3192.0000, 0.0000,  153, 153, 153
L 4384.0000, 3115.0000, 0.0000,  4428.0000, 3154.0000, 0.0000,  153, 153, 153
L 4370.0000, 3017.0000, 0.0000,  4384.0000, 3115.0000, 0.0000,  153, 153, 153
L 4486.0000, 2884.0000, 0.0000,  4370.0000, 3017.0000, 0.0000,  153, 153, 153
L 4389.0000, 2629.0000, 0.0000,  4486.0000, 2884.0000, 0.0000,  153, 153, 153
L 4120.0000, 2573.0000, 0.0000,  4389.0000, 2629.0000, 0.0000,  153, 153, 153
L 4005.0000, 2517.0000, 0.0000,  4120.0000, 2573.0000, 0.0000,  153, 153, 153
L 3959.0000, 2399.0000, 0.0000,  4005.0000, 2517.0000, 0.0000,  153, 153, 153
L 3957.0000, 2272.0000, 0.0000,  3959.0000, 2399.0000, 0.0000,  153, 153, 153
L 3988.0000, 2065.0000, 0.0000,  3957.0000, 2272.0000, 0.0000,  153, 153, 153
L 4148.0000, 1954.0000, 0.0000,  3988.0000, 2065.0000, 0.0000,  153, 153, 153
L 4292.0000, 1781.0000, 0.0000,  4148.0000, 1954.0000, 0.0000,  153, 153, 153
L 4317.0000, 1641.0000, 0.0000,  4292.0000, 1781.0000, 0.0000,  153, 153, 153
L 4318.0000, 1329.0000, 0.0000,  4317.0000, 1641.0000, 0.0000,  153, 153, 153
L 4370.0000, 1250.0000, 0.0000,  4318.0000, 1329.0000, 0.0000,  153, 153, 153
L 4511.0000, 1169.0000, 0.0000,  4370.0000, 1250.0000, 0.0000,  153, 153, 153
L 4752.0000, 1065.0000, 0.0000,  4511.0000, 1169.0000, 0.0000,  153, 153, 153
L 4773.0000, 1022.0000, 0.0000,  4752.0000, 1065.0000, 0.0000,  153, 153, 153
L 4756.0000, 811.0000, 0.0000,  4773.0000, 1022.0000, 0.0000,  153, 153, 153
L 4750.0000, 727.0000, 0.0000,  4756.0000, 811.0000, 0.0000,  153, 153, 153
L 4730.0000, 590.0000, 0.0000,  4750.0000, 727.0000, 0.0000,  153, 153, 153
L 4708.0000, 564.0000, 0.0000,  4730.0000, 590.0000, 0.0000,  153, 153, 153
L 4529.0000, 419.0000, 0.0000,  4708.0000, 564.0000, 0.0000,  153, 153, 153
L 4396.0000, 260.0000, 0.0000,  4529.0000, 419.0000, 0.0000,  153, 153, 153
L 4258.0000, 148.0000, 0.0000,  4396.0000, 260.0000, 0.0000,  153, 153, 153
L 4008.0000, 96.0000, 0.0000,  4258.0000, 148.0000, 0.0000,  153, 153, 153
L 3789.0000, 81.0000, 0.0000,  4008.0000, 96.0000, 0.0000,  153, 153, 153
L 3587.0000, 106.0000, 0.0000,  3789.0000, 81.0000, 0.0000,  153, 153, 153
L 3412.0000, 146.0000, 0.0000,  3587.0000, 106.0000, 0.0000,  153, 153, 153
L 3310.0000, 157.0000, 0.0000,  3412.0000, 146.0000, 0.0000,  153, 153, 153
L 3225.0000, 107.0000, 0.0000,  3310.0000, 157.0000, 0.0000,  153, 153, 153
L 3141.0000, 36.0000, 0.0000,  3225.0000, 107.0000, 0.0000,  153, 153, 153
L 3061.0000, -53.0000, 0.0000,  3141.0000, 36.0000, 0.0000,  153, 153, 153
L 3033.0000, -98.0000, 0.0000,  3061.0000, -53.0000, 0.0000,  153, 153, 153
L 3025.0000, -134.0000, 0.0000,  3033.0000, -98.0000, 0.0000,  153, 153, 153
L 2993.0000, -170.0000, 0.0000,  3025.0000, -134.0000, 0.0000,  153, 153, 153
L 2994.0000, -416.0000, 0.0000,  2993.0000, -170.0000, 0.0000,  153, 153, 153
L 2948.0000, -608.0000, 0.0000,  2994.0000, -416.0000, 0.0000,  153, 153, 153
L 2867.0000, -790.0000, 0.0000,  2948.0000, -608.0000, 0.0000,  153, 153, 153
L 2904.0000, -1090.0000, 0.0000,  2867.0000, -790.0000, 0.0000,  153, 153, 153
L 2891.0000, -1229.0000, 0.0000,  2904.0000, -1090.0000, 0.0000,  153, 153, 153
L 2824.0000, -1552.0000, 0.0000,  2891.0000, -1229.0000, 0.0000,  153, 153, 153
L 2666.0000, -1595.0000, 0.0000,  2824.0000, -1552.0000, 0.0000,  153, 153, 153
L 2411.0000, -1743.0000, 0.0000,  2666.0000, -1595.0000, 0.0000,  153, 153, 153
L 2307.0000, -1829.0000, 0.0000,  2411.0000, -1743.0000, 0.0000,  153, 153, 153
L 2213.0000, -1923.0000, 0.0000,  2307.0000, -1829.0000, 0.0000,  153, 153, 153
L 2198.0000, -2020.0000, 0.0000,  2213.0000, -1923.0000, 0.0000,  153, 153, 153
L 2174.0000, -2169.0000, 0.0000,  2198.0000, -2020.0000, 0.0000,  153, 153, 153
L 2095.0000, -2240.0000, 0.0000,  2174.0000, -2169.0000, 0.0000,  153, 153, 153
L 2095.0000, -2517.0000, 0.0000,  2095.0000, -2240.0000, 0.0000,  153, 153, 153
L 2006.0000, -2804.0000, 0.0000,  2095.0000, -2517.0000, 0.0000,  153, 153, 153
L 2382.0000, -3096.0000, 0.0000,  2006.0000, -2804.0000, 0.0000,  153, 153, 153
L 2379.0000, -3372.0000, 0.0000,  2382.0000, -3096.0000, 0.0000,  153, 153, 153
L 2162.0000, -3579.0000, 0.0000,  2379.0000, -3372.0000, 0.0000,  153, 153, 153
L 2222.0000, -3369.0000, 0.0000,  1949.0000, -3619.0000, 0.0000,  153, 153, 153
L 2222.0000, -3083.0000, 0.0000,  2222.0000, -3369.0000, 0.0000,  153, 153, 153
L 1842.0000, -2790.0000, 0.0000,  2222.0000, -3083.0000, 0.0000,  153, 153, 153
L 1731.0000, -2525.0000, 0.0000,  1842.0000, -2790.0000, 0.0000,  153, 153, 153
L 1679.0000, -2479.0000, 0.0000,  1731.0000, -2525.0000, 0.0000,  153, 153, 153
L 1589.0000, -2409.0000, 0.0000,  1679.0000, -2479.0000, 0.0000,  153, 153, 153
L 1509.0000, -2300.0000, 0.0000,  1589.0000, -2409.0000, 0.0000,  153, 153, 153
L 1484.0000, -2256.0000, 0.0000,  1509.0000, -2300.0000, 0.0000,  153, 153, 153
L 1464.0000, -2221.0000, 0.0000,  1484.0000, -2256.0000, 0.0000,  153, 153, 153
L 1438.0000, -2147.0000, 0.0000,  1464.0000, -2221.0000, 0.0000,  153, 153, 153
L 1403.0000, -2132.0000, 0.0000,  1438.0000, -2147.0000, 0.0000,  153, 153, 153
L 1357.0000, -2132.0000, 0.0000,  1403.0000, -2132.0000, 0.0000,  153, 153, 153
L 849.0000, -2130.0000, 0.0000,  1357.0000, -2132.0000, 0.0000,  153, 153, 153
L 635.0000, -2129.0000, 0.0000,  849.0000, -2130.0000, 0.0000,  153, 153, 153
L 409.0000, -2102.0000, 0.0000,  635.0000, -2129.0000, 0.0000,  153, 153, 153
L -49.0000, -2126.0000, 0.0000,  409.0000, -2102.0000, 0.0000,  153, 153, 153
L -495.0000, -2125.0000, 0.0000,  -49.0000, -2126.0000, 0.0000,  153, 153, 153
L -955.0000, -2123.0000, 0.0000,  -495.0000, -2125.0000, 0.0000,  153, 153, 153
L -1089.0000, -2122.0000, 0.0000,  -955.0000, -2123.0000, 0.0000,  153, 153, 153
L 1865.0000, -1497.0000, 0.0000,  1869.0000, -2138.0000, 0.0000,  153, 0, 0
L 2007.0000, -1417.0000, 0.0000,  1865.0000, -1497.0000, 0.0000,  153, 0, 0
L 2053.0000, -1373.0000, 0.0000,  2007.0000, -1417.0000, 0.0000,  153, 0, 0
L 1917.0000, -1259.0000, 0.0000,  2053.0000, -1373.0000, 0.0000,  153, 0, 0
L 1133.0000, -1259.0000, 0.0000,  1917.0000, -1259.0000, 0.0000,  153, 0, 0
L 1023.0000, -1172.0000, 0.0000,  1133.0000, -1259.0000, 0.0000,  153, 0, 0
L 924.0000, -1101.0000, 0.0000,  1023.0000, -1172.0000, 0.0000,  153, 0, 0
L 586.0000, -811.0000, 0.0000,  924.0000, -1101.0000, 0.0000,  153, 0, 0
L 398.0000, -1268.0000, 0.0000,  224.0000, -1378.0000, 0.0000,  153, 0, 0
L 396.0000, -985.0000, 0.0000,  398.0000, -1268.0000, 0.0000,  153, 0, 0
L 587.0000, -812.0000, 0.0000,  396.0000, -985.0000, 0.0000,  153, 0, 0
L 299.0000, -581.0000, 0.0000,  587.0000, -812.0000, 0.0000,  153, 0, 0
L 161.0000, -462.0000, 0.0000,  299.0000, -581.0000, 0.0000,  153, 0, 0
L 41.0000, -364.0000, 0.0000,  161.0000, -462.0000, 0.0000,  153, 0, 0
L 22.0000, -12.0000, 0.0000,  41.0000, -364.0000, 0.0000,  153, 0, 0
L 28.0000, 625.0000, 0.0000,  -104.0000, 757.0000, 0.0000,  153, 0, 0
L 395.0000, 622.0000, 0.0000,  28.0000, 625.0000, 0.0000,  153, 0, 0
L 3160.0000, 565.0000, 0.0000,  2870.0000, 457.0000, 0.0000,  153, 153, 153
L 3055.0000, 686.0000, 0.0000,  3160.0000, 565.0000, 0.0000,  153, 153, 153
L 3054.0000, 709.0000, 0.0000,  3055.0000, 686.0000, 0.0000,  153, 153, 153
L 3043.0000, 930.0000, 0.0000,  3054.0000, 709.0000, 0.0000,  153, 153, 153
L 3037.0000, 988.0000, 0.0000,  3043.0000, 930.0000, 0.0000,  153, 153, 153
L 3031.0000, 1180.0000, 0.0000,  3037.0000, 988.0000, 0.0000,  153, 153, 153
L 3013.0000, 1543.0000, 0.0000,  3031.0000, 1180.0000, 0.0000,  153, 153, 153
L 3008.0000, 1651.0000, 0.0000,  3013.0000, 1543.0000, 0.0000,  153, 153, 153
L 2993.0000, 1943.0000, 0.0000,  3008.0000, 1651.0000, 0.0000,  153, 153, 153
L 2976.0000, 2285.0000, 0.0000,  2993.0000, 1943.0000, 0.0000,  153, 153, 153
L 2967.0000, 2472.0000, 0.0000,  2976.0000, 2285.0000, 0.0000,  153, 153, 153
L 2956.0000, 2696.0000, 0.0000,  2967.0000, 2472.0000, 0.0000,  153, 153, 153
L 2945.0000, 2919.0000, 0.0000,  2956.0000, 2696.0000, 0.0000,  153, 153, 153
L 2935.0000, 3125.0000, 0.0000,  2945.0000, 2919.0000, 0.0000,  153, 153, 153
L 2922.0000, 3393.0000, 0.0000,  2935.0000, 3125.0000, 0.0000,  153, 153, 153
L 2914.0000, 3546.0000, 0.0000,  2922.0000, 3393.0000, 0.0000,  153, 153, 153
L 2903.0000, 3781.0000, 0.0000,  2914.0000, 3546.0000, 0.0000,  153, 153, 153
L 2899.0000, 3854.0000, 0.0000,  2903.0000, 3781.0000, 0.0000,  153, 153, 153
L 2805.0000, 3855.0000, 0.0000,  2899.0000, 3854.0000, 0.0000,  153, 153, 153
L 2855.0000, 3965.0000, 0.0000,  2805.0000, 3855.0000, 0.0000,  153, 153, 153
L 2885.0000, 4138.0000, 0.0000,  2880.0000, 4157.0000, 0.0000,  0, 0, 153
L 2888.0000, 4020.0000, 0.0000,  2885.0000, 4138.0000, 0.0000,  0, 0, 153
L 2853.0000, 3968.0000, 0.0000,  2888.0000, 4020.0000, 0.0000,  0, 0, 153
L 2527.0000, 3892.0000, 0.0000,  2853.0000, 3968.0000, 0.0000,  0, 0, 153
L 2314.0000, 3891.0000, 0.0000,  2527.0000, 3892.0000, 0.0000,  0, 0, 153
L 2271.0000, 3890.0000, 0.0000,  2314.0000, 3891.0000, 0.0000,  0, 0, 153
L 1516.0000, 3889.0000, 0.0000,  2271.0000, 3890.0000, 0.0000,  0, 0, 153
L 956.0000, 3891.0000, 0.0000,  1516.0000, 3889.0000, 0.0000,  0, 0, 153
L 728.0000, 3915.0000, 0.0000,  956.0000, 3891.0000, 0.0000,  0, 0, 153
L 576.0000, 3919.0000, 0.0000,  728.0000, 3915.0000, 0.0000,  0, 0, 153
L 401.0000, 3931.0000, 0.0000,  576.0000, 3919.0000, 0.0000,  0, 0, 153
L 221.0000, 3938.0000, 0.0000,  401.0000, 3931.0000, 0.0000,  0, 0, 153
L -171.0000, 3914.0000, 0.0000,  221.0000, 3938.0000, 0.0000,  0, 0, 153
L -486.0000, 3882.0000, 0.0000,  -171.0000, 3914.0000, 0.0000,  0, 0, 153
L -552.0000, 3879.0000, 0.0000,  -486.0000, 3882.0000, 0.0000,  0, 0, 153
L -621.0000, 3846.0000, 0.0000,  -552.0000, 3879.0000, 0.0000,  0, 0, 153
L -624.0000, 3784.0000, 0.0000,  -621.0000, 3846.0000, 0.0000,  0, 0, 153
L -772.0000, 3553.0000, 0.0000,  -624.0000, 3784.0000, 0.0000,  0, 0, 153
L -774.0000, 3306.0000, 0.0000,  -772.0000, 3553.0000, 0.0000,  0, 0, 153
L -782.0000, 3154.0000, 0.0000,  -774.0000, 3306.0000, 0.0000,  0, 0, 153
L -781.0000, 3006.0000, 0.0000,  -782.0000, 3154.0000, 0.0000,  0, 0, 153
L -779.0000, 2848.0000, 0.0000,  -781.0000, 3006.0000, 0.0000,  0, 0, 153
L -778.0000, 2704.0000, 0.0000,  -779.0000, 2848.0000, 0.0000,  0, 0, 153
L -772.0000, 2616.0000, 0.0000,  -778.0000, 2704.0000, 0.0000,  0, 0, 153
L -773.0000, 1991.0000, 0.0000,  -772.0000, 2616.0000, 0.0000,  0, 0, 153
L -843.0000, 1735.0000, 0.0000,  -773.0000, 1991.0000, 0.0000,  0, 0, 153
L -841.0000, 1712.0000, 0.0000,  -843.0000, 1735.0000, 0.0000,  0, 0, 153
L -788.0000, 1472.0000, 0.0000,  -841.0000, 1712.0000, 0.0000,  0, 0, 153
L -790.0000, 1393.0000, 0.0000,  -788.0000, 1472.0000, 0.0000,  0, 0, 153
L -879.0000, 1244.0000, 0.0000,  -790.0000, 1393.0000, 0.0000,  0, 0, 153
L -996.0000, 1088.0000, 0.0000,  -879.0000, 1244.0000, 0.0000,  0, 0, 153
L -975.0000, 983.0000, 0.0000,  -996.0000, 1088.0000, 0.0000,  0, 0, 153
L -866.0000, 825.0000, 0.0000,  -975.0000, 983.0000, 0.0000,  0, 0, 153
L -853.0000, 806.0000, 0.0000,  -866.0000, 825.0000, 0.0000,  0, 0, 153
L -840.0000, 439.0000, 0.0000,  -853.0000, 806.0000, 0.0000,  0, 0, 153
L -1002.0000, 126.0000, 0.0000,  -840.0000, 439.0000, 0.0000,  0, 0, 153
L -995.0000, -309.0000, 0.0000,  -1002.0000, 126.0000, 0.0000,  0, 0, 153
L -924.0000, -543.0000, 0.0000,  -995.0000, -309.0000, 0.0000,  0, 0, 153
L -922.0000, -863.0000, 0.0000,  -924.0000, -543.0000, 0.0000,  0, 0, 153
L -866.0000, -1128.0000, 0.0000,  -922.0000, -863.0000, 0.0000,  0, 0, 153
L -871.0000, -1229.0000, 0.0000,  -866.0000, -1128.0000, 0.0000,  0, 0, 153
L -889.0000, -1410.0000, 0.0000,  -871.0000, -1229.0000, 0.0000,  0, 0, 153
L -1001.0000, -1576.0000, 0.0000,  -889.0000, -1410.0000, 0.0000,  0, 0, 153
L -1008.0000, -1865.0000, 0.0000,  -1001.0000, -1576.0000, 0.0000,  0, 0, 153
L -1093.0000, -2122.0000, 0.0000,  -1008.0000, -1865.0000, 0.0000,  0, 0, 153
L 3256.0000, 313.0000, 0.0000,  3158.0000, 278.0000, 0.0000,  255, 0, 0
L 3526.0000, 224.0000, 0.0000,  3256.0000, 313.0000, 0.0000,  255, 0, 0
L 3645.0000, 197.0000, 0.0000,  3526.0000, 224.0000, 0.0000,  255, 0, 0
L 3972.0000, 202.0000, 0.0000,  3645.0000, 197.0000, 0.0000,  255, 0, 0
L 4150.0000, 244.0000, 0.0000,  3972.0000, 202.0000, 0.0000,  255, 0, 0
L 4292.0000, 331.0000, 0.0000,  4150.0000, 244.0000, 0.0000,  255, 0, 0
L 4418.0000, 437.0000, 0.0000,  4292.0000, 331.0000, 0.0000,  255, 0, 0
L 4512.0000, 642.0000, 0.0000,  4418.0000, 437.0000, 0.0000,  255, 0, 0
L 4634.0000, 830.0000, 0.0000,  4512.0000, 642.0000, 0.0000,  255, 0, 0
L 4597.0000, 1000.0000, 0.0000,  4634.0000, 830.0000, 0.0000,  255, 0, 0
L 4410.0000, 1079.0000, 0.0000,  4597.0000, 1000.0000, 0.0000,  255, 0, 0
L 4194.0000, 1222.0000, 0.0000,  4410.0000, 1079.0000, 0.0000,  255, 0, 0
L 4166.0000, 1441.0000, 0.0000,  4194.0000, 1222.0000, 0.0000,  255, 0, 0
L 4161.0000, 1664.0000, 0.0000,  4166.0000, 1441.0000, 0.0000,  255, 0, 0
L 4143.0000, 1739.0000, 0.0000,  4161.0000, 1664.0000, 0.0000,  255, 0, 0
L 3942.0000, 1890.0000, 0.0000,  4143.0000, 1739.0000, 0.0000,  255, 0, 0
L 3844.0000, 1979.0000, 0.0000,  3942.0000, 1890.0000, 0.0000,  255, 0, 0
L 3799.0000, 2108.0000, 0.0000,  3844.0000, 1979.0000, 0.0000,  255, 0, 0
L 3795.0000, 2232.0000, 0.0000,  3799.0000, 2108.0000, 0.0000,  255, 0, 0
L 3836.0000, 2298.0000, 0.0000,  3795.0000, 2232.0000, 0.0000,  255, 0, 0
L 3839.0000, 2442.0000, 0.0000,  3836.0000, 2298.0000, 0.0000,  255, 0, 0
L 3931.0000, 2592.0000, 0.0000,  3839.0000, 2442.0000, 0.0000,  255, 0, 0
L 3986.0000, 2627.0000, 0.0000,  3931.0000, 2592.0000, 0.0000,  255, 0, 0
L 4057.0000, 2655.0000, 0.0000,  3986.0000, 2627.0000, 0.0000,  255, 0, 0
L 4151.0000, 2668.0000, 0.0000,  4057.0000, 2655.0000, 0.0000,  255, 0, 0
L 4213.0000, 2785.0000, 0.0000,  4151.0000, 2668.0000, 0.0000,  255, 0, 0
L 4245.0000, 2916.0000, 0.0000,  4213.0000, 2785.0000, 0.0000,  255, 0, 0
L 4236.0000, 3014.0000, 0.0000,  4245.0000, 2916.0000, 0.0000,  255, 0, 0
L 4238.0000, 3108.0000, 0.0000,  4236.0000, 3014.0000, 0.0000,  255, 0, 0
L 4257.0000, 3166.0000, 0.0000,  4238.0000, 3108.0000, 0.0000,  255, 0, 0
L 4300.0000, 3217.0000, 0.0000,  4257.0000, 3166.0000, 0.0000,  255, 0, 0
L 4411.0000, 3240.0000, 0.0000,  4300.0000, 3217.0000, 0.0000,  255, 0, 0
L 4499.0000, 3256.0000, 0.0000,  4411.0000, 3240.0000, 0.0000,  255, 0, 0
L 4613.0000, 3276.0000, 0.0000,  4499.0000, 3256.0000, 0.0000,  255, 0, 0
L 4735.0000, 3295.0000, 0.0000,  4613.0000, 3276.0000, 0.0000,  255, 0, 0
L 4823.0000, 3312.0000, 0.0000,  4735.0000, 3295.0000, 0.0000,  255, 0, 0
L 4931.0000, 3325.0000, 0.0000,  4823.0000, 3312.0000, 0.0000,  255, 0, 0
L 5017.0000, 3262.0000, 0.0000,  4931.0000, 3325.0000, 0.0000,  255, 0, 0
L 5090.0000, 3198.0000, 0.0000,  5017.0000, 3262.0000, 0.0000,  255, 0, 0
L 5157.0000, 3086.0000, 0.0000,  5090.0000, 3198.0000, 0.0000,  255, 0, 0
L 5177.0000, 3012.0000, 0.0000,  5157.0000, 3086.0000, 0.0000,  255, 0, 0
L 5178.0000, 2875.0000, 0.0000,  5177.0000, 3012.0000, 0.0000,  255, 0, 0
L 5213.0000, 2756.0000, 0.0000,  5178.0000, 2875.0000, 0.0000,  255, 0, 0
L 5244.0000, 2641.0000, 0.0000,  5213.0000, 2756.0000, 0.0000,  255, 0, 0
L 5268.0000, 2550.0000, 0.0000,  5244.0000, 2641.0000, 0.0000,  255, 0, 0
L 5352.0000, 2471.0000, 0.0000,  5268.0000, 2550.0000, 0.0000,  255, 0, 0
L 5402.0000, 2411.0000, 0.0000,  5352.0000, 2471.0000, 0.0000,  255, 0, 0
L 5447.0000, 2295.0000, 0.0000,  5402.0000, 2411.0000, 0.0000,  255, 0, 0
L 5513.0000, 2040.0000, 0.0000,  5447.0000, 2295.0000, 0.0000,  255, 0, 0
L 5635.0000, 1943.0000, 0.0000,  5513.0000, 2040.0000, 0.0000,  255, 0, 0
L 5747.0000, 1901.0000, 0.0000,  5635.0000, 1943.0000, 0.0000,  255, 0, 0
L 5911.0000, 1857.0000, 0.0000,  5747.0000, 1901.0000, 0.0000,  255, 0, 0
L 5929.0000, 1701.0000, 0.0000,  5911.0000, 1857.0000, 0.0000,  255, 0, 0
L 5929.0000, 1701.0000, 0.0000,  5929.0000, 1701.0000, 0.0000,  255, 0, 0
L 6077.0000, 1761.0000, 0.0000,  6080.0000, 1893.0000, 0.0000,  255, 0, 0
L 6204.0000, 1777.0000, 0.0000,  6077.0000, 1761.0000, 0.0000,  255, 0, 0
L 6347.0000, 1904.0000, 0.0000,  6204.0000, 1777.0000, 0.0000,  255, 0, 0
L 6454.0000, 2084.0000, 0.0000,  6347.0000, 1904.0000, 0.0000,  255, 0, 0
L 6453.0000, 2179.0000, 0.0000,  6454.0000, 2084.0000, 0.0000,  255, 0, 0
L 6407.0000, 2286.0000, 0.0000,  6453.0000, 2179.0000, 0.0000,  255, 0, 0
L 6365.0000, 2417.0000, 0.0000,  6407.0000, 2286.0000, 0.0000,  255, 0, 0
L 6293.0000, 2535.0000, 0.0000,  6365.0000, 2417.0000, 0.0000,  255, 0, 0
L 6248.0000, 2676.0000, 0.0000,  6293.0000, 2535.0000, 0.0000,  255, 0, 0
L 6250.0000, 2832.0000, 0.0000,  6248.0000, 2676.0000, 0.0000,  255, 0, 0
L 6314.0000, 2966.0000, 0.0000,  6250.0000, 2832.0000, 0.0000,  255, 0, 0
L 6444.0000, 3076.0000, 0.0000,  6314.0000, 2966.0000, 0.0000,  255, 0, 0
L 6600.0000, 3086.0000, 0.0000,  6444.0000, 3076.0000, 0.0000,  255, 0, 0
L 6689.0000, 3057.0000, 0.0000,  6600.0000, 3086.0000, 0.0000,  255, 0, 0
L 6795.0000, 2973.0000, 0.0000,  6689.0000, 3057.0000, 0.0000,  255, 0, 0
L 6887.0000, 2972.0000, 0.0000,  6795.0000, 2973.0000, 0.0000,  255, 0, 0
L 7005.0000, 3010.0000, 0.0000,  6887.0000, 2972.0000, 0.0000,  255, 0, 0
L 7116.0000, 3165.0000, 0.0000,  7005.0000, 3010.0000, 0.0000,  255, 0, 0
L 7264.0000, 3162.0000, 0.0000,  7116.0000, 3165.0000, 0.0000,  255, 0, 0
L 7378.0000, 3102.0000, 0.0000,  7264.0000, 3162.0000, 0.0000,  255, 0, 0
L 7443.0000, 3162.0000, 0.0000,  7378.0000, 3102.0000, 0.0000,  255, 0, 0
L 7524.0000, 3112.0000, 0.0000,  7443.0000, 3162.0000, 0.0000,  255, 0, 0
L 7647.0000, 3237.0000, 0.0000,  7524.0000, 3112.0000, 0.0000,  255, 0, 0
L 7647.0000, 3237.0000, 0.0000,  7647.0000, 3237.0000, 0.0000,  255, 0, 0
L 7774.0000, 3192.0000, 0.0000,  7647.0000, 3237.0000, 0.0000,  153, 153, 153
L 7811.0000, 3166.0000, 0.0000,  7774.0000, 3192.0000, 0.0000,  153, 153, 153
L 7853.0000, 3153.0000, 0.0000,  7811.0000, 3166.0000, 0.0000,  153, 153, 153
L 7909.0000, 3133.0000, 0.0000,  7853.0000, 3153.0000, 0.0000,  153, 153, 153
L 7981.0000, 3118.0000, 0.0000,  7909.0000, 3133.0000, 0.0000,  153, 153, 153
L 8127.0000, 3116.0000, 0.0000,  7981.0000, 3118.0000, 0.0000,  153, 153, 153
L 8163.0000, 3105.0000, 0.0000,  8127.0000, 3116.0000, 0.0000,  153, 153, 153
L 8202.0000, 3065.0000, 0.0000,  8163.0000, 3105.0000, 0.0000,  153, 153, 153
L 8219.0000, 3042.0000, 0.0000,  8202.0000, 3065.0000, 0.0000,  153, 153, 153
L 8247.0000, 3046.0000, 0.0000,  8219.0000, 3042.0000, 0.0000,  153, 153, 153
L 8277.0000, 3073.0000, 0.0000,  8247.0000, 3046.0000, 0.0000,  153, 153, 153
L 8320.0000, 3075.0000, 0.0000,  8277.0000, 3073.0000, 0.0000,  153, 153, 153
L 8334.0000, 3091.0000, 0.0000,  8320.0000, 3075.0000, 0.0000,  153, 153, 153
L 8334.0000, 3091.0000, 0.0000,  8334.0000, 3091.0000, 0.0000,  153, 153, 153
L -671.0000, -11.0000, 0.0000,  -826.0000, -13.0000, 0.0000,  153, 0, 0
L -487.0000, -10.0000, 0.0000,  -671.0000, -11.0000, 0.0000,  153, 0, 0
L -180.0000, -12.0000, 0.0000,  -487.0000, -10.0000, 0.0000,  153, 0, 0
L 24.0000, -9.0000, 0.0000,  -180.0000, -12.0000, 0.0000,  153, 0, 0
L 42.0000, 308.0000, 0.0000,  24.0000, -9.0000, 0.0000,  153, 0, 0
L 233.0000, 474.0000, 0.0000,  42.0000, 308.0000, 0.0000,  153, 0, 0
L 416.0000, 625.0000, 0.0000,  233.0000, 474.0000, 0.0000,  153, 0, 0
L 600.0000, 629.0000, 0.0000,  416.0000, 625.0000, 0.0000,  153, 0, 0
L 784.0000, 630.0000, 0.0000,  600.0000, 629.0000, 0.0000,  153, 0, 0
L 1336.0000, 634.0000, 0.0000,  784.0000, 630.0000, 0.0000,  153, 0, 0
L 1541.0000, 610.0000, 0.0000,  1336.0000, 634.0000, 0.0000,  153, 0, 0
L 1909.0000, 306.0000, 0.0000,  1541.0000, 610.0000, 0.0000,  153, 0, 0
L 2232.0000, 305.0000, 0.0000,  1909.0000, 306.0000, 0.0000,  153, 0, 0
L 2232.0000, 305.0000, 0.0000,  2232.0000, 305.0000, 0.0000,  153, 0, 0
L 3166.0000, 458.0000, 0.0000,  2815.0000, 459.0000, 0.0000,  153, 153, 153
L 3283.0000, 424.0000, 0.0000,  3166.0000, 458.0000, 0.0000,  153, 153, 153
L 3319.0000, 412.0000, 0.0000,  3283.0000, 424.0000, 0.0000,  153, 153, 153
L 3354.0000, 385.0000, 0.0000,  3319.0000, 412.0000, 0.0000,  153, 153, 153
L 3482.0000, 309.0000, 0.0000,  3354.0000, 385.0000, 0.0000,  153, 153, 153
L 3644.0000, 261.0000, 0.0000,  3482.0000, 309.0000, 0.0000,  153, 153, 153
L 3689.0000, 258.0000, 0.0000,  3644.0000, 261.0000, 0.0000,  153, 153, 153
L 3797.0000, 266.0000, 0.0000,  3689.0000, 258.0000, 0.0000,  153, 153, 153
L 3832.0000, 266.0000, 0.0000,  3797.0000, 266.0000, 0.0000,  153, 153, 153
L 3892.0000, 264.0000, 0.0000,  3832.0000, 266.0000, 0.0000,  153, 153, 153
L 3947.0000, 263.0000, 0.0000,  3892.0000, 264.0000, 0.0000,  153, 153, 153
L 4020.0000, 266.0000, 0.0000,  3947.0000, 263.0000, 0.0000,  153, 153, 153
L 4057.0000, 289.0000, 0.0000,  4020.0000, 266.0000, 0.0000,  153, 153, 153
L 4152.0000, 366.0000, 0.0000,  4057.0000, 289.0000, 0.0000,  153, 153, 153
L 4194.0000, 394.0000, 0.0000,  4152.0000, 366.0000, 0.0000,  153, 153, 153
L 4327.0000, 449.0000, 0.0000,  4194.0000, 394.0000, 0.0000,  153, 153, 153
L 4355.0000, 483.0000, 0.0000,  4327.0000, 449.0000, 0.0000,  153, 153, 153
L 4387.0000, 529.0000, 0.0000,  4355.0000, 483.0000, 0.0000,  153, 153, 153
L 4397.0000, 545.0000, 0.0000,  4387.0000, 529.0000, 0.0000,  153, 153, 153
L 4403.0000, 580.0000, 0.0000,  4397.0000, 545.0000, 0.0000,  153, 153, 153
L 4424.0000, 644.0000, 0.0000,  4403.0000, 580.0000, 0.0000,  153, 153, 153
L 4435.0000, 675.0000, 0.0000,  4424.0000, 644.0000, 0.0000,  153, 153, 153
L 4440.0000, 723.0000, 0.0000,  4435.0000, 675.0000, 0.0000,  153, 153, 153
L 4423.0000, 830.0000, 0.0000,  4440.0000, 723.0000, 0.0000,  153, 153, 153
L 4423.0000, 858.0000, 0.0000,  4423.0000, 830.0000, 0.0000,  153, 153, 153
L 4429.0000, 935.0000, 0.0000,  4423.0000, 858.0000, 0.0000,  153, 153, 153
L 4414.0000, 962.0000, 0.0000,  4429.0000, 935.0000, 0.0000,  153, 153, 153
L 4391.0000, 1008.0000, 0.0000,  4414.0000, 962.0000, 0.0000,  153, 153, 153
L 4379.0000, 1035.0000, 0.0000,  4391.0000, 1008.0000, 0.0000,  153, 153, 153
L 4342.0000, 1069.0000, 0.0000,  4379.0000, 1035.0000, 0.0000,  153, 153, 153
L 4245.0000, 1125.0000, 0.0000,  4342.0000, 1069.0000, 0.0000,  153, 153, 153
L 4219.0000, 1134.0000, 0.0000,  4245.0000, 1125.0000, 0.0000,  153, 153, 153
L 4150.0000, 1178.0000, 0.0000,  4219.0000, 1134.0000, 0.0000,  153, 153, 153
L 4133.0000, 1235.0000, 0.0000,  4150.0000, 1178.0000, 0.0000,  153, 153, 153
L 4116.0000, 1320.0000, 0.0000,  4133.0000, 1235.0000, 0.0000,  153, 153, 153
L 4105.0000, 1386.0000, 0.0000,  4116.0000, 1320.0000, 0.0000,  153, 153, 153
L 4072.0000, 1511.0000, 0.0000,  4105.0000, 1386.0000, 0.0000,  153, 153, 153
L 4074.0000, 1538.0000, 0.0000,  4072.0000, 1511.0000, 0.0000,  153, 153, 153
L 4064.0000, 1616.0000, 0.0000,  4074.0000, 1538.0000, 0.0000,  153, 153, 153
L 4064.0000, 1631.0000, 0.0000,  4064.0000, 1616.0000, 0.0000,  153, 153, 153
L 4065.0000, 1684.0000, 0.0000,  4064.0000, 1631.0000, 0.0000,  153, 153, 153
L 3945.0000, 1790.0000, 0.0000,  4065.0000, 1684.0000, 0.0000,  153, 153, 153
L 3815.0000, 1922.0000, 0.0000,  3945.0000, 1790.0000, 0.0000,  153, 153, 153
L 3789.0000, 1968.0000, 0.0000,  3815.0000, 1922.0000, 0.0000,  153, 153, 153
L 3731.0000, 2121.0000, 0.0000,  3789.0000, 1968.0000, 0.0000,  153, 153, 153
L 3731.0000, 2185.0000, 0.0000,  3731.0000, 2121.0000, 0.0000,  153, 153, 153
L 3711.0000, 2356.0000, 0.0000,  3731.0000, 2185.0000, 0.0000,  153, 153, 153
L 3725.0000, 2410.0000, 0.0000,  3711.0000, 2356.0000, 0.0000,  153, 153, 153
L 3759.0000, 2513.0000, 0.0000,  3725.0000, 2410.0000, 0.0000,  153, 153, 153
L 3799.0000, 2553.0000, 0.0000,  3759.0000, 2513.0000, 0.0000,  153, 153, 153
L 3880.0000, 2629.0000, 0.0000,  3799.0000, 2553.0000, 0.0000,  153, 153, 153
L 3911.0000, 2646.0000, 0.0000,  3880.0000, 2629.0000, 0.0000,  153, 153, 153
L 4040.0000, 2706.0000, 0.0000,  3911.0000, 2646.0000, 0.0000,  153, 153, 153
L 4113.0000, 2728.0000, 0.0000,  4040.0000, 2706.0000, 0.0000,  153, 153, 153
L 4132.0000, 2783.0000, 0.0000,  4113.0000, 2728.0000, 0.0000,  153, 153, 153
L 4183.0000, 2951.0000, 0.0000,  4132.0000, 2783.0000, 0.0000,  153, 153, 153
L 4179.0000, 3115.0000, 0.0000,  4183.0000, 2951.0000, 0.0000,  153, 153, 153
L 4183.0000, 3171.0000, 0.0000,  4179.0000, 3115.0000, 0.0000,  153, 153, 153
L 4205.0000, 3193.0000, 0.0000,  4183.0000, 3171.0000, 0.0000,  153, 153, 153
L 4260.0000, 3257.0000, 0.0000,  4205.0000, 3193.0000, 0.0000,  153, 153, 153
L 4285.0000, 3269.0000, 0.0000,  4260.0000, 3257.0000, 0.0000,  153, 153, 153
L 4337.0000, 3292.0000, 0.0000,  4285.0000, 3269.0000, 0.0000,  153, 153, 153
L 4456.0000, 3294.0000, 0.0000,  4337.0000, 3292.0000, 0.0000,  153, 153, 153
L 4511.0000, 3306.0000, 0.0000,  4456.0000, 3294.0000, 0.0000,  153, 153, 153
L 4624.0000, 3324.0000, 0.0000,  4511.0000, 3306.0000, 0.0000,  153, 153, 153
L 4900.0000, 3377.0000, 0.0000,  4624.0000, 3324.0000, 0.0000,  153, 153, 153
L 4955.0000, 3377.0000, 0.0000,  4900.0000, 3377.0000, 0.0000,  153, 153, 153
L 5101.0000, 3290.0000, 0.0000,  4955.0000, 3377.0000, 0.0000,  153, 153, 153
L 5174.0000, 3202.0000, 0.0000,  5101.0000, 3290.0000, 0.0000,  153, 153, 153
L 5220.0000, 3136.0000, 0.0000,  5174.0000, 3202.0000, 0.0000,  153, 153, 153
L 5223.0000, 3048.0000, 0.0000,  5220.0000, 3136.0000, 0.0000,  153, 153, 153
L 5231.0000, 2993.0000, 0.0000,  5223.0000, 3048.0000, 0.0000,  153, 153, 153
L 5239.0000, 2908.0000, 0.0000,  5231.0000, 2993.0000, 0.0000,  153, 153, 153
L 5245.0000, 2824.0000, 0.0000,  5239.0000, 2908.0000, 0.0000,  153, 153, 153
L 5269.0000, 2745.0000, 0.0000,  5245.0000, 2824.0000, 0.0000,  153, 153, 153
L 5293.0000, 2668.0000, 0.0000,  5269.0000, 2745.0000, 0.0000,  153, 153, 153
L 5321.0000, 2594.0000, 0.0000,  5293.0000, 2668.0000, 0.0000,  153, 153, 153
L 5418.0000, 2497.0000, 0.0000,  5321.0000, 2594.0000, 0.0000,  153, 153, 153
L 5470.0000, 2397.0000, 0.0000,  5418.0000, 2497.0000, 0.0000,  153, 153, 153
L 5492.0000, 2345.0000, 0.0000,  5470.0000, 2397.0000, 0.0000,  153, 153, 153
L 5502.0000, 2291.0000, 0.0000,  5492.0000, 2345.0000, 0.0000,  153, 153, 153
L 5511.0000, 2239.0000, 0.0000,  5502.0000, 2291.0000, 0.0000,  153, 153, 153
L 5519.0000, 2190.0000, 0.0000,  5511.0000, 2239.0000, 0.0000,  153, 153, 153
L 5538.0000, 2108.0000, 0.0000,  5519.0000, 2190.0000, 0.0000,  153, 153, 153
L 5574.0000, 2043.0000, 0.0000,  5538.0000, 2108.0000, 0.0000,  153, 153, 153
L 5641.0000, 1996.0000, 0.0000,  5574.0000, 2043.0000, 0.0000,  153, 153, 153
L 5676.0000, 1981.0000, 0.0000,  5641.0000, 1996.0000, 0.0000,  153, 153, 153
L 5795.0000, 1937.0000, 0.0000,  5676.0000, 1981.0000, 0.0000,  153, 153, 153
L 5912.0000, 1919.0000, 0.0000,  5795.0000, 1937.0000, 0.0000,  153, 153, 153
L 6032.0000, 1898.0000, 0.0000,  5912.0000, 1919.0000, 0.0000,  153, 153, 153
L 6069.0000, 1894.0000, 0.0000,  6032.0000, 1898.0000, 0.0000,  153, 153, 153
L 6069.0000, 1894.0000, 0.0000,  6069.0000, 1894.0000, 0.0000,  153, 153, 153
L 6208.0000, 1732.0000, 0.0000,  5934.0000, 1704.0000, 0.0000,  153, 153, 153
L 6346.0000, 1837.0000, 0.0000,  6208.0000, 1732.0000, 0.0000,  153, 153, 153
L 6515.0000, 2027.0000, 0.0000,  6346.0000, 1837.0000, 0.0000,  153, 153, 153
L 6531.0000, 2166.0000, 0.0000,  6515.0000, 2027.0000, 0.0000,  153, 153, 153
L 6427.0000, 2379.0000, 0.0000,  6531.0000, 2166.0000, 0.0000,  153, 153, 153
L 6349.0000, 2537.0000, 0.0000,  6427.0000, 2379.0000, 0.0000,  153, 153, 153
L 6310.0000, 2641.0000, 0.0000,  6349.0000, 2537.0000, 0.0000,  153, 153, 153
L 6301.0000, 2691.0000, 0.0000,  6310.0000, 2641.0000, 0.0000,  153, 153, 153
L 6300.0000, 2707.0000, 0.0000,  6301.0000, 2691.0000, 0.0000,  153, 153, 153
L 6305.0000, 2727.0000, 0.0000,  6300.0000, 2707.0000, 0.0000,  153, 153, 153
L 6311.0000, 2764.0000, 0.0000,  6305.0000, 2727.0000, 0.0000,  153, 153, 153
L 6320.0000, 2813.0000, 0.0000,  6311.0000, 2764.0000, 0.0000,  153, 153, 153
L 6330.0000, 2868.0000, 0.0000,  6320.0000, 2813.0000, 0.0000,  153, 153, 153
L 6361.0000, 2910.0000, 0.0000,  6330.0000, 2868.0000, 0.0000,  153, 153, 153
L 6401.0000, 2949.0000, 0.0000,  6361.0000, 2910.0000, 0.0000,  153, 153, 153
L 6442.0000, 2988.0000, 0.0000,  6401.0000, 2949.0000, 0.0000,  153, 153, 153
L 6478.0000, 3020.0000, 0.0000,  6442.0000, 2988.0000, 0.0000,  153, 153, 153
L 6513.0000, 3032.0000, 0.0000,  6478.0000, 3020.0000, 0.0000,  153, 153, 153
L 6557.0000, 3034.0000, 0.0000,  6513.0000, 3032.0000, 0.0000,  153, 153, 153
L 6613.0000, 3023.0000, 0.0000,  6557.0000, 3034.0000, 0.0000,  153, 153, 153
L 6665.0000, 3006.0000, 0.0000,  6613.0000, 3023.0000, 0.0000,  153, 153, 153
L 6781.0000, 2947.0000, 0.0000,  6665.0000, 3006.0000, 0.0000,  153, 153, 153
L 6895.0000, 2933.0000, 0.0000,  6781.0000, 2947.0000, 0.0000,  153, 153, 153
L 6978.0000, 2945.0000, 0.0000,  6895.0000, 2933.0000, 0.0000,  153, 153, 153
L 7097.0000, 3080.0000, 0.0000,  6978.0000, 2945.0000, 0.0000,  153, 153, 153
L 7170.0000, 3116.0000, 0.0000,  7097.0000, 3080.0000, 0.0000,  153, 153, 153
L 7352.0000, 3052.0000, 0.0000,  7170.0000, 3116.0000, 0.0000,  153, 153, 153
L 7491.0000, 3039.0000, 0.0000,  7352.0000, 3052.0000, 0.0000,  153, 153, 153
L 7647.0000, 2941.0000, 0.0000,  7491.0000, 3039.0000, 0.0000,  153, 153, 153
L 7937.0000, 3079.0000, 0.0000,  7647.0000, 2941.0000, 0.0000,  153, 153, 153
L 8148.0000, 3073.0000, 0.0000,  7937.0000, 3079.0000, 0.0000,  153, 153, 153
L 8226.0000, 3020.0000, 0.0000,  8148.0000, 3073.0000, 0.0000,  153, 153, 153
L 8290.0000, 3064.0000, 0.0000,  8226.0000, 3020.0000, 0.0000,  153, 153, 153
L 8330.0000, 3065.0000, 0.0000,  8290.0000, 3064.0000, 0.0000,  153, 153, 153
L 8330.0000, 3065.0000, 0.0000,  8330.0000, 3065.0000, 0.0000,  153, 153, 153
P -865.0000, -15.0000, 0.0000,  255, 255, 255,  2,  Succor
P 2200.0000, -3400.0000, 0.0000,  255, 255, 0,  2,  Gorge
P 7600.0000, 3100.0000, 0.0000,  255, 255, 0,  2,  Highhold
P -1200.0000, -100.0000, 0.0000,  255, 255, 0,  2,  North
P -425.0000, -1300.0000, 0.0000,  255, 255, 255,  2,  Druid
