L 186.0000, 794.0000, 0.0000,  178.0000, 794.0000, 0.0000,  153, 153, 153
L 178.0000, 794.0000, 0.0000,  173.0000, 781.0000, 0.0000,  153, 153, 153
L 173.0000, 781.0000, 0.0000,  164.0000, 780.0000, 0.0000,  153, 153, 153
L 164.0000, 780.0000, 0.0000,  149.0000, 765.0000, 0.0000,  153, 153, 153
L 149.0000, 765.0000, 0.0000,  140.0000, 764.0000, 0.0000,  153, 153, 153
L 140.0000, 764.0000, 0.0000,  129.0000, 772.0000, 0.0000,  153, 153, 153
L 129.0000, 772.0000, 0.0000,  120.0000, 765.0000, 0.0000,  153, 153, 153
L 120.0000, 765.0000, 0.0000,  96.0000, 764.0000, 0.0000,  153, 153, 153
L 96.0000, 764.0000, 0.0000,  80.0000, 753.0000, 0.0000,  153, 153, 153
L 80.0000, 753.0000, 0.0000,  97.0000, 736.0000, 0.0000,  153, 153, 153
L 97.0000, 736.0000, 0.0000,  97.0000, 702.0000, 0.0000,  153, 153, 153
L 97.0000, 702.0000, 0.0000,  81.0000, 686.0000, 0.0000,  153, 153, 153
L 81.0000, 686.0000, 0.0000,  81.0000, 674.0000, 0.0000,  153, 153, 153
L 81.0000, 674.0000, 0.0000,  112.0000, 674.0000, 0.0000,  153, 153, 153
L 112.0000, 674.0000, 0.0000,  114.0000, 673.0000, 0.0000,  153, 153, 153
L 114.0000, 673.0000, 0.0000,  157.0000, 673.0000, 0.0000,  153, 153, 153
L 208.0000, 705.0000, 0.0000,  209.0000, 673.0000, 0.0000,  153, 153, 153
L 209.0000, 673.0000, 0.0000,  301.0000, 673.0000, 0.0000,  153, 153, 153
L 301.0000, 673.0000, 0.0000,  301.0000, 684.0000, 0.0000,  153, 153, 153
L 301.0000, 684.0000, 0.0000,  289.0000, 684.0000, 0.0000,  153, 153, 153
L 289.0000, 684.0000, 0.0000,  283.0000, 676.0000, 0.0000,  153, 153, 153
L 283.0000, 676.0000, 0.0000,  274.0000, 677.0000, 0.0000,  153, 153, 153
L 274.0000, 677.0000, 0.0000,  269.0000, 681.0000, 0.0000,  153, 153, 153
L 269.0000, 681.0000, 0.0000,  269.0000, 684.0000, 0.0000,  153, 153, 153
L 269.0000, 684.0000, 0.0000,  255.0000, 684.0000, 0.0000,  153, 153, 153
L 255.0000, 684.0000, 0.0000,  253.0000, 735.0000, 0.0000,  153, 153, 153
L 253.0000, 735.0000, 0.0000,  278.0000, 740.0000, 0.0000,  153, 153, 153
L 278.0000, 740.0000, 0.0000,  285.0000, 752.0000, 0.0000,  153, 153, 153
L 285.0000, 752.0000, 0.0000,  317.0000, 768.0000, 0.0000,  153, 153, 153
L 317.0000, 768.0000, 0.0000,  334.0000, 769.0000, 0.0000,  153, 153, 153
L 334.0000, 769.0000, 0.0000,  349.0000, 784.0000, 0.0000,  153, 153, 153
L 349.0000, 784.0000, 0.0000,  365.0000, 785.0000, 0.0000,  153, 153, 153
L 365.0000, 785.0000, 0.0000,  365.0000, 799.0000, 0.0000,  153, 153, 153
L 365.0000, 799.0000, 0.0000,  382.0000, 801.0000, 0.0000,  153, 153, 153
L 382.0000, 801.0000, 0.0000,  397.0000, 816.0000, 0.0000,  153, 153, 153
L 397.0000, 816.0000, 0.0000,  397.0000, 830.0000, 0.0000,  153, 153, 153
L 397.0000, 830.0000, 0.0000,  397.0000, 910.0000, 0.0000,  153, 153, 153
L 397.0000, 910.0000, 0.0000,  381.0000, 941.0000, 0.0000,  153, 153, 153
L 381.0000, 941.0000, 0.0000,  366.0000, 956.0000, 0.0000,  153, 153, 153
L 366.0000, 956.0000, 0.0000,  336.0000, 956.0000, 0.0000,  153, 153, 153
L 336.0000, 956.0000, 0.0000,  307.0000, 957.0000, 0.0000,  153, 153, 153
L 307.0000, 957.0000, 0.0000,  302.0000, 941.0000, 0.0000,  153, 153, 153
L 302.0000, 941.0000, 0.0000,  269.0000, 939.0000, 0.0000,  153, 153, 153
L 269.0000, 939.0000, 0.0000,  270.0000, 942.0000, 0.0000,  153, 153, 153
L 270.0000, 942.0000, 0.0000,  285.0000, 945.0000, 0.0000,  153, 153, 153
L 285.0000, 945.0000, 0.0000,  293.0000, 959.0000, 0.0000,  153, 153, 153
L 293.0000, 959.0000, 0.0000,  298.0000, 967.0000, 0.0000,  153, 153, 153
L 298.0000, 967.0000, 0.0000,  324.0000, 969.0000, 0.0000,  153, 153, 153
L 324.0000, 969.0000, 0.0000,  337.0000, 980.0000, 0.0000,  153, 153, 153
L 337.0000, 980.0000, 0.0000,  349.0000, 1008.0000, 0.0000,  153, 153, 153
L 349.0000, 1008.0000, 0.0000,  367.0000, 1020.0000, 0.0000,  153, 153, 153
L 367.0000, 1020.0000, 0.0000,  351.0000, 1020.0000, 0.0000,  153, 153, 153
L 351.0000, 1020.0000, 0.0000,  349.0000, 1118.0000, 0.0000,  153, 153, 153
L 349.0000, 1118.0000, 0.0000,  355.0000, 1121.0000, 0.0000,  153, 153, 153
L 355.0000, 1121.0000, 0.0000,  355.0000, 1148.0000, 0.0000,  153, 153, 153
L 355.0000, 1148.0000, 0.0000,  345.0000, 1148.0000, 0.0000,  153, 153, 153
L 345.0000, 1148.0000, 0.0000,  345.0000, 1146.0000, 0.0000,  153, 153, 153
L 345.0000, 1146.0000, 0.0000,  341.0000, 1142.0000, 0.0000,  153, 153, 153
L 341.0000, 1142.0000, 0.0000,  332.0000, 1140.0000, 0.0000,  153, 153, 153
L 332.0000, 1140.0000, 0.0000,  325.0000, 1145.0000, 0.0000,  153, 153, 153
L 325.0000, 1145.0000, 0.0000,  325.0000, 1148.0000, 0.0000,  153, 153, 153
L 325.0000, 1148.0000, 0.0000,  303.0000, 1148.0000, 0.0000,  153, 153, 153
L 303.0000, 1148.0000, 0.0000,  301.0000, 1229.0000, 0.0000,  153, 153, 153
L 301.0000, 1229.0000, 0.0000,  296.0000, 1231.0000, 0.0000,  153, 153, 153
L 296.0000, 1231.0000, 0.0000,  287.0000, 1227.0000, 0.0000,  153, 153, 153
L 287.0000, 1227.0000, 0.0000,  277.0000, 1227.0000, 0.0000,  153, 153, 153
L 277.0000, 1227.0000, 0.0000,  268.0000, 1237.0000, 0.0000,  153, 153, 153
L 268.0000, 1237.0000, 0.0000,  264.0000, 1250.0000, 0.0000,  153, 153, 153
L 264.0000, 1250.0000, 0.0000,  257.0000, 1260.0000, 0.0000,  153, 153, 153
L 257.0000, 1260.0000, 0.0000,  257.0000, 1245.0000, 0.0000,  153, 153, 153
L 257.0000, 1245.0000, 0.0000,  251.0000, 1249.0000, 0.0000,  153, 153, 153
L 251.0000, 1249.0000, 0.0000,  252.0000, 1280.0000, 0.0000,  153, 153, 153
L 252.0000, 1280.0000, 0.0000,  286.0000, 1281.0000, 0.0000,  153, 153, 153
L 286.0000, 1281.0000, 0.0000,  300.0000, 1294.0000, 0.0000,  153, 153, 153
L 300.0000, 1294.0000, 0.0000,  301.0000, 1359.0000, 0.0000,  153, 153, 153
L 301.0000, 1359.0000, 0.0000,  317.0000, 1394.0000, 0.0000,  153, 153, 153
L 317.0000, 1394.0000, 0.0000,  317.0000, 1419.0000, 0.0000,  153, 153, 153
L 317.0000, 1419.0000, 0.0000,  305.0000, 1419.0000, 0.0000,  153, 153, 153
L 305.0000, 1419.0000, 0.0000,  290.0000, 1404.0000, 0.0000,  153, 153, 153
L 290.0000, 1404.0000, 0.0000,  289.0000, 1388.0000, 0.0000,  153, 153, 153
L 289.0000, 1388.0000, 0.0000,  202.0000, 1388.0000, 0.0000,  153, 153, 153
L 202.0000, 1388.0000, 0.0000,  203.0000, 1404.0000, 0.0000,  153, 153, 153
L 203.0000, 1404.0000, 0.0000,  188.0000, 1419.0000, 0.0000,  153, 153, 153
L 188.0000, 1419.0000, 0.0000,  183.0000, 1418.0000, 0.0000,  153, 153, 153
L 183.0000, 1418.0000, 0.0000,  177.0000, 1406.0000, 0.0000,  153, 153, 153
L 177.0000, 1406.0000, 0.0000,  193.0000, 1372.0000, 0.0000,  153, 153, 153
L 193.0000, 1372.0000, 0.0000,  193.0000, 1358.0000, 0.0000,  153, 153, 153
L 193.0000, 1358.0000, 0.0000,  177.0000, 1326.0000, 0.0000,  153, 153, 153
L 177.0000, 1326.0000, 0.0000,  177.0000, 1295.0000, 0.0000,  153, 153, 153
L 177.0000, 1295.0000, 0.0000,  192.0000, 1281.0000, 0.0000,  153, 153, 153
L 192.0000, 1281.0000, 0.0000,  225.0000, 1281.0000, 0.0000,  153, 153, 153
L 225.0000, 1281.0000, 0.0000,  227.0000, 1246.0000, 0.0000,  153, 153, 153
L 227.0000, 1246.0000, 0.0000,  221.0000, 1246.0000, 0.0000,  153, 153, 153
L 221.0000, 1246.0000, 0.0000,  221.0000, 1265.0000, 0.0000,  153, 153, 153
L 221.0000, 1265.0000, 0.0000,  216.0000, 1258.0000, 0.0000,  153, 153, 153
L 216.0000, 1258.0000, 0.0000,  213.0000, 1248.0000, 0.0000,  153, 153, 153
L 213.0000, 1248.0000, 0.0000,  208.0000, 1237.0000, 0.0000,  153, 153, 153
L 208.0000, 1237.0000, 0.0000,  197.0000, 1235.0000, 0.0000,  153, 153, 153
L 197.0000, 1235.0000, 0.0000,  185.0000, 1244.0000, 0.0000,  153, 153, 153
L 185.0000, 1244.0000, 0.0000,  161.0000, 1244.0000, 0.0000,  153, 153, 153
L 161.0000, 1244.0000, 0.0000,  161.0000, 1216.0000, 0.0000,  153, 153, 153
L 161.0000, 1216.0000, 0.0000,  146.0000, 1202.0000, 0.0000,  153, 153, 153
L 146.0000, 1202.0000, 0.0000,  145.0000, 1194.0000, 0.0000,  153, 153, 153
L 145.0000, 1194.0000, 0.0000,  113.0000, 1195.0000, 0.0000,  153, 153, 153
L 113.0000, 1195.0000, 0.0000,  106.0000, 1193.0000, 0.0000,  153, 153, 153
L 106.0000, 1193.0000, 0.0000,  21.0000, 1195.0000, 0.0000,  153, 153, 153
L 21.0000, 1195.0000, 0.0000,  22.0000, 1185.0000, 0.0000,  153, 153, 153
L 22.0000, 1185.0000, 0.0000,  96.0000, 1185.0000, 0.0000,  153, 153, 153
L 96.0000, 1185.0000, 0.0000,  97.0000, 1092.0000, 0.0000,  153, 153, 153
L 97.0000, 1092.0000, 0.0000,  105.0000, 1091.0000, 0.0000,  153, 153, 153
L 105.0000, 1091.0000, 0.0000,  111.0000, 1170.0000, 0.0000,  153, 153, 153
L 111.0000, 1170.0000, 0.0000,  146.0000, 1170.0000, 0.0000,  153, 153, 153
L 146.0000, 1170.0000, 0.0000,  131.0000, 1164.0000, 0.0000,  153, 153, 153
L 131.0000, 1164.0000, 0.0000,  135.0000, 1156.0000, 0.0000,  153, 153, 153
L 135.0000, 1156.0000, 0.0000,  145.0000, 1152.0000, 0.0000,  153, 153, 153
L 145.0000, 1152.0000, 0.0000,  145.0000, 1134.0000, 0.0000,  153, 153, 153
L 145.0000, 1134.0000, 0.0000,  148.0000, 1113.0000, 0.0000,  153, 153, 153
L 148.0000, 1113.0000, 0.0000,  129.0000, 1101.0000, 0.0000,  153, 153, 153
L 129.0000, 1101.0000, 0.0000,  129.0000, 1071.0000, 0.0000,  153, 153, 153
L 129.0000, 1071.0000, 0.0000,  112.0000, 1037.0000, 0.0000,  153, 153, 153
L 112.0000, 1037.0000, 0.0000,  83.0000, 1036.0000, 0.0000,  153, 153, 153
L 83.0000, 1036.0000, 0.0000,  67.0000, 1009.0000, 0.0000,  153, 153, 153
L 67.0000, 1009.0000, 0.0000,  159.0000, 1009.0000, 0.0000,  153, 153, 153
L 159.0000, 1009.0000, 0.0000,  162.0000, 927.0000, 0.0000,  153, 153, 153
L 162.0000, 927.0000, 0.0000,  129.0000, 924.0000, 0.0000,  153, 153, 153
L 129.0000, 924.0000, 0.0000,  131.0000, 896.0000, 0.0000,  153, 153, 153
L 131.0000, 896.0000, 0.0000,  79.0000, 892.0000, 0.0000,  153, 153, 153
L 79.0000, 892.0000, 0.0000,  61.0000, 909.0000, 0.0000,  153, 153, 153
L 61.0000, 909.0000, 0.0000,  61.0000, 940.0000, 0.0000,  153, 153, 153
L 61.0000, 940.0000, 0.0000,  33.0000, 943.0000, 0.0000,  153, 153, 153
L 33.0000, 943.0000, 0.0000,  49.0000, 911.0000, 0.0000,  153, 153, 153
L 49.0000, 911.0000, 0.0000,  49.0000, 894.0000, 0.0000,  153, 153, 153
L 49.0000, 894.0000, 0.0000,  34.0000, 863.0000, 0.0000,  153, 153, 153
L 34.0000, 863.0000, 0.0000,  79.0000, 833.0000, 0.0000,  153, 153, 153
L 79.0000, 833.0000, 0.0000,  110.0000, 849.0000, 0.0000,  153, 153, 153
L 110.0000, 849.0000, 0.0000,  141.0000, 880.0000, 0.0000,  153, 153, 153
L 141.0000, 880.0000, 0.0000,  174.0000, 881.0000, 0.0000,  153, 153, 153
L 174.0000, 881.0000, 0.0000,  206.0000, 897.0000, 0.0000,  153, 153, 153
L 206.0000, 897.0000, 0.0000,  220.0000, 911.0000, 0.0000,  153, 153, 153
L 220.0000, 911.0000, 0.0000,  254.0000, 913.0000, 0.0000,  153, 153, 153
L 254.0000, 913.0000, 0.0000,  286.0000, 928.0000, 0.0000,  153, 153, 153
L 286.0000, 928.0000, 0.0000,  301.0000, 929.0000, 0.0000,  153, 153, 153
L 301.0000, 929.0000, 0.0000,  335.0000, 913.0000, 0.0000,  153, 153, 153
L 335.0000, 913.0000, 0.0000,  351.0000, 895.0000, 0.0000,  153, 153, 153
L 351.0000, 895.0000, 0.0000,  353.0000, 867.0000, 0.0000,  153, 153, 153
L 353.0000, 867.0000, 0.0000,  178.0000, 794.0000, 0.0000,  153, 153, 153
L -94.0000, 397.0000, 0.0000,  -94.0000, 80.0000, 0.0000,  153, 153, 153
L -94.0000, 80.0000, 0.0000,  -79.0000, 65.0000, 0.0000,  153, 153, 153
L -79.0000, 65.0000, 0.0000,  -16.0000, 65.0000, 0.0000,  153, 153, 153
L -16.0000, 65.0000, 0.0000,  -16.0000, 67.0000, 0.0000,  153, 153, 153
L -16.0000, 67.0000, 0.0000,  -13.0000, 69.0000, 0.0000,  153, 153, 153
L -13.0000, 69.0000, 0.0000,  -7.0000, 67.0000, 0.0000,  153, 153, 153
L -7.0000, 67.0000, 0.0000,  -8.0000, 60.0000, 0.0000,  153, 153, 153
L -8.0000, 60.0000, 0.0000,  -8.0000, 41.0000, 0.0000,  153, 153, 153
L -8.0000, 41.0000, 0.0000,  -6.0000, 41.0000, 0.0000,  153, 153, 153
L -6.0000, 41.0000, 0.0000,  -4.0000, 31.0000, 0.0000,  153, 153, 153
L -4.0000, 31.0000, 0.0000,  -7.0000, 26.0000, 0.0000,  153, 153, 153
L -7.0000, 26.0000, 0.0000,  -12.0000, 25.0000, 0.0000,  153, 153, 153
L -12.0000, 25.0000, 0.0000,  -16.0000, 28.0000, 0.0000,  153, 153, 153
L -16.0000, 28.0000, 0.0000,  -30.0000, 14.0000, 0.0000,  153, 153, 153
L -30.0000, 14.0000, 0.0000,  -49.0000, 13.0000, 0.0000,  153, 153, 153
L -49.0000, 13.0000, 0.0000,  -67.0000, 19.0000, 0.0000,  153, 153, 153
L -67.0000, 19.0000, 0.0000,  -80.0000, 28.0000, 0.0000,  153, 153, 153
L -80.0000, 28.0000, 0.0000,  -110.0000, -1.0000, 0.0000,  153, 153, 153
L -110.0000, -1.0000, 0.0000,  -125.0000, -32.0000, 0.0000,  153, 153, 153
L -125.0000, -32.0000, 0.0000,  -110.0000, -63.0000, 0.0000,  153, 153, 153
L -110.0000, -63.0000, 0.0000,  -110.0000, -80.0000, 0.0000,  153, 153, 153
L -110.0000, -80.0000, 0.0000,  -126.0000, -112.0000, 0.0000,  153, 153, 153
L -126.0000, -112.0000, 0.0000,  -126.0000, -143.0000, 0.0000,  153, 153, 153
L -126.0000, -143.0000, 0.0000,  -111.0000, -160.0000, 0.0000,  153, 153, 153
L -111.0000, -160.0000, 0.0000,  -110.0000, -239.0000, 0.0000,  153, 153, 153
L -110.0000, -239.0000, 0.0000,  -95.0000, -254.0000, 0.0000,  153, 153, 153
L -95.0000, -254.0000, 0.0000,  -69.0000, -270.0000, 0.0000,  153, 153, 153
L -69.0000, -270.0000, 0.0000,  -66.0000, -270.0000, 0.0000,  153, 153, 153
L -66.0000, -270.0000, 0.0000,  -66.0000, -191.0000, 0.0000,  153, 153, 153
L -66.0000, -191.0000, 0.0000,  32.0000, -190.0000, 0.0000,  153, 153, 153
L 32.0000, -190.0000, 0.0000,  33.0000, -222.0000, 0.0000,  153, 153, 153
L 33.0000, -222.0000, 0.0000,  36.0000, -222.0000, 0.0000,  153, 153, 153
L 36.0000, -222.0000, 0.0000,  61.0000, -191.0000, 0.0000,  153, 153, 153
L 61.0000, -191.0000, 0.0000,  110.0000, -190.0000, 0.0000,  153, 153, 153
L 110.0000, -190.0000, 0.0000,  141.0000, -174.0000, 0.0000,  153, 153, 153
L 141.0000, -174.0000, 0.0000,  206.0000, -174.0000, 0.0000,  153, 153, 153
L 206.0000, -174.0000, 0.0000,  225.0000, -158.0000, 0.0000,  153, 153, 153
L 225.0000, -158.0000, 0.0000,  271.0000, -158.0000, 0.0000,  153, 153, 153
L 271.0000, -158.0000, 0.0000,  304.0000, -190.0000, 0.0000,  153, 153, 153
L 304.0000, -190.0000, 0.0000,  306.0000, -220.0000, 0.0000,  153, 153, 153
L 306.0000, -220.0000, 0.0000,  329.0000, -222.0000, 0.0000,  153, 153, 153
L 329.0000, -222.0000, 0.0000,  332.0000, -167.0000, 0.0000,  153, 153, 153
L 332.0000, -167.0000, 0.0000,  318.0000, -162.0000, 0.0000,  153, 153, 153
L 318.0000, -162.0000, 0.0000,  282.0000, -131.0000, 0.0000,  153, 153, 153
L 282.0000, -131.0000, 0.0000,  224.0000, -132.0000, 0.0000,  153, 153, 153
L 224.0000, -132.0000, 0.0000,  360.0000, -125.0000, 0.0000,  153, 153, 153
L 360.0000, -125.0000, 0.0000,  364.0000, -70.0000, 0.0000,  153, 153, 153
L 364.0000, -70.0000, 0.0000,  323.0000, -68.0000, 0.0000,  153, 153, 153
L 323.0000, -68.0000, 0.0000,  321.0000, -97.0000, 0.0000,  153, 153, 153
L 321.0000, -97.0000, 0.0000,  211.0000, -99.0000, 0.0000,  153, 153, 153
L 211.0000, -99.0000, 0.0000,  210.0000, -130.0000, 0.0000,  153, 153, 153
L 210.0000, -130.0000, 0.0000,  117.0000, -132.0000, 0.0000,  153, 153, 153
L 117.0000, -132.0000, 0.0000,  75.0000, -164.0000, 0.0000,  153, 153, 153
L 75.0000, -164.0000, 0.0000,  -67.0000, -160.0000, 0.0000,  153, 153, 153
L -67.0000, -160.0000, 0.0000,  -69.0000, -30.0000, 0.0000,  153, 153, 153
L -69.0000, -30.0000, 0.0000,  44.0000, -29.0000, 0.0000,  153, 153, 153
L 44.0000, -29.0000, 0.0000,  43.0000, 14.0000, 0.0000,  153, 153, 153
L 43.0000, 14.0000, 0.0000,  33.0000, 25.0000, 0.0000,  153, 153, 153
L 33.0000, 25.0000, 0.0000,  31.0000, 22.0000, 0.0000,  153, 153, 153
L 31.0000, 22.0000, 0.0000,  19.0000, 24.0000, 0.0000,  153, 153, 153
L 19.0000, 24.0000, 0.0000,  19.0000, 39.0000, 0.0000,  153, 153, 153
L 19.0000, 39.0000, 0.0000,  23.0000, 41.0000, 0.0000,  153, 153, 153
L 23.0000, 41.0000, 0.0000,  23.0000, 57.0000, 0.0000,  153, 153, 153
L 23.0000, 57.0000, 0.0000,  20.0000, 57.0000, 0.0000,  153, 153, 153
L 20.0000, 57.0000, 0.0000,  21.0000, 65.0000, 0.0000,  153, 153, 153
L 21.0000, 65.0000, 0.0000,  24.0000, 69.0000, 0.0000,  153, 153, 153
L 24.0000, 69.0000, 0.0000,  31.0000, 65.0000, 0.0000,  153, 153, 153
L 31.0000, 65.0000, 0.0000,  94.0000, 65.0000, 0.0000,  153, 153, 153
L 94.0000, 65.0000, 0.0000,  109.0000, 80.0000, 0.0000,  153, 153, 153
L 109.0000, 80.0000, 0.0000,  109.0000, 397.0000, 0.0000,  153, 153, 153
L 109.0000, 397.0000, 0.0000,  -94.0000, 397.0000, 0.0000,  153, 153, 153
L -66.0000, 371.0000, 0.0000,  -12.0000, 372.0000, 0.0000,  153, 153, 153
L -12.0000, 372.0000, 0.0000,  -6.0000, 342.0000, 0.0000,  153, 153, 153
L -6.0000, 342.0000, 0.0000,  16.0000, 338.0000, 0.0000,  153, 153, 153
L 16.0000, 338.0000, 0.0000,  16.0000, 350.0000, 0.0000,  153, 153, 153
L 16.0000, 350.0000, 0.0000,  26.0000, 370.0000, 0.0000,  153, 153, 153
L 26.0000, 370.0000, 0.0000,  85.0000, 372.0000, 0.0000,  153, 153, 153
L 85.0000, 372.0000, 0.0000,  81.0000, 174.0000, 0.0000,  153, 153, 153
L 81.0000, 174.0000, 0.0000,  74.0000, 173.0000, 0.0000,  153, 153, 153
L 74.0000, 173.0000, 0.0000,  73.0000, 266.0000, 0.0000,  153, 153, 153
L 73.0000, 266.0000, 0.0000,  42.0000, 297.0000, 0.0000,  153, 153, 153
L 42.0000, 297.0000, 0.0000,  26.0000, 297.0000, 0.0000,  153, 153, 153
L 26.0000, 297.0000, 0.0000,  16.0000, 297.0000, 0.0000,  153, 153, 153
L 16.0000, 297.0000, 0.0000,  6.0000, 283.0000, 0.0000,  153, 153, 153
L 6.0000, 283.0000, 0.0000,  -1.0000, 297.0000, 0.0000,  153, 153, 153
L -1.0000, 297.0000, 0.0000,  -27.0000, 297.0000, 0.0000,  153, 153, 153
L -27.0000, 297.0000, 0.0000,  -58.0000, 266.0000, 0.0000,  153, 153, 153
L -58.0000, 266.0000, 0.0000,  -58.0000, 176.0000, 0.0000,  153, 153, 153
L -58.0000, 176.0000, 0.0000,  -64.0000, 173.0000, 0.0000,  153, 153, 153
L -64.0000, 173.0000, 0.0000,  -65.0000, 173.0000, 0.0000,  153, 153, 153
L -65.0000, 173.0000, 0.0000,  -66.0000, 270.0000, 0.0000,  153, 153, 153
L -66.0000, 270.0000, 0.0000,  -66.0000, 348.0000, 0.0000,  153, 153, 153
L -66.0000, 348.0000, 0.0000,  -68.0000, 351.0000, 0.0000,  153, 153, 153
L -68.0000, 351.0000, 0.0000,  -68.0000, 371.0000, 0.0000,  153, 153, 153
L -68.0000, 371.0000, 0.0000,  -12.0000, 372.0000, 0.0000,  153, 153, 153
L 177.0000, 1547.0000, 0.0000,  177.0000, 1535.0000, 0.0000,  153, 153, 153
L 177.0000, 1535.0000, 0.0000,  188.0000, 1525.0000, 0.0000,  153, 153, 153
L 188.0000, 1525.0000, 0.0000,  192.0000, 1521.0000, 0.0000,  153, 153, 153
L 192.0000, 1521.0000, 0.0000,  255.0000, 1521.0000, 0.0000,  153, 153, 153
L 255.0000, 1521.0000, 0.0000,  272.0000, 1505.0000, 0.0000,  153, 153, 153
L 272.0000, 1505.0000, 0.0000,  241.0000, 1454.0000, 0.0000,  153, 153, 153
L 241.0000, 1454.0000, 0.0000,  193.0000, 1437.0000, 0.0000,  153, 153, 153
L 193.0000, 1437.0000, 0.0000,  177.0000, 1406.0000, 0.0000,  153, 153, 153
L 177.0000, 1406.0000, 0.0000,  192.0000, 1376.0000, 0.0000,  153, 153, 153
L 192.0000, 1376.0000, 0.0000,  254.0000, 1361.0000, 0.0000,  153, 153, 153
L 254.0000, 1361.0000, 0.0000,  268.0000, 1361.0000, 0.0000,  153, 153, 153
L 268.0000, 1361.0000, 0.0000,  301.0000, 1361.0000, 0.0000,  153, 153, 153
L 301.0000, 1361.0000, 0.0000,  317.0000, 1391.0000, 0.0000,  153, 153, 153
L 317.0000, 1391.0000, 0.0000,  317.0000, 1422.0000, 0.0000,  153, 153, 153
L 317.0000, 1422.0000, 0.0000,  286.0000, 1452.0000, 0.0000,  153, 153, 153
L 286.0000, 1452.0000, 0.0000,  285.0000, 1517.0000, 0.0000,  153, 153, 153
L 285.0000, 1517.0000, 0.0000,  270.0000, 1532.0000, 0.0000,  153, 153, 153
L 270.0000, 1532.0000, 0.0000,  207.0000, 1532.0000, 0.0000,  153, 153, 153
L 207.0000, 1532.0000, 0.0000,  190.0000, 1549.0000, 0.0000,  153, 153, 153
L 190.0000, 1549.0000, 0.0000,  189.0000, 1558.0000, 0.0000,  153, 153, 153
L 157.0000, 673.0000, 0.0000,  157.0000, 703.0000, 0.0000,  153, 153, 153
L 157.0000, 703.0000, 0.0000,  162.0000, 703.0000, 0.0000,  153, 153, 153
L 162.0000, 703.0000, 0.0000,  163.0000, 669.0000, 0.0000,  153, 153, 153
L 163.0000, 669.0000, 0.0000,  157.0000, 665.0000, 0.0000,  153, 153, 153
L 157.0000, 665.0000, 0.0000,  156.0000, 655.0000, 0.0000,  153, 153, 153
L 156.0000, 655.0000, 0.0000,  145.0000, 657.0000, 0.0000,  153, 153, 153
L 145.0000, 657.0000, 0.0000,  141.0000, 664.0000, 0.0000,  153, 153, 153
L 141.0000, 664.0000, 0.0000,  113.0000, 669.0000, 0.0000,  153, 153, 153
L 113.0000, 669.0000, 0.0000,  113.0000, 607.0000, 0.0000,  153, 153, 153
L 113.0000, 607.0000, 0.0000,  84.0000, 605.0000, 0.0000,  153, 153, 153
L 84.0000, 605.0000, 0.0000,  96.0000, 593.0000, 0.0000,  153, 153, 153
L 96.0000, 593.0000, 0.0000,  111.0000, 595.0000, 0.0000,  153, 153, 153
L 111.0000, 595.0000, 0.0000,  119.0000, 601.0000, 0.0000,  153, 153, 153
L 119.0000, 601.0000, 0.0000,  141.0000, 604.0000, 0.0000,  153, 153, 153
L 141.0000, 604.0000, 0.0000,  141.0000, 618.0000, 0.0000,  153, 153, 153
L 141.0000, 618.0000, 0.0000,  154.0000, 621.0000, 0.0000,  153, 153, 153
L 154.0000, 621.0000, 0.0000,  159.0000, 614.0000, 0.0000,  153, 153, 153
L 159.0000, 614.0000, 0.0000,  165.0000, 617.0000, 0.0000,  153, 153, 153
L 165.0000, 617.0000, 0.0000,  173.0000, 624.0000, 0.0000,  153, 153, 153
L 173.0000, 624.0000, 0.0000,  182.0000, 624.0000, 0.0000,  153, 153, 153
L 182.0000, 624.0000, 0.0000,  205.0000, 620.0000, 0.0000,  153, 153, 153
L 205.0000, 620.0000, 0.0000,  210.0000, 620.0000, 0.0000,  153, 153, 153
L 210.0000, 620.0000, 0.0000,  222.0000, 621.0000, 0.0000,  153, 153, 153
L 222.0000, 621.0000, 0.0000,  222.0000, 617.0000, 0.0000,  153, 153, 153
L 222.0000, 617.0000, 0.0000,  225.0000, 621.0000, 0.0000,  153, 153, 153
L 225.0000, 621.0000, 0.0000,  236.0000, 629.0000, 0.0000,  153, 153, 153
L 236.0000, 629.0000, 0.0000,  255.0000, 625.0000, 0.0000,  153, 153, 153
L 255.0000, 625.0000, 0.0000,  270.0000, 625.0000, 0.0000,  153, 153, 153
L 270.0000, 625.0000, 0.0000,  278.0000, 629.0000, 0.0000,  153, 153, 153
L 278.0000, 629.0000, 0.0000,  301.0000, 640.0000, 0.0000,  153, 153, 153
L 301.0000, 640.0000, 0.0000,  313.0000, 652.0000, 0.0000,  153, 153, 153
L 313.0000, 652.0000, 0.0000,  313.0000, 657.0000, 0.0000,  153, 153, 153
L 313.0000, 657.0000, 0.0000,  304.0000, 665.0000, 0.0000,  153, 153, 153
L 304.0000, 665.0000, 0.0000,  225.0000, 668.0000, 0.0000,  153, 153, 153
L 225.0000, 668.0000, 0.0000,  223.0000, 657.0000, 0.0000,  153, 153, 153
L 223.0000, 657.0000, 0.0000,  212.0000, 657.0000, 0.0000,  153, 153, 153
L 212.0000, 657.0000, 0.0000,  209.0000, 663.0000, 0.0000,  153, 153, 153
L 209.0000, 663.0000, 0.0000,  205.0000, 668.0000, 0.0000,  153, 153, 153
L 205.0000, 668.0000, 0.0000,  204.0000, 703.0000, 0.0000,  153, 153, 153
L 204.0000, 703.0000, 0.0000,  209.0000, 704.0000, 0.0000,  153, 153, 153
L -62.0000, -34.0000, -58.0000,  -62.0000, -34.0000, -58.0000,  0, 0, 255
L -62.0000, -34.0000, -58.0000,  -62.0000, -80.0000, -52.0000,  0, 0, 255
L -62.0000, -80.0000, -52.0000,  -47.0000, -95.0000, 0.0000,  0, 0, 255
L -47.0000, -95.0000, 0.0000,  -47.0000, -112.0000, 20.0000,  0, 0, 255
L -47.0000, -112.0000, 20.0000,  -25.0000, -126.0000, 18.0000,  0, 0, 255
L -25.0000, -126.0000, 18.0000,  -17.0000, -128.0000, 34.0000,  0, 0, 255
L -17.0000, -128.0000, 34.0000,  0.0000, -131.0000, 13.0000,  0, 0, 255
L 0.0000, -131.0000, 13.0000,  23.0000, -133.0000, 19.0000,  0, 0, 255
L 23.0000, -133.0000, 19.0000,  49.0000, -127.0000, -43.0000,  0, 0, 255
L 49.0000, -127.0000, -43.0000,  64.0000, -143.0000, 32.0000,  0, 0, 255
L 64.0000, -143.0000, 32.0000,  79.0000, -142.0000, 17.0000,  0, 0, 255
L 79.0000, -142.0000, 17.0000,  113.0000, -126.0000, -285.0000,  0, 0, 255
L 113.0000, -126.0000, -285.0000,  201.0000, -126.0000, -285.0000,  0, 0, 255
L 201.0000, -126.0000, -285.0000,  287.0000, -126.0000, -285.0000,  0, 0, 255
L 287.0000, -126.0000, -285.0000,  319.0000, -158.0000, -285.0000,  0, 0, 255
L 319.0000, -158.0000, -285.0000,  337.0000, -160.0000, -285.0000,  0, 0, 255
L 337.0000, -160.0000, -285.0000,  336.0000, -225.0000, -285.0000,  0, 0, 255
L 336.0000, -225.0000, -285.0000,  304.0000, -226.0000, -285.0000,  0, 0, 255
L 304.0000, -226.0000, -285.0000,  289.0000, -273.0000, -285.0000,  0, 0, 255
L 289.0000, -273.0000, -285.0000,  273.0000, -303.0000, -285.0000,  0, 0, 255
L 273.0000, -303.0000, -285.0000,  162.0000, -353.0000, -285.0000,  0, 0, 255
L 162.0000, -353.0000, -285.0000,  161.0000, -703.0000, -285.0000,  0, 0, 255
L 161.0000, -703.0000, -285.0000,  222.0000, -764.0000, -285.0000,  0, 0, 255
L 222.0000, -764.0000, -285.0000,  273.0000, -802.0000, -425.0000,  0, 0, 255
L 273.0000, -802.0000, -425.0000,  273.0000, -810.0000, -445.0000,  0, 0, 255
L 273.0000, -810.0000, -445.0000,  2048.0000, -810.0000, -445.0000,  0, 0, 255
L 2048.0000, -810.0000, -445.0000,  2048.0000, 613.0000, -445.0000,  0, 0, 255
L 2048.0000, 613.0000, -445.0000,  801.0000, 613.0000, -445.0000,  0, 0, 255
L 801.0000, 613.0000, -445.0000,  800.0000, 597.0000, -445.0000,  0, 0, 255
L 800.0000, 597.0000, -445.0000,  721.0000, 589.0000, -305.0000,  0, 0, 255
L 721.0000, 589.0000, -305.0000,  721.0000, 548.0000, -305.0000,  0, 0, 255
L 721.0000, 548.0000, -305.0000,  497.0000, 541.0000, -285.0000,  0, 0, 255
L 497.0000, 541.0000, -285.0000,  497.0000, 528.0000, -285.0000,  0, 0, 255
L 497.0000, 528.0000, -285.0000,  511.0000, 485.0000, -285.0000,  0, 0, 255
L 511.0000, 485.0000, -285.0000,  527.0000, 451.0000, -285.0000,  0, 0, 255
L 527.0000, 451.0000, -285.0000,  542.0000, 481.0000, -285.0000,  0, 0, 255
L 542.0000, 481.0000, -285.0000,  575.0000, 497.0000, -285.0000,  0, 0, 255
L 575.0000, 497.0000, -285.0000,  623.0000, 481.0000, -285.0000,  0, 0, 255
L 623.0000, 481.0000, -285.0000,  638.0000, 496.0000, -285.0000,  0, 0, 255
L 638.0000, 496.0000, -285.0000,  641.0000, 455.0000, -285.0000,  0, 0, 255
L 641.0000, 455.0000, -285.0000,  641.0000, 417.0000, -285.0000,  0, 0, 255
L 641.0000, 417.0000, -285.0000,  574.0000, 381.0000, -285.0000,  0, 0, 255
L 574.0000, 381.0000, -285.0000,  527.0000, 413.0000, -285.0000,  0, 0, 255
L 527.0000, 413.0000, -285.0000,  479.0000, 428.0000, -285.0000,  0, 0, 255
L 479.0000, 428.0000, -285.0000,  404.0000, 384.0000, -285.0000,  0, 0, 255
L 404.0000, 384.0000, -285.0000,  401.0000, 273.0000, -285.0000,  0, 0, 255
L 401.0000, 273.0000, -285.0000,  416.0000, 272.0000, -285.0000,  0, 0, 255
L 416.0000, 272.0000, -285.0000,  448.0000, 225.0000, -285.0000,  0, 0, 255
L 448.0000, 225.0000, -285.0000,  369.0000, 143.0000, -285.0000,  0, 0, 255
L 369.0000, 143.0000, -285.0000,  367.0000, 109.0000, -285.0000,  0, 0, 255
L 367.0000, 109.0000, -285.0000,  320.0000, 109.0000, -285.0000,  0, 0, 255
L 320.0000, 109.0000, -285.0000,  289.0000, 78.0000, -285.0000,  0, 0, 255
L 289.0000, 78.0000, -285.0000,  239.0000, 45.0000, -285.0000,  0, 0, 255
L 239.0000, 45.0000, -285.0000,  207.0000, 45.0000, -285.0000,  0, 0, 255
L 207.0000, 45.0000, -285.0000,  146.0000, 14.0000, -285.0000,  0, 0, 255
L 146.0000, 14.0000, -285.0000,  113.0000, -16.0000, -285.0000,  0, 0, 255
L 113.0000, -16.0000, -285.0000,  96.0000, -32.0000, -130.0000,  0, 0, 255
L 96.0000, -32.0000, -130.0000,  79.0000, -20.0000, -89.0000,  0, 0, 255
L 79.0000, -20.0000, -89.0000,  49.0000, -3.0000, -24.0000,  0, 0, 255
L 49.0000, -3.0000, -24.0000,  49.0000, -33.0000, -74.0000,  0, 0, 255
L 49.0000, -33.0000, -74.0000,  -62.0000, -34.0000, -58.0000,  0, 0, 255
L 798.0000, 613.0000, 36.0000,  798.0000, 613.0000, 36.0000,  153, 153, 153
L 798.0000, 613.0000, 36.0000,  710.0000, 613.0000, 340.0000,  153, 153, 153
L 710.0000, 613.0000, 340.0000,  721.0000, 591.0000, 303.0000,  153, 153, 153
L 721.0000, 591.0000, 303.0000,  798.0000, 599.0000, 38.0000,  153, 153, 153
L 798.0000, 599.0000, 38.0000,  798.0000, 613.0000, 35.0000,  153, 153, 153
L 639.0000, 495.0000, 35.0000,  639.0000, 495.0000, 35.0000,  153, 153, 153
L 639.0000, 495.0000, 35.0000,  637.0000, 419.0000, 43.0000,  153, 153, 153
L 637.0000, 419.0000, 43.0000,  574.0000, 383.0000, 34.0000,  153, 153, 153
L 574.0000, 383.0000, 34.0000,  529.0000, 414.0000, 37.0000,  153, 153, 153
L 529.0000, 414.0000, 37.0000,  488.0000, 428.0000, 35.0000,  153, 153, 153
L 488.0000, 428.0000, 35.0000,  401.0000, 384.0000, 33.0000,  153, 153, 153
L 401.0000, 384.0000, 33.0000,  401.0000, 429.0000, 186.0000,  153, 153, 153
L 401.0000, 429.0000, 186.0000,  464.0000, 445.0000, 113.0000,  153, 153, 153
L 464.0000, 445.0000, 113.0000,  511.0000, 477.0000, 244.0000,  153, 153, 153
L 511.0000, 477.0000, 244.0000,  525.0000, 447.0000, 151.0000,  153, 153, 153
L 525.0000, 447.0000, 151.0000,  575.0000, 415.0000, 156.0000,  153, 153, 153
L 575.0000, 415.0000, 156.0000,  528.0000, 446.0000, 236.0000,  153, 153, 153
L 528.0000, 446.0000, 236.0000,  544.0000, 478.0000, 273.0000,  153, 153, 153
L 544.0000, 478.0000, 273.0000,  575.0000, 494.0000, 273.0000,  153, 153, 153
L 575.0000, 494.0000, 273.0000,  622.0000, 478.0000, 215.0000,  153, 153, 153
L 622.0000, 478.0000, 215.0000,  622.0000, 431.0000, 146.0000,  153, 153, 153
L 622.0000, 431.0000, 146.0000,  625.0000, 479.0000, 90.0000,  153, 153, 153
L 625.0000, 479.0000, 90.0000,  639.0000, 495.0000, 34.0000,  153, 153, 153
L 368.0000, 145.0000, 136.0000,  368.0000, 145.0000, 136.0000,  153, 153, 153
L 368.0000, 145.0000, 136.0000,  338.0000, 145.0000, 219.0000,  153, 153, 153
L 338.0000, 145.0000, 219.0000,  352.0000, 172.0000, 255.0000,  153, 153, 153
L 352.0000, 172.0000, 255.0000,  401.0000, 222.0000, 257.0000,  153, 153, 153
L 401.0000, 222.0000, 257.0000,  401.0000, 270.0000, 386.0000,  153, 153, 153
L 401.0000, 270.0000, 386.0000,  415.0000, 270.0000, 349.0000,  153, 153, 153
L 415.0000, 270.0000, 349.0000,  446.0000, 223.0000, 137.0000,  153, 153, 153
L 446.0000, 223.0000, 137.0000,  366.0000, 145.0000, 142.0000,  153, 153, 153
L 141.0000, 13.0000, 34.0000,  141.0000, 13.0000, 34.0000,  153, 153, 153
L 141.0000, 13.0000, 34.0000,  128.0000, 13.0000, 104.0000,  153, 153, 153
L 128.0000, 13.0000, 104.0000,  95.0000, -18.0000, 79.0000,  153, 153, 153
L 95.0000, -18.0000, 79.0000,  78.0000, -2.0000, 95.0000,  153, 153, 153
L 78.0000, -2.0000, 95.0000,  54.0000, 9.0000, 96.0000,  153, 153, 153
L 54.0000, 9.0000, 96.0000,  49.0000, 0.0000, 40.0000,  153, 153, 153
L 49.0000, 0.0000, 40.0000,  79.0000, -15.0000, 37.0000,  153, 153, 153
L 79.0000, -15.0000, 37.0000,  94.0000, -29.0000, 34.0000,  153, 153, 153
L 94.0000, -29.0000, 34.0000,  112.0000, -13.0000, 44.0000,  153, 153, 153
L 112.0000, -13.0000, 44.0000,  141.0000, 13.0000, 34.0000,  153, 153, 153
L 74.0000, 286.0000, 314.0000,  74.0000, 286.0000, 314.0000,  0, 0, 255
L 74.0000, 286.0000, 314.0000,  74.0000, 361.0000, 313.0000,  0, 0, 255
L 74.0000, 361.0000, 313.0000,  -58.0000, 362.0000, 312.0000,  0, 0, 255
L -58.0000, 362.0000, 312.0000,  -59.0000, 286.0000, 330.0000,  0, 0, 255
L -59.0000, 286.0000, 330.0000,  -35.0000, 308.0000, 286.0000,  0, 0, 255
L -35.0000, 308.0000, 286.0000,  49.0000, 309.0000, 274.0000,  0, 0, 255
L 49.0000, 309.0000, 274.0000,  75.0000, 288.0000, 334.0000,  0, 0, 255
L 35.0000, 675.0000, 689.0000,  35.0000, 675.0000, 689.0000,  153, 153, 153
L 35.0000, 675.0000, 689.0000,  39.0000, 690.0000, 713.0000,  153, 153, 153
L 39.0000, 690.0000, 713.0000,  54.0000, 703.0000, 674.0000,  153, 153, 153
L 54.0000, 703.0000, 674.0000,  53.0000, 717.0000, 674.0000,  153, 153, 153
L 53.0000, 717.0000, 674.0000,  39.0000, 735.0000, 674.0000,  153, 153, 153
L 39.0000, 735.0000, 674.0000,  51.0000, 748.0000, 712.0000,  153, 153, 153
L 51.0000, 748.0000, 712.0000,  58.0000, 765.0000, 669.0000,  153, 153, 153
L 58.0000, 765.0000, 669.0000,  119.0000, 765.0000, 524.0000,  153, 153, 153
L 82.0000, 751.0000, 524.0000,  82.0000, 751.0000, 524.0000,  153, 153, 153
L 82.0000, 751.0000, 524.0000,  52.0000, 752.0000, 669.0000,  153, 153, 153
L 79.0000, 673.0000, 714.0000,  79.0000, 673.0000, 714.0000,  153, 153, 153
L 79.0000, 673.0000, 714.0000,  45.0000, 673.0000, 674.0000,  153, 153, 153
L 35.0000, 675.0000, 690.0000,  35.0000, 675.0000, 690.0000,  153, 153, 153
L 35.0000, 675.0000, 690.0000,  35.0000, 643.0000, 674.0000,  153, 153, 153
L 35.0000, 643.0000, 674.0000,  63.0000, 614.0000, 674.0000,  153, 153, 153
L 63.0000, 614.0000, 674.0000,  91.0000, 611.0000, 714.0000,  153, 153, 153
L 91.0000, 611.0000, 714.0000,  93.0000, 613.0000, 714.0000,  153, 153, 153
L 93.0000, 613.0000, 714.0000,  93.0000, 627.0000, 714.0000,  153, 153, 153
L 93.0000, 627.0000, 714.0000,  94.0000, 658.0000, 674.0000,  153, 153, 153
L 94.0000, 658.0000, 674.0000,  99.0000, 657.0000, 674.0000,  153, 153, 153
L 99.0000, 657.0000, 674.0000,  99.0000, 611.0000, 674.0000,  153, 153, 153
L 99.0000, 611.0000, 674.0000,  102.0000, 611.0000, 674.0000,  153, 153, 153
L 102.0000, 611.0000, 674.0000,  107.0000, 613.0000, 674.0000,  153, 153, 153
L 107.0000, 613.0000, 674.0000,  107.0000, 624.0000, 674.0000,  153, 153, 153
L 107.0000, 624.0000, 674.0000,  115.0000, 625.0000, 674.0000,  153, 153, 153
L 115.0000, 625.0000, 674.0000,  113.0000, 621.0000, 674.0000,  153, 153, 153
L 113.0000, 641.0000, 674.0000,  113.0000, 641.0000, 674.0000,  153, 153, 153
L 113.0000, 641.0000, 674.0000,  114.0000, 636.0000, 674.0000,  153, 153, 153
L 114.0000, 636.0000, 674.0000,  107.0000, 636.0000, 674.0000,  153, 153, 153
L 107.0000, 636.0000, 674.0000,  107.0000, 665.0000, 674.0000,  153, 153, 153
L 107.0000, 665.0000, 674.0000,  105.0000, 667.0000, 674.0000,  153, 153, 153
L 105.0000, 667.0000, 674.0000,  47.0000, 667.0000, 674.0000,  153, 153, 153
L 47.0000, 667.0000, 674.0000,  47.0000, 675.0000, 674.0000,  153, 153, 153
L 61.0000, 632.0000, 674.0000,  61.0000, 632.0000, 674.0000,  153, 153, 153
L 61.0000, 632.0000, 674.0000,  93.0000, 633.0000, 674.0000,  153, 153, 153
L 93.0000, 633.0000, 674.0000,  93.0000, 626.0000, 714.0000,  153, 153, 153
L 93.0000, 626.0000, 714.0000,  64.0000, 626.0000, 674.0000,  153, 153, 153
L 64.0000, 626.0000, 674.0000,  61.0000, 629.0000, 674.0000,  153, 153, 153
L 61.0000, 629.0000, 674.0000,  62.0000, 632.0000, 674.0000,  153, 153, 153
L 152.0000, 641.0000, 674.0000,  152.0000, 641.0000, 674.0000,  153, 153, 153
L 152.0000, 641.0000, 674.0000,  171.0000, 641.0000, 763.0000,  153, 153, 153
L 171.0000, 641.0000, 763.0000,  173.0000, 646.0000, 773.0000,  153, 153, 153
L 173.0000, 646.0000, 773.0000,  153.0000, 647.0000, 674.0000,  153, 153, 153
L 212.0000, 646.0000, 680.0000,  212.0000, 646.0000, 680.0000,  153, 153, 153
L 212.0000, 646.0000, 680.0000,  191.0000, 646.0000, 774.0000,  153, 153, 153
L 191.0000, 646.0000, 774.0000,  191.0000, 642.0000, 774.0000,  153, 153, 153
L 191.0000, 642.0000, 774.0000,  214.0000, 641.0000, 674.0000,  153, 153, 153
L 259.0000, 703.0000, 514.0000,  259.0000, 703.0000, 514.0000,  153, 153, 153
L 259.0000, 703.0000, 514.0000,  259.0000, 691.0000, 514.0000,  153, 153, 153
L 259.0000, 691.0000, 514.0000,  299.0000, 691.0000, 554.0000,  153, 153, 153
L 299.0000, 691.0000, 554.0000,  299.0000, 714.0000, 554.0000,  153, 153, 153
L 299.0000, 714.0000, 554.0000,  286.0000, 731.0000, 514.0000,  153, 153, 153
L 286.0000, 731.0000, 514.0000,  259.0000, 731.0000, 514.0000,  153, 153, 153
L 259.0000, 731.0000, 514.0000,  259.0000, 718.0000, 514.0000,  153, 153, 153
L 291.0000, 1064.0000, 524.0000,  291.0000, 1064.0000, 524.0000,  153, 153, 153
L 291.0000, 1064.0000, 524.0000,  288.0000, 1045.0000, 514.0000,  153, 153, 153
L 288.0000, 1045.0000, 514.0000,  263.0000, 1021.0000, 514.0000,  153, 153, 153
L 263.0000, 1021.0000, 514.0000,  214.0000, 1021.0000, 514.0000,  153, 153, 153
L 214.0000, 1021.0000, 514.0000,  189.0000, 1046.0000, 514.0000,  153, 153, 153
L 189.0000, 1046.0000, 514.0000,  189.0000, 1061.0000, 514.0000,  153, 153, 153
L 189.0000, 1080.0000, 514.0000,  189.0000, 1080.0000, 514.0000,  153, 153, 153
L 189.0000, 1080.0000, 514.0000,  192.0000, 1098.0000, 514.0000,  153, 153, 153
L 192.0000, 1098.0000, 514.0000,  214.0000, 1120.0000, 514.0000,  153, 153, 153
L 214.0000, 1120.0000, 514.0000,  263.0000, 1120.0000, 514.0000,  153, 153, 153
L 263.0000, 1120.0000, 514.0000,  289.0000, 1094.0000, 514.0000,  153, 153, 153
L 289.0000, 1094.0000, 514.0000,  291.0000, 1078.0000, 524.0000,  153, 153, 153
L 33.0000, 943.0000, 547.0000,  33.0000, 943.0000, 547.0000,  153, 153, 153
L 33.0000, 943.0000, 547.0000,  49.0000, 994.0000, 674.0000,  153, 153, 153
L 49.0000, 994.0000, 674.0000,  49.0000, 1006.0000, 674.0000,  153, 153, 153
L 49.0000, 1006.0000, 674.0000,  21.0000, 1063.0000, 674.0000,  153, 153, 153
L 21.0000, 1063.0000, 674.0000,  32.0000, 1085.0000, 674.0000,  153, 153, 153
L 32.0000, 1085.0000, 674.0000,  93.0000, 1085.0000, 674.0000,  153, 153, 153
L 93.0000, 1085.0000, 674.0000,  97.0000, 1089.0000, 709.0000,  153, 153, 153
L 97.0000, 1089.0000, 709.0000,  97.0000, 1091.0000, 674.0000,  153, 153, 153
L 64.0000, 1008.0000, 673.0000,  64.0000, 1008.0000, 673.0000,  153, 153, 153
L 64.0000, 1008.0000, 673.0000,  62.0000, 1008.0000, 674.0000,  153, 153, 153
L 62.0000, 1008.0000, 674.0000,  61.0000, 987.0000, 663.0000,  153, 153, 153
L 61.0000, 987.0000, 663.0000,  61.0000, 941.0000, 514.0000,  153, 153, 153
L 155.0000, 931.0000, 514.0000,  155.0000, 931.0000, 514.0000,  153, 153, 153
L 155.0000, 931.0000, 514.0000,  133.0000, 931.0000, 514.0000,  153, 153, 153
L 133.0000, 931.0000, 514.0000,  130.0000, 986.0000, 514.0000,  153, 153, 153
L 130.0000, 986.0000, 514.0000,  124.0000, 986.0000, 514.0000,  153, 153, 153
L 124.0000, 986.0000, 514.0000,  125.0000, 967.0000, 514.0000,  153, 153, 153
L 125.0000, 967.0000, 514.0000,  125.0000, 961.0000, 514.0000,  153, 153, 153
L 125.0000, 961.0000, 514.0000,  125.0000, 949.0000, 554.0000,  153, 153, 153
L 125.0000, 949.0000, 554.0000,  123.0000, 947.0000, 554.0000,  153, 153, 153
L 123.0000, 947.0000, 554.0000,  69.0000, 947.0000, 554.0000,  153, 153, 153
L 69.0000, 947.0000, 554.0000,  67.0000, 949.0000, 554.0000,  153, 153, 153
L 67.0000, 949.0000, 554.0000,  67.0000, 997.0000, 554.0000,  153, 153, 153
L 67.0000, 997.0000, 554.0000,  69.0000, 1003.0000, 554.0000,  153, 153, 153
L 69.0000, 1003.0000, 554.0000,  81.0000, 1003.0000, 554.0000,  153, 153, 153
L 81.0000, 1003.0000, 554.0000,  87.0000, 1003.0000, 514.0000,  153, 153, 153
L 87.0000, 1003.0000, 514.0000,  155.0000, 1003.0000, 514.0000,  153, 153, 153
L 155.0000, 1003.0000, 514.0000,  155.0000, 944.0000, 514.0000,  153, 153, 153
L 155.0000, 944.0000, 514.0000,  163.0000, 944.0000, 514.0000,  153, 153, 153
L 155.0000, 931.0000, 514.0000,  155.0000, 931.0000, 514.0000,  153, 153, 153
L 155.0000, 931.0000, 514.0000,  163.0000, 930.0000, 514.0000,  153, 153, 153
L 83.0000, 1001.0000, 554.0000,  83.0000, 1001.0000, 554.0000,  153, 153, 153
L 83.0000, 1001.0000, 554.0000,  84.0000, 967.0000, 554.0000,  153, 153, 153
L 84.0000, 967.0000, 554.0000,  109.0000, 963.0000, 554.0000,  153, 153, 153
L 271.0000, 1360.0000, 354.0000,  271.0000, 1360.0000, 354.0000,  153, 153, 153
L 271.0000, 1360.0000, 354.0000,  289.0000, 1324.0000, 354.0000,  153, 153, 153
L 289.0000, 1324.0000, 354.0000,  289.0000, 1311.0000, 354.0000,  153, 153, 153
L 289.0000, 1311.0000, 354.0000,  270.0000, 1292.0000, 354.0000,  153, 153, 153
L 270.0000, 1292.0000, 354.0000,  207.0000, 1293.0000, 354.0000,  153, 153, 153
L 207.0000, 1293.0000, 354.0000,  190.0000, 1309.0000, 354.0000,  153, 153, 153
L 190.0000, 1309.0000, 354.0000,  189.0000, 1327.0000, 354.0000,  153, 153, 153
L 189.0000, 1327.0000, 354.0000,  205.0000, 1343.0000, 354.0000,  153, 153, 153
L 205.0000, 1343.0000, 354.0000,  216.0000, 1344.0000, 354.0000,  153, 153, 153
L 216.0000, 1344.0000, 354.0000,  255.0000, 1360.0000, 354.0000,  153, 153, 153
L 255.0000, 1360.0000, 354.0000,  272.0000, 1360.0000, 354.0000,  153, 153, 153
L 161.0000, 1245.0000, 514.0000,  161.0000, 1245.0000, 514.0000,  153, 153, 153
L 161.0000, 1245.0000, 514.0000,  126.0000, 1244.0000, 618.0000,  153, 153, 153
L 126.0000, 1244.0000, 618.0000,  95.0000, 1229.0000, 664.0000,  153, 153, 153
L 95.0000, 1229.0000, 664.0000,  65.0000, 1229.0000, 664.0000,  153, 153, 153
L 65.0000, 1229.0000, 664.0000,  32.0000, 1212.0000, 664.0000,  153, 153, 153
L 32.0000, 1212.0000, 664.0000,  19.0000, 1200.0000, 664.0000,  153, 153, 153
L 19.0000, 1200.0000, 664.0000,  4.0000, 1184.0000, 689.0000,  153, 153, 153
L 4.0000, 1184.0000, 689.0000,  18.0000, 1184.0000, 674.0000,  153, 153, 153
L 18.0000, 1184.0000, 674.0000,  45.0000, 1184.0000, 674.0000,  153, 153, 153
L 29.0000, 1103.0000, 674.0000,  29.0000, 1103.0000, 674.0000,  153, 153, 153
L 29.0000, 1103.0000, 674.0000,  29.0000, 1090.0000, 674.0000,  153, 153, 153
L 29.0000, 1090.0000, 674.0000,  4.0000, 1090.0000, 674.0000,  153, 153, 153
L 4.0000, 1090.0000, 674.0000,  3.0000, 1115.0000, 674.0000,  153, 153, 153
L 3.0000, 1115.0000, 674.0000,  29.0000, 1115.0000, 674.0000,  153, 153, 153
L 29.0000, 1120.0000, 674.0000,  29.0000, 1120.0000, 674.0000,  153, 153, 153
L 29.0000, 1120.0000, 674.0000,  5.0000, 1120.0000, 674.0000,  153, 153, 153
L 5.0000, 1120.0000, 674.0000,  3.0000, 1141.0000, 674.0000,  153, 153, 153
L 3.0000, 1141.0000, 674.0000,  25.0000, 1147.0000, 674.0000,  153, 153, 153
L 25.0000, 1147.0000, 674.0000,  29.0000, 1134.0000, 674.0000,  153, 153, 153
L 29.0000, 1152.0000, 674.0000,  29.0000, 1152.0000, 674.0000,  153, 153, 153
L 29.0000, 1152.0000, 674.0000,  3.0000, 1152.0000, 674.0000,  153, 153, 153
L 3.0000, 1152.0000, 674.0000,  3.0000, 1179.0000, 674.0000,  153, 153, 153
L 3.0000, 1179.0000, 674.0000,  28.0000, 1179.0000, 674.0000,  153, 153, 153
L 28.0000, 1179.0000, 674.0000,  29.0000, 1165.0000, 674.0000,  153, 153, 153
L 307.0000, 1181.0000, 514.0000,  307.0000, 1181.0000, 514.0000,  153, 153, 153
L 307.0000, 1181.0000, 514.0000,  307.0000, 1225.0000, 514.0000,  153, 153, 153
L 307.0000, 1225.0000, 514.0000,  309.0000, 1227.0000, 514.0000,  153, 153, 153
L 309.0000, 1227.0000, 514.0000,  359.0000, 1227.0000, 514.0000,  153, 153, 153
L 359.0000, 1227.0000, 514.0000,  363.0000, 1225.0000, 514.0000,  153, 153, 153
L 363.0000, 1225.0000, 514.0000,  363.0000, 1194.0000, 514.0000,  153, 153, 153
L 363.0000, 1194.0000, 514.0000,  352.0000, 1194.0000, 514.0000,  153, 153, 153
L 352.0000, 1194.0000, 514.0000,  351.0000, 1167.0000, 514.0000,  153, 153, 153
L 351.0000, 1167.0000, 514.0000,  357.0000, 1167.0000, 514.0000,  153, 153, 153
L 357.0000, 1167.0000, 514.0000,  356.0000, 1188.0000, 674.0000,  153, 153, 153
L 356.0000, 1188.0000, 674.0000,  352.0000, 1188.0000, 674.0000,  153, 153, 153
L 352.0000, 1188.0000, 674.0000,  351.0000, 1159.0000, 674.0000,  153, 153, 153
L 351.0000, 1159.0000, 674.0000,  341.0000, 1154.0000, 674.0000,  153, 153, 153
L 341.0000, 1154.0000, 674.0000,  309.0000, 1154.0000, 674.0000,  153, 153, 153
L 309.0000, 1154.0000, 674.0000,  307.0000, 1156.0000, 674.0000,  153, 153, 153
L 307.0000, 1156.0000, 674.0000,  307.0000, 1220.0000, 674.0000,  153, 153, 153
L 307.0000, 1220.0000, 674.0000,  309.0000, 1227.0000, 674.0000,  153, 153, 153
L 309.0000, 1227.0000, 674.0000,  335.0000, 1226.0000, 674.0000,  153, 153, 153
L 335.0000, 1226.0000, 674.0000,  360.0000, 1214.0000, 674.0000,  153, 153, 153
L 360.0000, 1214.0000, 674.0000,  363.0000, 1211.0000, 674.0000,  153, 153, 153
L 363.0000, 1211.0000, 674.0000,  363.0000, 1156.0000, 514.0000,  153, 153, 153
L 363.0000, 1156.0000, 514.0000,  361.0000, 1154.0000, 514.0000,  153, 153, 153
L 361.0000, 1154.0000, 514.0000,  357.0000, 1154.0000, 514.0000,  153, 153, 153
L 357.0000, 1154.0000, 514.0000,  351.0000, 1154.0000, 514.0000,  153, 153, 153
L 351.0000, 1154.0000, 514.0000,  310.0000, 1154.0000, 514.0000,  153, 153, 153
L 310.0000, 1154.0000, 514.0000,  307.0000, 1156.0000, 514.0000,  153, 153, 153
L 307.0000, 1156.0000, 514.0000,  307.0000, 1167.0000, 514.0000,  153, 153, 153
L 448.0000, 1122.0000, 514.0000,  448.0000, 1122.0000, 514.0000,  153, 153, 153
L 448.0000, 1122.0000, 514.0000,  446.0000, 1122.0000, 514.0000,  153, 153, 153
L 446.0000, 1122.0000, 514.0000,  445.0000, 1120.0000, 514.0000,  153, 153, 153
L 445.0000, 1120.0000, 514.0000,  366.0000, 1120.0000, 514.0000,  153, 153, 153
L 366.0000, 1120.0000, 514.0000,  363.0000, 1147.0000, 514.0000,  153, 153, 153
L 363.0000, 1147.0000, 514.0000,  367.0000, 1149.0000, 514.0000,  153, 153, 153
L 367.0000, 1149.0000, 514.0000,  369.0000, 1191.0000, 514.0000,  153, 153, 153
L 369.0000, 1191.0000, 514.0000,  384.0000, 1199.0000, 514.0000,  153, 153, 153
L 384.0000, 1199.0000, 514.0000,  414.0000, 1197.0000, 534.0000,  153, 153, 153
L 414.0000, 1197.0000, 534.0000,  448.0000, 1159.0000, 514.0000,  153, 153, 153
L 448.0000, 1159.0000, 514.0000,  463.0000, 1165.0000, 550.0000,  153, 153, 153
L 463.0000, 1165.0000, 550.0000,  475.0000, 1165.0000, 550.0000,  153, 153, 153
L 475.0000, 1165.0000, 550.0000,  482.0000, 1155.0000, 532.0000,  153, 153, 153
L 482.0000, 1155.0000, 532.0000,  492.0000, 1135.0000, 537.0000,  153, 153, 153
L 492.0000, 1135.0000, 537.0000,  479.0000, 1122.0000, 543.0000,  153, 153, 153
L 479.0000, 1122.0000, 543.0000,  465.0000, 1120.0000, 514.0000,  153, 153, 153
L 465.0000, 1120.0000, 514.0000,  465.0000, 1121.0000, 514.0000,  153, 153, 153
L 465.0000, 1121.0000, 514.0000,  462.0000, 1122.0000, 514.0000,  153, 153, 153
L 462.0000, 1122.0000, 514.0000,  462.0000, 1115.0000, 514.0000,  153, 153, 153
L 462.0000, 1115.0000, 514.0000,  475.0000, 1115.0000, 514.0000,  153, 153, 153
L 475.0000, 1115.0000, 514.0000,  475.0000, 1090.0000, 514.0000,  153, 153, 153
L 475.0000, 1090.0000, 514.0000,  427.0000, 1090.0000, 514.0000,  153, 153, 153
L 427.0000, 1090.0000, 514.0000,  428.0000, 1083.0000, 514.0000,  153, 153, 153
L 428.0000, 1083.0000, 514.0000,  465.0000, 1083.0000, 674.0000,  153, 153, 153
L 464.0000, 1073.0000, 674.0000,  464.0000, 1073.0000, 674.0000,  153, 153, 153
L 464.0000, 1073.0000, 674.0000,  477.0000, 1087.0000, 674.0000,  153, 153, 153
L 477.0000, 1087.0000, 674.0000,  477.0000, 1114.0000, 674.0000,  153, 153, 153
L 477.0000, 1114.0000, 674.0000,  417.0000, 1115.0000, 674.0000,  153, 153, 153
L 417.0000, 1115.0000, 674.0000,  417.0000, 1108.0000, 674.0000,  153, 153, 153
L 417.0000, 1108.0000, 674.0000,  404.0000, 1107.0000, 674.0000,  153, 153, 153
L 404.0000, 1107.0000, 674.0000,  403.0000, 1115.0000, 674.0000,  153, 153, 153
L 403.0000, 1115.0000, 674.0000,  363.0000, 1115.0000, 674.0000,  153, 153, 153
L 363.0000, 1115.0000, 674.0000,  362.0000, 1108.0000, 674.0000,  153, 153, 153
L 362.0000, 1108.0000, 674.0000,  354.0000, 1107.0000, 674.0000,  153, 153, 153
L 354.0000, 1107.0000, 674.0000,  354.0000, 1034.0000, 674.0000,  153, 153, 153
L 354.0000, 1034.0000, 674.0000,  363.0000, 1033.0000, 674.0000,  153, 153, 153
L 363.0000, 1033.0000, 674.0000,  363.0000, 1026.0000, 674.0000,  153, 153, 153
L 363.0000, 1026.0000, 674.0000,  400.0000, 1026.0000, 678.0000,  153, 153, 153
L 400.0000, 1026.0000, 678.0000,  404.0000, 1034.0000, 674.0000,  153, 153, 153
L 404.0000, 1034.0000, 674.0000,  410.0000, 1034.0000, 674.0000,  153, 153, 153
L 410.0000, 1034.0000, 674.0000,  412.0000, 1055.0000, 674.0000,  153, 153, 153
L 412.0000, 1055.0000, 674.0000,  416.0000, 1056.0000, 674.0000,  153, 153, 153
L 416.0000, 1056.0000, 674.0000,  429.0000, 1072.0000, 674.0000,  153, 153, 153
L 429.0000, 1072.0000, 674.0000,  464.0000, 1073.0000, 674.0000,  153, 153, 153
L 464.0000, 1073.0000, 674.0000,  464.0000, 1073.0000, 674.0000,  153, 153, 153
L 464.0000, 1073.0000, 674.0000,  427.0000, 1073.0000, 514.0000,  153, 153, 153
L 427.0000, 1073.0000, 514.0000,  413.0000, 1059.0000, 549.0000,  153, 153, 153
L 413.0000, 1059.0000, 549.0000,  383.0000, 1058.0000, 553.0000,  153, 153, 153
L 383.0000, 1058.0000, 553.0000,  381.0000, 1053.0000, 514.0000,  153, 153, 153
L 381.0000, 1053.0000, 514.0000,  411.0000, 1053.0000, 514.0000,  153, 153, 153
L 411.0000, 1053.0000, 514.0000,  411.0000, 1035.0000, 514.0000,  153, 153, 153
L 411.0000, 1035.0000, 514.0000,  404.0000, 1034.0000, 514.0000,  153, 153, 153
L 404.0000, 1034.0000, 514.0000,  403.0000, 1026.0000, 514.0000,  153, 153, 153
L 403.0000, 1026.0000, 514.0000,  369.0000, 1026.0000, 514.0000,  153, 153, 153
L 369.0000, 1026.0000, 514.0000,  371.0000, 1047.0000, 514.0000,  153, 153, 153
L 371.0000, 1047.0000, 514.0000,  369.0000, 1073.0000, 514.0000,  153, 153, 153
L 369.0000, 1073.0000, 514.0000,  368.0000, 1088.0000, 514.0000,  153, 153, 153
L 368.0000, 1088.0000, 514.0000,  363.0000, 1087.0000, 514.0000,  153, 153, 153
L 363.0000, 1087.0000, 514.0000,  363.0000, 1049.0000, 514.0000,  153, 153, 153
L 363.0000, 1049.0000, 514.0000,  363.0000, 1026.0000, 514.0000,  153, 153, 153
L 363.0000, 1026.0000, 514.0000,  361.0000, 1034.0000, 514.0000,  153, 153, 153
L 361.0000, 1034.0000, 514.0000,  355.0000, 1034.0000, 514.0000,  153, 153, 153
L 355.0000, 1034.0000, 514.0000,  355.0000, 1039.0000, 514.0000,  153, 153, 153
L 385.0000, 1075.0000, 554.0000,  385.0000, 1075.0000, 554.0000,  153, 153, 153
L 385.0000, 1075.0000, 554.0000,  407.0000, 1076.0000, 554.0000,  153, 153, 153
L 407.0000, 1076.0000, 554.0000,  409.0000, 1060.0000, 554.0000,  153, 153, 153
L 390.0000, 1090.0000, 674.0000,  390.0000, 1090.0000, 674.0000,  153, 153, 153
L 390.0000, 1090.0000, 674.0000,  393.0000, 1088.0000, 674.0000,  153, 153, 153
L 393.0000, 1088.0000, 674.0000,  400.0000, 1088.0000, 674.0000,  153, 153, 153
L 400.0000, 1088.0000, 674.0000,  401.0000, 1038.0000, 674.0000,  153, 153, 153
L 401.0000, 1038.0000, 674.0000,  365.0000, 1037.0000, 674.0000,  153, 153, 153
L 365.0000, 1037.0000, 674.0000,  367.0000, 1088.0000, 674.0000,  153, 153, 153
L 367.0000, 1088.0000, 674.0000,  373.0000, 1088.0000, 674.0000,  153, 153, 153
L 373.0000, 1088.0000, 674.0000,  377.0000, 1090.0000, 674.0000,  153, 153, 153
L -66.0000, 94.0000, 314.0000,  -66.0000, 94.0000, 314.0000,  153, 153, 153
L -66.0000, 94.0000, 314.0000,  -65.0000, 129.0000, 314.0000,  153, 153, 153
L -65.0000, 129.0000, 314.0000,  -34.0000, 161.0000, 314.0000,  153, 153, 153
L -34.0000, 161.0000, 314.0000,  -13.0000, 160.0000, 314.0000,  153, 153, 153
L -13.0000, 160.0000, 314.0000,  -15.0000, 143.0000, 394.0000,  153, 153, 153
L -15.0000, 143.0000, 394.0000,  -33.0000, 143.0000, 394.0000,  153, 153, 153
L -33.0000, 143.0000, 394.0000,  -34.0000, 152.0000, 394.0000,  153, 153, 153
L -34.0000, 152.0000, 394.0000,  -59.0000, 126.0000, 394.0000,  153, 153, 153
L -59.0000, 126.0000, 394.0000,  -58.0000, 118.0000, 401.0000,  153, 153, 153
L -58.0000, 118.0000, 401.0000,  -46.0000, 117.0000, 394.0000,  153, 153, 153
L -46.0000, 117.0000, 394.0000,  -47.0000, 107.0000, 394.0000,  153, 153, 153
L -47.0000, 107.0000, 394.0000,  -15.0000, 107.0000, 454.0000,  153, 153, 153
L -15.0000, 107.0000, 454.0000,  -9.0000, 129.0000, 394.0000,  153, 153, 153
L -9.0000, 129.0000, 394.0000,  22.0000, 131.0000, 394.0000,  153, 153, 153
L 22.0000, 131.0000, 394.0000,  34.0000, 107.0000, 422.0000,  153, 153, 153
L 34.0000, 107.0000, 422.0000,  56.0000, 107.0000, 394.0000,  153, 153, 153
L 56.0000, 107.0000, 394.0000,  61.0000, 117.0000, 394.0000,  153, 153, 153
L 61.0000, 117.0000, 394.0000,  75.0000, 116.0000, 439.0000,  153, 153, 153
L 75.0000, 116.0000, 439.0000,  73.0000, 125.0000, 394.0000,  153, 153, 153
L 73.0000, 125.0000, 394.0000,  51.0000, 148.0000, 394.0000,  153, 153, 153
L 51.0000, 148.0000, 394.0000,  47.0000, 141.0000, 394.0000,  153, 153, 153
L 47.0000, 141.0000, 394.0000,  30.0000, 142.0000, 394.0000,  153, 153, 153
L 30.0000, 142.0000, 394.0000,  31.0000, 161.0000, 314.0000,  153, 153, 153
L 31.0000, 161.0000, 314.0000,  51.0000, 160.0000, 314.0000,  153, 153, 153
L 51.0000, 160.0000, 314.0000,  81.0000, 126.0000, 314.0000,  153, 153, 153
L 81.0000, 126.0000, 314.0000,  80.0000, 93.0000, 314.0000,  153, 153, 153
L 80.0000, 93.0000, 314.0000,  -66.0000, 94.0000, 314.0000,  153, 153, 153
L -60.0000, -255.0000, 194.0000,  -60.0000, -255.0000, 194.0000,  153, 153, 153
L -60.0000, -255.0000, 194.0000,  -60.0000, -265.0000, 194.0000,  153, 153, 153
L -60.0000, -265.0000, 194.0000,  -58.0000, -268.0000, 194.0000,  153, 153, 153
L -58.0000, -268.0000, 194.0000,  -50.0000, -268.0000, 194.0000,  153, 153, 153
L -50.0000, -268.0000, 194.0000,  -49.0000, -206.0000, 194.0000,  153, 153, 153
L -49.0000, -206.0000, 194.0000,  -44.0000, -207.0000, 194.0000,  153, 153, 153
L -44.0000, -207.0000, 194.0000,  -44.0000, -236.0000, 194.0000,  153, 153, 153
L -44.0000, -236.0000, 194.0000,  -44.0000, -252.0000, 194.0000,  153, 153, 153
L -44.0000, -252.0000, 194.0000,  3.0000, -253.0000, 194.0000,  153, 153, 153
L 3.0000, -253.0000, 194.0000,  2.0000, -258.0000, 194.0000,  153, 153, 153
L 2.0000, -258.0000, 194.0000,  -48.0000, -256.0000, 354.0000,  153, 153, 153
L -48.0000, -256.0000, 354.0000,  -46.0000, -252.0000, 354.0000,  153, 153, 153
L -46.0000, -252.0000, 354.0000,  23.0000, -252.0000, 354.0000,  153, 153, 153
L 23.0000, -252.0000, 354.0000,  27.0000, -248.0000, 354.0000,  153, 153, 153
L 27.0000, -248.0000, 354.0000,  27.0000, -242.0000, 354.0000,  153, 153, 153
L 27.0000, -242.0000, 354.0000,  7.0000, -242.0000, 354.0000,  153, 153, 153
L 7.0000, -242.0000, 354.0000,  9.0000, -236.0000, 354.0000,  153, 153, 153
L 9.0000, -236.0000, 354.0000,  23.0000, -236.0000, 354.0000,  153, 153, 153
L 23.0000, -236.0000, 354.0000,  27.0000, -230.0000, 354.0000,  153, 153, 153
L 27.0000, -230.0000, 354.0000,  27.0000, -198.0000, 354.0000,  153, 153, 153
L 27.0000, -198.0000, 354.0000,  25.0000, -196.0000, 354.0000,  153, 153, 153
L 25.0000, -196.0000, 354.0000,  -12.0000, -197.0000, 377.0000,  153, 153, 153
L -12.0000, -197.0000, 377.0000,  -12.0000, -236.0000, 388.0000,  153, 153, 153
L -12.0000, -236.0000, 388.0000,  -4.0000, -236.0000, 354.0000,  153, 153, 153
L -4.0000, -236.0000, 354.0000,  -4.0000, -242.0000, 354.0000,  153, 153, 153
L -4.0000, -242.0000, 354.0000,  -25.0000, -242.0000, 354.0000,  153, 153, 153
L -25.0000, -242.0000, 354.0000,  -24.0000, -236.0000, 354.0000,  153, 153, 153
L -24.0000, -236.0000, 354.0000,  -18.0000, -236.0000, 408.0000,  153, 153, 153
L -18.0000, -236.0000, 408.0000,  -18.0000, -202.0000, 371.0000,  153, 153, 153
L -18.0000, -202.0000, 371.0000,  -58.0000, -196.0000, 354.0000,  153, 153, 153
L -58.0000, -196.0000, 354.0000,  -60.0000, -198.0000, 354.0000,  153, 153, 153
L -60.0000, -198.0000, 354.0000,  -60.0000, -236.0000, 408.0000,  153, 153, 153
L -60.0000, -236.0000, 408.0000,  -38.0000, -236.0000, 354.0000,  153, 153, 153
L -38.0000, -236.0000, 354.0000,  -39.0000, -242.0000, 354.0000,  153, 153, 153
L -39.0000, -242.0000, 354.0000,  -60.0000, -242.0000, 354.0000,  153, 153, 153
L -60.0000, -242.0000, 354.0000,  -60.0000, -266.0000, 354.0000,  153, 153, 153
L -60.0000, -266.0000, 354.0000,  -56.0000, -268.0000, 354.0000,  153, 153, 153
L -56.0000, -268.0000, 354.0000,  21.0000, -268.0000, 194.0000,  153, 153, 153
L 21.0000, -268.0000, 194.0000,  27.0000, -266.0000, 194.0000,  153, 153, 153
L 27.0000, -266.0000, 194.0000,  27.0000, -199.0000, 194.0000,  153, 153, 153
L 27.0000, -199.0000, 194.0000,  25.0000, -196.0000, 194.0000,  153, 153, 153
L 25.0000, -196.0000, 194.0000,  0.0000, -196.0000, 194.0000,  153, 153, 153
L 0.0000, -196.0000, 194.0000,  -54.0000, -196.0000, 194.0000,  153, 153, 153
L -54.0000, -196.0000, 194.0000,  -60.0000, -198.0000, 194.0000,  153, 153, 153
L -60.0000, -198.0000, 194.0000,  -60.0000, -240.0000, 194.0000,  153, 153, 153
L -60.0000, -240.0000, 194.0000,  -68.0000, -241.0000, 194.0000,  153, 153, 153
L -3.0000, -198.0000, 234.0000,  -3.0000, -198.0000, 234.0000,  153, 153, 153
L -3.0000, -198.0000, 234.0000,  -2.0000, -236.0000, 234.0000,  153, 153, 153
L -2.0000, -236.0000, 234.0000,  -28.0000, -239.0000, 234.0000,  153, 153, 153
P 350.0000, -98.0000, 0.0000,  255, 255, 255,  2,  Boat
P 69.0000, 723.0000, 0.0000,  255, 255, 255,  2,  Cleric
P 166.0000, 645.0000, 0.0000,  255, 255, 255,  2,  Erudin
P 265.0000, 645.0000, 0.0000,  255, 255, 0,  2,  C
P 183.0000, 772.0000, 0.0000,  255, 255, 0,  2,  D
P 10.0000, 394.0000, 0.0000,  255, 255, 0,  2,  C
P 5.0000, 337.0000, 0.0000,  255, 255, 0,  2,  D
P 187.0000, 1406.0000, 0.0000,  255, 255, 0,  2,  A
P 311.0000, 1403.0000, 0.0000,  255, 255, 0,  2,  B
P 310.0000, 1412.0000, 0.0000,  255, 255, 0,  2,  B
P 254.0000, 1399.0000, 0.0000,  255, 255, 0,  2,  A
P 391.0000, 1145.0000, 0.0000,  255, 255, 255,  2,  Paladin
P -41.0000, 128.0000, 0.0000,  255, 255, 255,  2,  Pod
