L -1222.0000, -1012.0000, -12.0000,  -1262.0000, -1004.0000, -12.0000,  0, 153, 0
L -1231.0000, -1057.0000, -12.0000,  -1222.0000, -1012.0000, -12.0000,  0, 153, 0
L -1272.0000, -1047.0000, -12.0000,  -1231.0000, -1057.0000, -12.0000,  0, 153, 0
L -1262.0000, -1004.0000, -12.0000,  -1272.0000, -1047.0000, -12.0000,  0, 153, 0
L -1276.0000, -982.0000, -12.0000,  -1251.0000, -949.0000, -12.0000,  0, 153, 0
L -1312.0000, -955.0000, -13.0000,  -1276.0000, -982.0000, -12.0000,  0, 153, 0
L -1288.0000, -922.0000, -14.0000,  -1312.0000, -955.0000, -13.0000,  0, 153, 0
L -1251.0000, -948.0000, -12.0000,  -1288.0000, -922.0000, -14.0000,  0, 153, 0
L -1217.0000, -1008.0000, -12.0000,  -1238.0000, -961.0000, -12.0000,  0, 153, 0
L -1176.0000, -988.0000, -12.0000,  -1217.0000, -1008.0000, -12.0000,  0, 153, 0
L -1197.0000, -942.0000, -12.0000,  -1176.0000, -988.0000, -12.0000,  0, 153, 0
L -1238.0000, -959.0000, -12.0000,  -1197.0000, -942.0000, -12.0000,  0, 153, 0
L -853.0000, -1043.0000, 31.0000,  -863.0000, -1013.0000, 27.0000,  0, 153, 0
L -807.0000, -1037.0000, 26.0000,  -853.0000, -1043.0000, 31.0000,  0, 153, 0
L -822.0000, -996.0000, 28.0000,  -807.0000, -1037.0000, 26.0000,  0, 153, 0
L -863.0000, -1010.0000, 26.0000,  -822.0000, -996.0000, 28.0000,  0, 153, 0
L -266.0000, -1163.0000, -5.0000,  -267.0000, -1172.0000, -3.0000,  0, 153, 0
L -243.0000, -1164.0000, -4.0000,  -266.0000, -1163.0000, -5.0000,  0, 153, 0
L -244.0000, -1172.0000, -3.0000,  -243.0000, -1164.0000, -4.0000,  0, 153, 0
L -267.0000, -1172.0000, -3.0000,  -244.0000, -1172.0000, -3.0000,  0, 153, 0
L -321.0000, -1225.0000, 1.0000,  -312.0000, -1225.0000, 1.0000,  0, 153, 0
L -322.0000, -1203.0000, 0.0000,  -321.0000, -1225.0000, 1.0000,  0, 153, 0
L -311.0000, -1203.0000, 0.0000,  -322.0000, -1203.0000, 0.0000,  0, 153, 0
L -311.0000, -1224.0000, 1.0000,  -311.0000, -1203.0000, 0.0000,  0, 153, 0
L -247.0000, -1272.0000, 4.0000,  -246.0000, -1261.0000, 2.0000,  0, 153, 0
L -268.0000, -1269.0000, 3.0000,  -247.0000, -1272.0000, 4.0000,  0, 153, 0
L -267.0000, -1261.0000, 2.0000,  -268.0000, -1269.0000, 3.0000,  0, 153, 0
L -245.0000, -1263.0000, 2.0000,  -267.0000, -1261.0000, 2.0000,  0, 153, 0
L -196.0000, -1207.0000, 1.0000,  -206.0000, -1204.0000, 1.0000,  0, 153, 0
L -199.0000, -1228.0000, 1.0000,  -196.0000, -1207.0000, 1.0000,  0, 153, 0
L -209.0000, -1223.0000, 1.0000,  -199.0000, -1228.0000, 1.0000,  0, 153, 0
L -207.0000, -1205.0000, 1.0000,  -209.0000, -1223.0000, 1.0000,  0, 153, 0
L -266.0000, -1196.0000, 0.0000,  -245.0000, -1197.0000, 0.0000,  0, 153, 0
L -277.0000, -1212.0000, 0.0000,  -266.0000, -1196.0000, 0.0000,  0, 153, 0
L -266.0000, -1232.0000, 1.0000,  -277.0000, -1212.0000, 0.0000,  0, 153, 0
L -247.0000, -1232.0000, 1.0000,  -266.0000, -1232.0000, 1.0000,  0, 153, 0
L -236.0000, -1217.0000, 1.0000,  -247.0000, -1232.0000, 1.0000,  0, 153, 0
L -246.0000, -1198.0000, 2.0000,  -236.0000, -1217.0000, 1.0000,  0, 153, 0
L 130.0000, -1112.0000, 4.0000,  109.0000, -1149.0000, 4.0000,  0, 153, 0
L 167.0000, -1131.0000, 5.0000,  130.0000, -1112.0000, 4.0000,  0, 153, 0
L 149.0000, -1171.0000, 6.0000,  167.0000, -1131.0000, 5.0000,  0, 153, 0
L 109.0000, -1151.0000, 4.0000,  149.0000, -1171.0000, 6.0000,  0, 153, 0
L -95.0000, -1206.0000, 2.0000,  -135.0000, -1171.0000, -1.0000,  0, 153, 0
L -124.0000, -1239.0000, 3.0000,  -95.0000, -1206.0000, 2.0000,  0, 153, 0
L -163.0000, -1205.0000, 2.0000,  -124.0000, -1239.0000, 3.0000,  0, 153, 0
L -137.0000, -1172.0000, -1.0000,  -163.0000, -1205.0000, 2.0000,  0, 153, 0
L -647.0000, -1111.0000, -8.0000,  -597.0000, -1111.0000, -7.0000,  0, 153, 0
L -648.0000, -1066.0000, -5.0000,  -647.0000, -1111.0000, -8.0000,  0, 153, 0
L -595.0000, -1067.0000, -2.0000,  -648.0000, -1066.0000, -5.0000,  0, 153, 0
L -596.0000, -1110.0000, -7.0000,  -595.0000, -1067.0000, -2.0000,  0, 153, 0
L -574.0000, -1121.0000, -7.0000,  -546.0000, -1153.0000, -4.0000,  0, 153, 0
L -536.0000, -1094.0000, -4.0000,  -574.0000, -1121.0000, -7.0000,  0, 153, 0
L -513.0000, -1124.0000, -4.0000,  -536.0000, -1094.0000, -4.0000,  0, 153, 0
L -543.0000, -1152.0000, -4.0000,  -513.0000, -1124.0000, -4.0000,  0, 153, 0
L -231.0000, 1268.0000, 0.0000,  -233.0000, 1350.0000, 0.0000,  153, 153, 153
L -312.0000, 1268.0000, 0.0000,  -231.0000, 1268.0000, 0.0000,  153, 153, 153
L -312.0000, 1349.0000, 0.0000,  -312.0000, 1268.0000, 0.0000,  153, 153, 153
L -233.0000, 1350.0000, 0.0000,  -312.0000, 1349.0000, 0.0000,  153, 153, 153
L -200.0000, 1116.0000, 0.0000,  -200.0000, 1013.0000, 0.0000,  153, 153, 153
L -97.0000, 1115.0000, 0.0000,  -200.0000, 1116.0000, 0.0000,  153, 153, 153
L -97.0000, 1016.0000, 0.0000,  -97.0000, 1115.0000, 0.0000,  153, 153, 153
L -200.0000, 1013.0000, 0.0000,  -97.0000, 1016.0000, 0.0000,  153, 153, 153
L -110.0000, 729.0000, 0.0000,  -24.0000, 729.0000, 0.0000,  153, 153, 153
L -110.0000, 815.0000, 0.0000,  -110.0000, 729.0000, 0.0000,  153, 153, 153
L -24.0000, 811.0000, 0.0000,  -110.0000, 815.0000, 0.0000,  153, 153, 153
L -24.0000, 729.0000, 0.0000,  -24.0000, 811.0000, 0.0000,  153, 153, 153
L 204.0000, 975.0000, 0.0000,  200.0000, 1076.0000, 0.0000,  153, 153, 153
L 99.0000, 978.0000, 0.0000,  204.0000, 975.0000, 0.0000,  153, 153, 153
L 100.0000, 1077.0000, 0.0000,  99.0000, 978.0000, 0.0000,  153, 153, 153
L 200.0000, 1076.0000, 0.0000,  100.0000, 1077.0000, 0.0000,  153, 153, 153
L 416.0000, 1290.0000, 0.0000,  417.0000, 1377.0000, 0.0000,  153, 153, 153
L 336.0000, 1299.0000, 0.0000,  416.0000, 1290.0000, 0.0000,  153, 153, 153
L 342.0000, 1377.0000, 0.0000,  336.0000, 1299.0000, 0.0000,  153, 153, 153
L 417.0000, 1377.0000, 0.0000,  342.0000, 1377.0000, 0.0000,  153, 153, 153
L -2830.0000, -567.0000, 0.0000,  -2893.0000, -563.0000, 0.0000,  153, 153, 0
L -2778.0000, -498.0000, 0.0000,  -2830.0000, -567.0000, 0.0000,  153, 153, 0
L -2693.0000, -498.0000, 0.0000,  -2778.0000, -498.0000, 0.0000,  153, 153, 0
L -2644.0000, -566.0000, 0.0000,  -2693.0000, -498.0000, 0.0000,  153, 153, 0
L -2562.0000, -566.0000, 0.0000,  -2644.0000, -566.0000, 0.0000,  153, 153, 0
L -2503.0000, -504.0000, 0.0000,  -2562.0000, -566.0000, 0.0000,  153, 153, 0
L -2499.0000, -423.0000, 0.0000,  -2503.0000, -504.0000, 0.0000,  153, 153, 0
L -2313.0000, -229.0000, 0.0000,  -2499.0000, -423.0000, 0.0000,  153, 153, 0
L -2167.0000, -229.0000, 0.0000,  -2313.0000, -229.0000, 0.0000,  153, 153, 0
L -2097.0000, -227.0000, 0.0000,  -2167.0000, -229.0000, 0.0000,  153, 153, 0
L -2044.0000, -301.0000, 0.0000,  -2097.0000, -227.0000, 0.0000,  153, 153, 0
L -1962.0000, -298.0000, 0.0000,  -2044.0000, -301.0000, 0.0000,  153, 153, 0
L -1779.0000, -497.0000, 0.0000,  -1962.0000, -298.0000, 0.0000,  153, 153, 0
L -1566.0000, -498.0000, 0.0000,  -1779.0000, -497.0000, 0.0000,  153, 153, 0
L -1503.0000, -439.0000, 0.0000,  -1566.0000, -498.0000, 0.0000,  153, 153, 0
L -1499.0000, -377.0000, 0.0000,  -1503.0000, -439.0000, 0.0000,  153, 153, 0
L -1428.0000, -362.0000, 0.0000,  -1499.0000, -377.0000, 0.0000,  153, 153, 0
L -1337.0000, -461.0000, 0.0000,  -1428.0000, -362.0000, 0.0000,  153, 153, 0
L 2166.0000, 237.0000, 0.0000,  2290.0000, 55.0000, 0.0000,  153, 153, 0
L 2031.0000, 233.0000, 0.0000,  2166.0000, 237.0000, 0.0000,  153, 153, 0
L 1838.0000, 972.0000, 0.0000,  1772.0000, 972.0000, 0.0000,  153, 153, 0
L 2021.0000, 1169.0000, 0.0000,  1838.0000, 972.0000, 0.0000,  153, 153, 0
L 2231.0000, 1165.0000, 0.0000,  2021.0000, 1169.0000, 0.0000,  153, 153, 0
L 2359.0000, 1300.0000, 0.0000,  2231.0000, 1165.0000, 0.0000,  153, 153, 0
L 2573.0000, 1299.0000, 0.0000,  2359.0000, 1300.0000, 0.0000,  153, 153, 0
L 2697.0000, 1179.0000, 0.0000,  2573.0000, 1299.0000, 0.0000,  153, 153, 0
L 2706.0000, 969.0000, 0.0000,  2697.0000, 1179.0000, 0.0000,  153, 153, 0
L 2831.0000, 960.0000, 0.0000,  2706.0000, 969.0000, 0.0000,  153, 153, 0
L 2831.0000, 960.0000, 0.0000,  2948.0000, 965.0000, 0.0000,  153, 153, 0
L 2832.0000, 897.0000, 0.0000,  2831.0000, 960.0000, 0.0000,  153, 153, 0
L 2693.0000, 776.0000, 0.0000,  2832.0000, 897.0000, 0.0000,  153, 153, 0
L 2682.0000, 704.0000, 0.0000,  2693.0000, 776.0000, 0.0000,  153, 153, 0
L 2624.0000, 698.0000, 0.0000,  2682.0000, 704.0000, 0.0000,  153, 153, 0
L 2562.0000, 757.0000, 0.0000,  2624.0000, 698.0000, 0.0000,  153, 153, 0
L 2547.0000, 900.0000, 0.0000,  2562.0000, 757.0000, 0.0000,  153, 153, 0
L 2359.0000, 900.0000, 0.0000,  2547.0000, 900.0000, 0.0000,  153, 153, 0
L 2226.0000, 772.0000, 0.0000,  2359.0000, 900.0000, 0.0000,  153, 153, 0
L 2228.0000, 562.0000, 0.0000,  2226.0000, 772.0000, 0.0000,  153, 153, 0
L 2026.0000, 373.0000, 0.0000,  2228.0000, 562.0000, 0.0000,  153, 153, 0
L 2031.0000, 233.0000, 0.0000,  2026.0000, 373.0000, 0.0000,  153, 153, 0
L 2025.0000, 156.0000, 0.0000,  2031.0000, 233.0000, 0.0000,  153, 153, 0
L 1770.0000, -99.0000, 0.0000,  2025.0000, 156.0000, 0.0000,  153, 153, 0
L 1694.0000, -113.0000, 0.0000,  1770.0000, -99.0000, 0.0000,  153, 153, 0
L 1682.0000, -166.0000, 0.0000,  1694.0000, -113.0000, 0.0000,  153, 153, 0
L 1489.0000, -169.0000, 0.0000,  1682.0000, -166.0000, 0.0000,  153, 153, 0
L 1302.0000, -366.0000, 0.0000,  1489.0000, -169.0000, 0.0000,  153, 153, 0
L 1153.0000, -363.0000, 0.0000,  1302.0000, -366.0000, 0.0000,  153, 153, 0
L 1034.0000, -500.0000, 0.0000,  1153.0000, -363.0000, 0.0000,  153, 153, 0
L 951.0000, -499.0000, 0.0000,  1034.0000, -500.0000, 0.0000,  153, 153, 0
L 759.0000, -298.0000, 0.0000,  951.0000, -499.0000, 0.0000,  153, 153, 0
L 562.0000, -312.0000, 0.0000,  759.0000, -298.0000, 0.0000,  153, 153, 0
L 563.0000, -437.0000, 0.0000,  562.0000, -312.0000, 0.0000,  153, 153, 0
L 500.0000, -500.0000, 0.0000,  563.0000, -437.0000, 0.0000,  153, 153, 0
L 420.0000, -496.0000, 0.0000,  500.0000, -500.0000, 0.0000,  153, 153, 0
L 371.0000, -567.0000, 0.0000,  420.0000, -496.0000, 0.0000,  153, 153, 0
L 224.0000, -560.0000, 0.0000,  371.0000, -567.0000, 0.0000,  153, 153, 0
L 106.0000, -700.0000, 0.0000,  224.0000, -560.0000, 0.0000,  153, 153, 0
L -109.0000, -699.0000, 0.0000,  106.0000, -700.0000, 0.0000,  153, 153, 0
L -228.0000, -835.0000, 0.0000,  -109.0000, -699.0000, 0.0000,  153, 153, 0
L -295.0000, -838.0000, 0.0000,  -228.0000, -835.0000, 0.0000,  153, 153, 0
L -306.0000, -1044.0000, 0.0000,  -295.0000, -838.0000, 0.0000,  153, 153, 0
L -359.0000, -1093.0000, 0.0000,  -306.0000, -1044.0000, 0.0000,  153, 153, 0
L -1033.0000, -785.0000, 0.0000,  -1056.0000, -741.0000, 0.0000,  153, 153, 0
L -1012.0000, -793.0000, 0.0000,  -1033.0000, -785.0000, 0.0000,  153, 153, 0
L -974.0000, -832.0000, 0.0000,  -1012.0000, -793.0000, 0.0000,  153, 153, 0
L -783.0000, -833.0000, 0.0000,  -974.0000, -832.0000, 0.0000,  153, 153, 0
L -770.0000, -908.0000, 0.0000,  -783.0000, -833.0000, 0.0000,  153, 153, 0
L -821.0000, -966.0000, 0.0000,  -770.0000, -908.0000, 0.0000,  153, 153, 0
L -906.0000, -1030.0000, 0.0000,  -821.0000, -966.0000, 0.0000,  153, 153, 0
L -903.0000, -1168.0000, 0.0000,  -906.0000, -1030.0000, 0.0000,  153, 153, 0
L 166.0000, -972.0000, 0.0000,  165.0000, -911.0000, 0.0000,  153, 153, 0
L 26.0000, -1089.0000, 0.0000,  166.0000, -972.0000, 0.0000,  153, 153, 0
L 27.0000, -1155.0000, 0.0000,  26.0000, -1089.0000, 0.0000,  153, 153, 0
L -50.0000, -1163.0000, 0.0000,  27.0000, -1155.0000, 0.0000,  153, 153, 0
L -96.0000, -1099.0000, 0.0000,  -50.0000, -1163.0000, 0.0000,  153, 153, 0
L -359.0000, -1093.0000, 0.0000,  -96.0000, -1099.0000, 0.0000,  153, 153, 0
L -445.0000, -1095.0000, 0.0000,  -359.0000, -1093.0000, 0.0000,  153, 153, 0
L -487.0000, -1169.0000, 0.0000,  -445.0000, -1095.0000, 0.0000,  153, 153, 0
L -524.0000, -1177.0000, 0.0000,  -487.0000, -1169.0000, 0.0000,  153, 153, 0
L -567.0000, -1235.0000, 0.0000,  -524.0000, -1177.0000, 0.0000,  153, 153, 0
L -628.0000, -1227.0000, 0.0000,  -567.0000, -1235.0000, 0.0000,  153, 153, 0
L -650.0000, -1167.0000, 0.0000,  -628.0000, -1227.0000, 0.0000,  153, 153, 0
L -903.0000, -1168.0000, 0.0000,  -650.0000, -1167.0000, 0.0000,  153, 153, 0
L -903.0000, -1355.0000, 0.0000,  -903.0000, -1168.0000, 0.0000,  153, 153, 0
L 1817.0000, -377.0000, 0.0000,  1821.0000, -417.0000, 0.0000,  0, 153, 0
L 1801.0000, -378.0000, 0.0000,  1817.0000, -377.0000, 0.0000,  0, 153, 0
L 1804.0000, -418.0000, 0.0000,  1801.0000, -378.0000, 0.0000,  0, 153, 0
L 1821.0000, -417.0000, 0.0000,  1804.0000, -418.0000, 0.0000,  0, 153, 0
L 1840.0000, -433.0000, 0.0000,  1880.0000, -431.0000, 0.0000,  0, 153, 0
L 1843.0000, -451.0000, 0.0000,  1840.0000, -433.0000, 0.0000,  0, 153, 0
L 1880.0000, -448.0000, 0.0000,  1843.0000, -451.0000, 0.0000,  0, 153, 0
L 1880.0000, -431.0000, 0.0000,  1880.0000, -448.0000, 0.0000,  0, 153, 0
L 1894.0000, -411.0000, 0.0000,  1889.0000, -372.0000, 0.0000,  0, 153, 0
L 1911.0000, -408.0000, 0.0000,  1894.0000, -411.0000, 0.0000,  0, 153, 0
L 1909.0000, -370.0000, 0.0000,  1911.0000, -408.0000, 0.0000,  0, 153, 0
L 1889.0000, -372.0000, 0.0000,  1909.0000, -370.0000, 0.0000,  0, 153, 0
L 1875.0000, -358.0000, 0.0000,  1836.0000, -366.0000, 0.0000,  0, 153, 0
L 1873.0000, -345.0000, 0.0000,  1875.0000, -358.0000, 0.0000,  0, 153, 0
L 1835.0000, -348.0000, 0.0000,  1873.0000, -345.0000, 0.0000,  0, 153, 0
L 1836.0000, -366.0000, 0.0000,  1835.0000, -348.0000, 0.0000,  0, 153, 0
L 1841.0000, -386.0000, 0.0000,  1868.0000, -381.0000, 0.0000,  0, 153, 0
L 1844.0000, -410.0000, 0.0000,  1841.0000, -386.0000, 0.0000,  0, 153, 0
L 1870.0000, -406.0000, 0.0000,  1844.0000, -410.0000, 0.0000,  0, 153, 0
L 1863.0000, -381.0000, 0.0000,  1870.0000, -406.0000, 0.0000,  0, 153, 0
L 100.0000, 1457.0000, 0.0000,  101.0000, 1464.0000, 0.0000,  153, 153, 153
L 51.0000, 1457.0000, 0.0000,  100.0000, 1457.0000, 0.0000,  153, 153, 153
L 51.0000, 1383.0000, 0.0000,  51.0000, 1457.0000, 0.0000,  153, 153, 153
L -20.0000, 1382.0000, 0.0000,  51.0000, 1383.0000, 0.0000,  153, 153, 153
L -22.0000, 1233.0000, 0.0000,  -20.0000, 1382.0000, 0.0000,  153, 153, 153
L 118.0000, 1440.0000, 0.0000,  118.0000, 1461.0000, 0.0000,  153, 153, 153
L 69.0000, 1441.0000, 0.0000,  118.0000, 1440.0000, 0.0000,  153, 153, 153
L 68.0000, 1383.0000, 0.0000,  69.0000, 1441.0000, 0.0000,  153, 153, 153
L 139.0000, 1382.0000, 0.0000,  68.0000, 1383.0000, 0.0000,  153, 153, 153
L 140.0000, 1223.0000, 0.0000,  139.0000, 1382.0000, 0.0000,  153, 153, 153
L 186.0000, 1275.0000, 0.0000,  185.0000, 1253.0000, 0.0000,  153, 153, 153
L 164.0000, 1275.0000, 0.0000,  186.0000, 1275.0000, 0.0000,  153, 153, 153
L 163.0000, 1254.0000, 0.0000,  164.0000, 1275.0000, 0.0000,  153, 153, 153
L 186.0000, 1253.0000, 0.0000,  163.0000, 1254.0000, 0.0000,  153, 153, 153
L 186.0000, 1275.0000, 0.0000,  186.0000, 1253.0000, 0.0000,  153, 153, 153
L 336.0000, 1305.0000, 0.0000,  336.0000, 1372.0000, 0.0000,  153, 153, 153
L 340.0000, 1294.0000, 0.0000,  336.0000, 1305.0000, 0.0000,  153, 153, 153
L 365.0000, 1293.0000, 0.0000,  340.0000, 1294.0000, 0.0000,  153, 153, 153
L 364.0000, 1291.0000, 0.0000,  365.0000, 1293.0000, 0.0000,  153, 153, 153
L 385.0000, 1291.0000, 0.0000,  364.0000, 1291.0000, 0.0000,  153, 153, 153
L 383.0000, 1295.0000, 0.0000,  385.0000, 1291.0000, 0.0000,  153, 153, 153
L 414.0000, 1296.0000, 0.0000,  383.0000, 1295.0000, 0.0000,  153, 153, 153
L 417.0000, 1375.0000, 0.0000,  414.0000, 1296.0000, 0.0000,  153, 153, 153
L 337.0000, 1374.0000, 0.0000,  417.0000, 1375.0000, 0.0000,  153, 153, 153
L 185.0000, 1353.0000, 0.0000,  206.0000, 1354.0000, 0.0000,  153, 153, 153
L 185.0000, 1332.0000, 0.0000,  185.0000, 1353.0000, 0.0000,  153, 153, 153
L 206.0000, 1332.0000, 0.0000,  185.0000, 1332.0000, 0.0000,  153, 153, 153
L 207.0000, 1354.0000, 0.0000,  206.0000, 1332.0000, 0.0000,  153, 153, 153
L -232.0000, 1268.0000, 0.0000,  -231.0000, 1348.0000, 0.0000,  153, 153, 153
L -261.0000, 1267.0000, 0.0000,  -232.0000, 1268.0000, 0.0000,  153, 153, 153
L -262.0000, 1260.0000, 0.0000,  -261.0000, 1267.0000, 0.0000,  153, 153, 153
L -282.0000, 1260.0000, 0.0000,  -262.0000, 1260.0000, 0.0000,  153, 153, 153
L -283.0000, 1267.0000, 0.0000,  -282.0000, 1260.0000, 0.0000,  153, 153, 153
L -312.0000, 1267.0000, 0.0000,  -283.0000, 1267.0000, 0.0000,  153, 153, 153
L -312.0000, 1348.0000, 0.0000,  -312.0000, 1267.0000, 0.0000,  153, 153, 153
L -231.0000, 1349.0000, 0.0000,  -312.0000, 1348.0000, 0.0000,  153, 153, 153
L -1071.0000, -697.0000, 0.0000,  -1056.0000, -671.0000, 0.0000,  0, 153, 0
L -1103.0000, -730.0000, 0.0000,  -1071.0000, -697.0000, 0.0000,  0, 153, 0
L -1079.0000, -754.0000, 0.0000,  -1103.0000, -730.0000, 0.0000,  0, 153, 0
L -1097.0000, -775.0000, 0.0000,  -1079.0000, -754.0000, 0.0000,  0, 153, 0
L -1103.0000, -777.0000, 0.0000,  -1097.0000, -775.0000, 0.0000,  0, 153, 0
L -1127.0000, -754.0000, 0.0000,  -1103.0000, -777.0000, 0.0000,  0, 153, 0
L -1105.0000, -735.0000, 0.0000,  -1127.0000, -754.0000, 0.0000,  0, 153, 0
L -1316.0000, -531.0000, 0.0000,  -1105.0000, -735.0000, 0.0000,  0, 153, 0
L -1335.0000, -550.0000, 0.0000,  -1316.0000, -531.0000, 0.0000,  0, 153, 0
L -1360.0000, -527.0000, 0.0000,  -1335.0000, -550.0000, 0.0000,  0, 153, 0
L -1337.0000, -501.0000, 0.0000,  -1360.0000, -527.0000, 0.0000,  0, 153, 0
L -1315.0000, -522.0000, 0.0000,  -1337.0000, -501.0000, 0.0000,  0, 153, 0
L -1268.0000, -466.0000, 0.0000,  -1315.0000, -522.0000, 0.0000,  0, 153, 0
L -1262.0000, -471.0000, 0.0000,  -1268.0000, -466.0000, 0.0000,  0, 153, 0
L -1252.0000, -465.0000, 0.0000,  -1262.0000, -471.0000, 0.0000,  0, 153, 0
L -1236.0000, -449.0000, 0.0000,  -1252.0000, -465.0000, 0.0000,  0, 153, 0
L -1261.0000, -425.0000, 0.0000,  -1236.0000, -449.0000, 0.0000,  0, 153, 0
L -1281.0000, -443.0000, 0.0000,  -1261.0000, -425.0000, 0.0000,  0, 153, 0
L -1286.0000, -438.0000, 0.0000,  -1281.0000, -443.0000, 0.0000,  0, 153, 0
L -1289.0000, -444.0000, 0.0000,  -1286.0000, -438.0000, 0.0000,  0, 153, 0
L -1050.0000, -677.0000, 0.0000,  -1289.0000, -444.0000, 0.0000,  0, 153, 0
L -1025.0000, -700.0000, 0.0000,  -1050.0000, -677.0000, 0.0000,  0, 153, 0
L -1003.0000, -677.0000, 0.0000,  -1025.0000, -700.0000, 0.0000,  0, 153, 0
L -1027.0000, -653.0000, 0.0000,  -1003.0000, -677.0000, 0.0000,  0, 153, 0
L -1046.0000, -672.0000, 0.0000,  -1027.0000, -653.0000, 0.0000,  0, 153, 0
L -40.0000, 550.0000, 0.0000,  -13.0000, 576.0000, 0.0000,  0, 153, 0
L 131.0000, 379.0000, 0.0000,  -40.0000, 550.0000, 0.0000,  0, 153, 0
L 167.0000, 356.0000, 0.0000,  131.0000, 379.0000, 0.0000,  0, 153, 0
L 174.0000, 362.0000, 0.0000,  167.0000, 356.0000, 0.0000,  0, 153, 0
L 148.0000, 404.0000, 0.0000,  174.0000, 362.0000, 0.0000,  0, 153, 0
L -14.0000, 576.0000, 0.0000,  148.0000, 404.0000, 0.0000,  0, 153, 0
L 659.0000, 1274.0000, 0.0000,  680.0000, 1318.0000, 0.0000,  0, 0, 153
L 639.0000, 1246.0000, 0.0000,  659.0000, 1274.0000, 0.0000,  0, 0, 153
L 596.0000, 1193.0000, 0.0000,  639.0000, 1246.0000, 0.0000,  0, 0, 153
L 582.0000, 1178.0000, 0.0000,  596.0000, 1193.0000, 0.0000,  0, 0, 153
L 544.0000, 1134.0000, 0.0000,  582.0000, 1178.0000, 0.0000,  0, 0, 153
L 532.0000, 1120.0000, 0.0000,  544.0000, 1134.0000, 0.0000,  0, 0, 153
L 495.0000, 1073.0000, 0.0000,  532.0000, 1120.0000, 0.0000,  0, 0, 153
L 491.0000, 1063.0000, 0.0000,  495.0000, 1073.0000, 0.0000,  0, 0, 153
L 476.0000, 1019.0000, 0.0000,  491.0000, 1063.0000, 0.0000,  0, 0, 153
L 461.0000, 990.0000, 0.0000,  476.0000, 1019.0000, 0.0000,  0, 0, 153
L 461.0000, 989.0000, 0.0000,  461.0000, 990.0000, 0.0000,  0, 0, 153
L 441.0000, 965.0000, 0.0000,  461.0000, 989.0000, 0.0000,  0, 0, 153
L 417.0000, 938.0000, 0.0000,  441.0000, 965.0000, 0.0000,  0, 0, 153
L 403.0000, 921.0000, 0.0000,  417.0000, 938.0000, 0.0000,  0, 0, 153
L 373.0000, 890.0000, 0.0000,  403.0000, 921.0000, 0.0000,  0, 0, 153
L 351.0000, 864.0000, 0.0000,  373.0000, 890.0000, 0.0000,  0, 0, 153
L 312.0000, 809.0000, 0.0000,  351.0000, 864.0000, 0.0000,  0, 0, 153
L 297.0000, 795.0000, 0.0000,  312.0000, 809.0000, 0.0000,  0, 0, 153
L 264.0000, 769.0000, 0.0000,  297.0000, 795.0000, 0.0000,  0, 0, 153
L 249.0000, 755.0000, 0.0000,  264.0000, 769.0000, 0.0000,  0, 0, 153
L 212.0000, 710.0000, 0.0000,  249.0000, 755.0000, 0.0000,  0, 0, 153
L 212.0000, 710.0000, 0.0000,  212.0000, 710.0000, 0.0000,  0, 0, 153
L 194.0000, 683.0000, 0.0000,  212.0000, 710.0000, 0.0000,  0, 0, 153
L 156.0000, 654.0000, 0.0000,  194.0000, 683.0000, 0.0000,  0, 0, 153
L 126.0000, 628.0000, 0.0000,  156.0000, 654.0000, 0.0000,  0, 0, 153
L 68.0000, 569.0000, 0.0000,  126.0000, 628.0000, 0.0000,  0, 0, 153
L 55.0000, 556.0000, 0.0000,  68.0000, 569.0000, 0.0000,  0, 0, 153
L -1.0000, 510.0000, 0.0000,  55.0000, 556.0000, 0.0000,  0, 0, 153
L -61.0000, 466.0000, 0.0000,  -1.0000, 510.0000, 0.0000,  0, 0, 153
L -70.0000, 459.0000, 0.0000,  -61.0000, 466.0000, 0.0000,  0, 0, 153
L -149.0000, 389.0000, 0.0000,  -70.0000, 459.0000, 0.0000,  0, 0, 153
L -174.0000, 370.0000, 0.0000,  -149.0000, 389.0000, 0.0000,  0, 0, 153
L -205.0000, 342.0000, 0.0000,  -174.0000, 370.0000, 0.0000,  0, 0, 153
L -249.0000, 313.0000, 0.0000,  -205.0000, 342.0000, 0.0000,  0, 0, 153
L -289.0000, 282.0000, 0.0000,  -249.0000, 313.0000, 0.0000,  0, 0, 153
L -320.0000, 255.0000, 0.0000,  -289.0000, 282.0000, 0.0000,  0, 0, 153
L -334.0000, 242.0000, 0.0000,  -320.0000, 255.0000, 0.0000,  0, 0, 153
L -368.0000, 211.0000, 0.0000,  -334.0000, 242.0000, 0.0000,  0, 0, 153
L -392.0000, 192.0000, 0.0000,  -368.0000, 211.0000, 0.0000,  0, 0, 153
L -403.0000, 182.0000, 0.0000,  -392.0000, 192.0000, 0.0000,  0, 0, 153
L -447.0000, 142.0000, 0.0000,  -403.0000, 182.0000, 0.0000,  0, 0, 153
L -462.0000, 127.0000, 0.0000,  -447.0000, 142.0000, 0.0000,  0, 0, 153
L -476.0000, 115.0000, 0.0000,  -462.0000, 127.0000, 0.0000,  0, 0, 153
L -521.0000, 65.0000, 0.0000,  -476.0000, 115.0000, 0.0000,  0, 0, 153
L -539.0000, 53.0000, 0.0000,  -521.0000, 65.0000, 0.0000,  0, 0, 153
L -565.0000, 37.0000, 0.0000,  -539.0000, 53.0000, 0.0000,  0, 0, 153
L -604.0000, 31.0000, 0.0000,  -565.0000, 37.0000, 0.0000,  0, 0, 153
L -635.0000, 57.0000, 0.0000,  -604.0000, 31.0000, 0.0000,  0, 0, 153
L -637.0000, 83.0000, 0.0000,  -635.0000, 57.0000, 0.0000,  0, 0, 153
L -638.0000, 91.0000, 0.0000,  -637.0000, 83.0000, 0.0000,  0, 0, 153
L -634.0000, 135.0000, 0.0000,  -638.0000, 91.0000, 0.0000,  0, 0, 153
L -629.0000, 147.0000, 0.0000,  -634.0000, 135.0000, 0.0000,  0, 0, 153
L -613.0000, 199.0000, 0.0000,  -629.0000, 147.0000, 0.0000,  0, 0, 153
L -608.0000, 219.0000, 0.0000,  -613.0000, 199.0000, 0.0000,  0, 0, 153
L -594.0000, 264.0000, 0.0000,  -608.0000, 219.0000, 0.0000,  0, 0, 153
L -587.0000, 321.0000, 0.0000,  -594.0000, 264.0000, 0.0000,  0, 0, 153
L -581.0000, 361.0000, 0.0000,  -587.0000, 321.0000, 0.0000,  0, 0, 153
L -576.0000, 400.0000, 0.0000,  -581.0000, 361.0000, 0.0000,  0, 0, 153
L -569.0000, 446.0000, 0.0000,  -576.0000, 400.0000, 0.0000,  0, 0, 153
L -566.0000, 484.0000, 0.0000,  -569.0000, 446.0000, 0.0000,  0, 0, 153
L -562.0000, 542.0000, 0.0000,  -566.0000, 484.0000, 0.0000,  0, 0, 153
L -563.0000, 609.0000, 0.0000,  -562.0000, 542.0000, 0.0000,  0, 0, 153
L -565.0000, 661.0000, 0.0000,  -563.0000, 609.0000, 0.0000,  0, 0, 153
L -566.0000, 682.0000, 0.0000,  -565.0000, 661.0000, 0.0000,  0, 0, 153
L -566.0000, 708.0000, 0.0000,  -566.0000, 682.0000, 0.0000,  0, 0, 153
L -568.0000, 765.0000, 0.0000,  -566.0000, 708.0000, 0.0000,  0, 0, 153
L -568.0000, 803.0000, 0.0000,  -568.0000, 765.0000, 0.0000,  0, 0, 153
L -567.0000, 857.0000, 0.0000,  -568.0000, 803.0000, 0.0000,  0, 0, 153
L -567.0000, 884.0000, 0.0000,  -567.0000, 857.0000, 0.0000,  0, 0, 153
L -568.0000, 929.0000, 0.0000,  -567.0000, 884.0000, 0.0000,  0, 0, 153
L -567.0000, 955.0000, 0.0000,  -568.0000, 929.0000, 0.0000,  0, 0, 153
L -569.0000, 1019.0000, 0.0000,  -567.0000, 955.0000, 0.0000,  0, 0, 153
L -571.0000, 1058.0000, 0.0000,  -569.0000, 1019.0000, 0.0000,  0, 0, 153
L -572.0000, 1114.0000, 0.0000,  -571.0000, 1058.0000, 0.0000,  0, 0, 153
L -574.0000, 1156.0000, 0.0000,  -572.0000, 1114.0000, 0.0000,  0, 0, 153
L -577.0000, 1199.0000, 0.0000,  -574.0000, 1156.0000, 0.0000,  0, 0, 153
L -581.0000, 1225.0000, 0.0000,  -577.0000, 1199.0000, 0.0000,  0, 0, 153
L -613.0000, 1304.0000, 0.0000,  -581.0000, 1225.0000, 0.0000,  0, 0, 153
L -869.0000, 1398.0000, 0.0000,  -903.0000, 1425.0000, 0.0000,  0, 0, 153
L -863.0000, 1343.0000, 0.0000,  -869.0000, 1398.0000, 0.0000,  0, 0, 153
L -854.0000, 1329.0000, 0.0000,  -863.0000, 1343.0000, 0.0000,  0, 0, 153
L -850.0000, 1284.0000, 0.0000,  -854.0000, 1329.0000, 0.0000,  0, 0, 153
L -832.0000, 1264.0000, 0.0000,  -850.0000, 1284.0000, 0.0000,  0, 0, 153
L -828.0000, 1240.0000, 0.0000,  -832.0000, 1264.0000, 0.0000,  0, 0, 153
L -804.0000, 1221.0000, 0.0000,  -828.0000, 1240.0000, 0.0000,  0, 0, 153
L -798.0000, 1200.0000, 0.0000,  -804.0000, 1221.0000, 0.0000,  0, 0, 153
L -798.0000, 1127.0000, 0.0000,  -798.0000, 1200.0000, 0.0000,  0, 0, 153
L -795.0000, 1063.0000, 0.0000,  -798.0000, 1127.0000, 0.0000,  0, 0, 153
L -795.0000, 1006.0000, 0.0000,  -795.0000, 1063.0000, 0.0000,  0, 0, 153
L -794.0000, 942.0000, 0.0000,  -795.0000, 1006.0000, 0.0000,  0, 0, 153
L -796.0000, 853.0000, 0.0000,  -794.0000, 942.0000, 0.0000,  0, 0, 153
L -795.0000, 791.0000, 0.0000,  -796.0000, 853.0000, 0.0000,  0, 0, 153
L -794.0000, 730.0000, 0.0000,  -795.0000, 791.0000, 0.0000,  0, 0, 153
L -795.0000, 690.0000, 0.0000,  -794.0000, 730.0000, 0.0000,  0, 0, 153
L -796.0000, 633.0000, 0.0000,  -795.0000, 690.0000, 0.0000,  0, 0, 153
L -794.0000, 540.0000, 0.0000,  -796.0000, 633.0000, 0.0000,  0, 0, 153
L -797.0000, 461.0000, 0.0000,  -794.0000, 540.0000, 0.0000,  0, 0, 153
L -796.0000, 373.0000, 0.0000,  -797.0000, 461.0000, 0.0000,  0, 0, 153
L -798.0000, 335.0000, 0.0000,  -796.0000, 373.0000, 0.0000,  0, 0, 153
L -802.0000, 248.0000, 0.0000,  -798.0000, 335.0000, 0.0000,  0, 0, 153
L -803.0000, 186.0000, 0.0000,  -802.0000, 248.0000, 0.0000,  0, 0, 153
L -806.0000, 148.0000, 0.0000,  -803.0000, 186.0000, 0.0000,  0, 0, 153
L -809.0000, 122.0000, 0.0000,  -806.0000, 148.0000, 0.0000,  0, 0, 153
L -817.0000, 54.0000, 0.0000,  -809.0000, 122.0000, 0.0000,  0, 0, 153
L -829.0000, 16.0000, 0.0000,  -817.0000, 54.0000, 0.0000,  0, 0, 153
L -833.0000, 0.0000, 0.0000,  -829.0000, 16.0000, 0.0000,  0, 0, 153
L -844.0000, -44.0000, 0.0000,  -833.0000, 0.0000, 0.0000,  0, 0, 153
L -856.0000, -70.0000, 0.0000,  -844.0000, -44.0000, 0.0000,  0, 0, 153
L -877.0000, -111.0000, 0.0000,  -856.0000, -70.0000, 0.0000,  0, 0, 153
L -897.0000, -134.0000, 0.0000,  -877.0000, -111.0000, 0.0000,  0, 0, 153
L -942.0000, -190.0000, 0.0000,  -897.0000, -134.0000, 0.0000,  0, 0, 153
L -1020.0000, -268.0000, 0.0000,  -942.0000, -190.0000, 0.0000,  0, 0, 153
L -1078.0000, -315.0000, 0.0000,  -1020.0000, -268.0000, 0.0000,  0, 0, 153
L -1103.0000, -341.0000, 0.0000,  -1078.0000, -315.0000, 0.0000,  0, 0, 153
L -1169.0000, -416.0000, 0.0000,  -1103.0000, -341.0000, 0.0000,  0, 0, 153
L -1209.0000, -445.0000, 0.0000,  -1169.0000, -416.0000, 0.0000,  0, 0, 153
L -1234.0000, -475.0000, 0.0000,  -1209.0000, -445.0000, 0.0000,  0, 0, 153
L -1243.0000, -490.0000, 0.0000,  -1234.0000, -475.0000, 0.0000,  0, 0, 153
L -1251.0000, -511.0000, 0.0000,  -1243.0000, -490.0000, 0.0000,  0, 0, 153
L -1272.0000, -534.0000, 0.0000,  -1251.0000, -511.0000, 0.0000,  0, 0, 153
L -1297.0000, -557.0000, 0.0000,  -1272.0000, -534.0000, 0.0000,  0, 0, 153
L -1336.0000, -586.0000, 0.0000,  -1297.0000, -557.0000, 0.0000,  0, 0, 153
L -1350.0000, -600.0000, 0.0000,  -1336.0000, -586.0000, 0.0000,  0, 0, 153
L -1370.0000, -631.0000, 0.0000,  -1350.0000, -600.0000, 0.0000,  0, 0, 153
L -1404.0000, -667.0000, 0.0000,  -1370.0000, -631.0000, 0.0000,  0, 0, 153
L -1434.0000, -694.0000, 0.0000,  -1404.0000, -667.0000, 0.0000,  0, 0, 153
L -1473.0000, -717.0000, 0.0000,  -1434.0000, -694.0000, 0.0000,  0, 0, 153
L -1497.0000, -741.0000, 0.0000,  -1473.0000, -717.0000, 0.0000,  0, 0, 153
L -1541.0000, -791.0000, 0.0000,  -1497.0000, -741.0000, 0.0000,  0, 0, 153
L -1560.0000, -803.0000, 0.0000,  -1541.0000, -791.0000, 0.0000,  0, 0, 153
L -1611.0000, -835.0000, 0.0000,  -1560.0000, -803.0000, 0.0000,  0, 0, 153
L -1644.0000, -869.0000, 0.0000,  -1611.0000, -835.0000, 0.0000,  0, 0, 153
L -1673.0000, -901.0000, 0.0000,  -1644.0000, -869.0000, 0.0000,  0, 0, 153
L -1708.0000, -943.0000, 0.0000,  -1673.0000, -901.0000, 0.0000,  0, 0, 153
L -1748.0000, -1004.0000, 0.0000,  -1708.0000, -943.0000, 0.0000,  0, 0, 153
L -1814.0000, -1051.0000, 0.0000,  -1748.0000, -1004.0000, 0.0000,  0, 0, 153
L -1900.0000, -1134.0000, 0.0000,  -1814.0000, -1051.0000, 0.0000,  0, 0, 153
L -1941.0000, -1159.0000, 0.0000,  -1900.0000, -1134.0000, 0.0000,  0, 0, 153
L -1973.0000, -1202.0000, 0.0000,  -1941.0000, -1159.0000, 0.0000,  0, 0, 153
L -1989.0000, -1251.0000, 0.0000,  -1973.0000, -1202.0000, 0.0000,  0, 0, 153
L -2004.0000, -1268.0000, 0.0000,  -1989.0000, -1251.0000, 0.0000,  0, 0, 153
L -2026.0000, -1286.0000, 0.0000,  -2004.0000, -1268.0000, 0.0000,  0, 0, 153
L -2071.0000, -1315.0000, 0.0000,  -2026.0000, -1286.0000, 0.0000,  0, 0, 153
L -2091.0000, -1333.0000, 0.0000,  -2071.0000, -1315.0000, 0.0000,  0, 0, 153
L -2138.0000, -1366.0000, 0.0000,  -2091.0000, -1333.0000, 0.0000,  0, 0, 153
L -2157.0000, -1379.0000, 0.0000,  -2138.0000, -1366.0000, 0.0000,  0, 0, 153
L -2179.0000, -1388.0000, 0.0000,  -2157.0000, -1379.0000, 0.0000,  0, 0, 153
L -1926.0000, -1396.0000, 0.0000,  -2179.0000, -1388.0000, 0.0000,  0, 0, 153
L -1869.0000, -1367.0000, 0.0000,  -1926.0000, -1396.0000, 0.0000,  0, 0, 153
L -1835.0000, -1332.0000, 0.0000,  -1869.0000, -1367.0000, 0.0000,  0, 0, 153
L -1763.0000, -1283.0000, 0.0000,  -1835.0000, -1332.0000, 0.0000,  0, 0, 153
L -1734.0000, -1262.0000, 0.0000,  -1763.0000, -1283.0000, 0.0000,  0, 0, 153
L -1722.0000, -1251.0000, 0.0000,  -1734.0000, -1262.0000, 0.0000,  0, 0, 153
L -1669.0000, -1205.0000, 0.0000,  -1722.0000, -1251.0000, 0.0000,  0, 0, 153
L -1656.0000, -1198.0000, 0.0000,  -1669.0000, -1205.0000, 0.0000,  0, 0, 153
L -1611.0000, -1168.0000, 0.0000,  -1656.0000, -1198.0000, 0.0000,  0, 0, 153
L -1557.0000, -1131.0000, 0.0000,  -1611.0000, -1168.0000, 0.0000,  0, 0, 153
L -1536.0000, -1107.0000, 0.0000,  -1557.0000, -1131.0000, 0.0000,  0, 0, 153
L -1516.0000, -1086.0000, 0.0000,  -1536.0000, -1107.0000, 0.0000,  0, 0, 153
L -1463.0000, -1034.0000, 0.0000,  -1516.0000, -1086.0000, 0.0000,  0, 0, 153
L -1433.0000, -1005.0000, 0.0000,  -1463.0000, -1034.0000, 0.0000,  0, 0, 153
L -1355.0000, -929.0000, 0.0000,  -1433.0000, -1005.0000, 0.0000,  0, 0, 153
L -1337.0000, -909.0000, 0.0000,  -1355.0000, -929.0000, 0.0000,  0, 0, 153
L -1289.0000, -864.0000, 0.0000,  -1337.0000, -909.0000, 0.0000,  0, 0, 153
L -1269.0000, -850.0000, 0.0000,  -1289.0000, -864.0000, 0.0000,  0, 0, 153
L -1218.0000, -798.0000, 0.0000,  -1269.0000, -850.0000, 0.0000,  0, 0, 153
L -1204.0000, -776.0000, 0.0000,  -1218.0000, -798.0000, 0.0000,  0, 0, 153
L -1158.0000, -731.0000, 0.0000,  -1204.0000, -776.0000, 0.0000,  0, 0, 153
L -1135.0000, -713.0000, 0.0000,  -1158.0000, -731.0000, 0.0000,  0, 0, 153
L -1087.0000, -663.0000, 0.0000,  -1135.0000, -713.0000, 0.0000,  0, 0, 153
L -1068.0000, -635.0000, 0.0000,  -1087.0000, -663.0000, 0.0000,  0, 0, 153
L -1039.0000, -596.0000, 0.0000,  -1068.0000, -635.0000, 0.0000,  0, 0, 153
L -1004.0000, -567.0000, 0.0000,  -1039.0000, -596.0000, 0.0000,  0, 0, 153
L -967.0000, -531.0000, 0.0000,  -1004.0000, -567.0000, 0.0000,  0, 0, 153
L -933.0000, -493.0000, 0.0000,  -967.0000, -531.0000, 0.0000,  0, 0, 153
L -896.0000, -463.0000, 0.0000,  -933.0000, -493.0000, 0.0000,  0, 0, 153
L -869.0000, -451.0000, 0.0000,  -896.0000, -463.0000, 0.0000,  0, 0, 153
L -807.0000, -402.0000, 0.0000,  -869.0000, -451.0000, 0.0000,  0, 0, 153
L -797.0000, -393.0000, 0.0000,  -807.0000, -402.0000, 0.0000,  0, 0, 153
L -796.0000, -392.0000, 0.0000,  -797.0000, -393.0000, 0.0000,  0, 0, 153
L -739.0000, -331.0000, 0.0000,  -796.0000, -392.0000, 0.0000,  0, 0, 153
L -736.0000, -325.0000, 0.0000,  -739.0000, -331.0000, 0.0000,  0, 0, 153
L -679.0000, -264.0000, 0.0000,  -736.0000, -325.0000, 0.0000,  0, 0, 153
L -670.0000, -259.0000, 0.0000,  -679.0000, -264.0000, 0.0000,  0, 0, 153
L -610.0000, -205.0000, 0.0000,  -670.0000, -259.0000, 0.0000,  0, 0, 153
L -608.0000, -204.0000, 0.0000,  -610.0000, -205.0000, 0.0000,  0, 0, 153
L -608.0000, -203.0000, 0.0000,  -608.0000, -204.0000, 0.0000,  0, 0, 153
L -604.0000, -201.0000, 0.0000,  -608.0000, -203.0000, 0.0000,  0, 0, 153
L -599.0000, -199.0000, 0.0000,  -604.0000, -201.0000, 0.0000,  0, 0, 153
L -535.0000, -171.0000, 0.0000,  -599.0000, -199.0000, 0.0000,  0, 0, 153
L -495.0000, -131.0000, 0.0000,  -535.0000, -171.0000, 0.0000,  0, 0, 153
L -468.0000, -120.0000, 0.0000,  -495.0000, -131.0000, 0.0000,  0, 0, 153
L -418.0000, -80.0000, 0.0000,  -468.0000, -120.0000, 0.0000,  0, 0, 153
L -402.0000, -76.0000, 0.0000,  -418.0000, -80.0000, 0.0000,  0, 0, 153
L -390.0000, -65.0000, 0.0000,  -402.0000, -76.0000, 0.0000,  0, 0, 153
L -336.0000, -35.0000, 0.0000,  -390.0000, -65.0000, 0.0000,  0, 0, 153
L -293.0000, 0.0000, 0.0000,  -336.0000, -35.0000, 0.0000,  0, 0, 153
L -267.0000, 13.0000, 0.0000,  -293.0000, 0.0000, 0.0000,  0, 0, 153
L -204.0000, 72.0000, 0.0000,  -267.0000, 13.0000, 0.0000,  0, 0, 153
L -165.0000, 105.0000, 0.0000,  -204.0000, 72.0000, 0.0000,  0, 0, 153
L -139.0000, 122.0000, 0.0000,  -165.0000, 105.0000, 0.0000,  0, 0, 153
L -124.0000, 134.0000, 0.0000,  -139.0000, 122.0000, 0.0000,  0, 0, 153
L -69.0000, 170.0000, 0.0000,  -124.0000, 134.0000, 0.0000,  0, 0, 153
L -37.0000, 200.0000, 0.0000,  -69.0000, 170.0000, 0.0000,  0, 0, 153
L -7.0000, 220.0000, 0.0000,  -37.0000, 200.0000, 0.0000,  0, 0, 153
L 49.0000, 267.0000, 0.0000,  -7.0000, 220.0000, 0.0000,  0, 0, 153
L 63.0000, 274.0000, 0.0000,  49.0000, 267.0000, 0.0000,  0, 0, 153
L 122.0000, 327.0000, 0.0000,  63.0000, 274.0000, 0.0000,  0, 0, 153
L 128.0000, 331.0000, 0.0000,  122.0000, 327.0000, 0.0000,  0, 0, 153
L 198.0000, 378.0000, 0.0000,  128.0000, 331.0000, 0.0000,  0, 0, 153
L 263.0000, 435.0000, 0.0000,  198.0000, 378.0000, 0.0000,  0, 0, 153
L 291.0000, 467.0000, 0.0000,  263.0000, 435.0000, 0.0000,  0, 0, 153
L 329.0000, 491.0000, 0.0000,  291.0000, 467.0000, 0.0000,  0, 0, 153
L 372.0000, 536.0000, 0.0000,  329.0000, 491.0000, 0.0000,  0, 0, 153
L 395.0000, 570.0000, 0.0000,  372.0000, 536.0000, 0.0000,  0, 0, 153
L 424.0000, 601.0000, 0.0000,  395.0000, 570.0000, 0.0000,  0, 0, 153
L 462.0000, 638.0000, 0.0000,  424.0000, 601.0000, 0.0000,  0, 0, 153
L 493.0000, 669.0000, 0.0000,  462.0000, 638.0000, 0.0000,  0, 0, 153
L 529.0000, 725.0000, 0.0000,  493.0000, 669.0000, 0.0000,  0, 0, 153
L 540.0000, 734.0000, 0.0000,  529.0000, 725.0000, 0.0000,  0, 0, 153
L 607.0000, 803.0000, 0.0000,  540.0000, 734.0000, 0.0000,  0, 0, 153
L 612.0000, 816.0000, 0.0000,  607.0000, 803.0000, 0.0000,  0, 0, 153
L 650.0000, 867.0000, 0.0000,  612.0000, 816.0000, 0.0000,  0, 0, 153
L 662.0000, 888.0000, 0.0000,  650.0000, 867.0000, 0.0000,  0, 0, 153
L 706.0000, 935.0000, 0.0000,  662.0000, 888.0000, 0.0000,  0, 0, 153
L 729.0000, 978.0000, 0.0000,  706.0000, 935.0000, 0.0000,  0, 0, 153
L 747.0000, 1001.0000, 0.0000,  729.0000, 978.0000, 0.0000,  0, 0, 153
L 755.0000, 1028.0000, 0.0000,  747.0000, 1001.0000, 0.0000,  0, 0, 153
L 784.0000, 1068.0000, 0.0000,  755.0000, 1028.0000, 0.0000,  0, 0, 153
L 796.0000, 1088.0000, 0.0000,  784.0000, 1068.0000, 0.0000,  0, 0, 153
L 835.0000, 1134.0000, 0.0000,  796.0000, 1088.0000, 0.0000,  0, 0, 153
L 851.0000, 1190.0000, 0.0000,  835.0000, 1134.0000, 0.0000,  0, 0, 153
L 858.0000, 1202.0000, 0.0000,  851.0000, 1190.0000, 0.0000,  0, 0, 153
L 862.0000, 1209.0000, 0.0000,  858.0000, 1202.0000, 0.0000,  0, 0, 153
L 909.0000, 1270.0000, 0.0000,  862.0000, 1209.0000, 0.0000,  0, 0, 153
L 915.0000, 1321.0000, 0.0000,  909.0000, 1270.0000, 0.0000,  0, 0, 153
L 921.0000, 1334.0000, 0.0000,  915.0000, 1321.0000, 0.0000,  0, 0, 153
L 929.0000, 1377.0000, 0.0000,  921.0000, 1334.0000, 0.0000,  0, 0, 153
L 945.0000, 1401.0000, 0.0000,  929.0000, 1377.0000, 0.0000,  0, 0, 153
L 940.0000, 1414.0000, 0.0000,  945.0000, 1401.0000, 0.0000,  0, 0, 153
L 963.0000, 1469.0000, 0.0000,  940.0000, 1414.0000, 0.0000,  0, 0, 153
L 3076.0000, 1121.0000, 0.0000,  3128.0000, 1157.0000, 0.0000,  153, 153, 153
L 3071.0000, 1117.0000, 0.0000,  3076.0000, 1121.0000, 0.0000,  153, 153, 153
L 3065.0000, 1043.0000, 0.0000,  3071.0000, 1117.0000, 0.0000,  153, 153, 153
L 3061.0000, 1019.0000, 0.0000,  3065.0000, 1043.0000, 0.0000,  153, 153, 153
L 3055.0000, 997.0000, 0.0000,  3061.0000, 1019.0000, 0.0000,  153, 153, 153
L 3034.0000, 1003.0000, 0.0000,  3055.0000, 997.0000, 0.0000,  153, 153, 153
L 2996.0000, 1030.0000, 0.0000,  3034.0000, 1003.0000, 0.0000,  153, 153, 153
L 2995.0000, 1031.0000, 0.0000,  2996.0000, 1030.0000, 0.0000,  153, 153, 153
L 2970.0000, 1042.0000, 0.0000,  2995.0000, 1031.0000, 0.0000,  153, 153, 153
L 2964.0000, 1050.0000, 0.0000,  2970.0000, 1042.0000, 0.0000,  153, 153, 153
L 2954.0000, 1100.0000, 0.0000,  2964.0000, 1050.0000, 0.0000,  153, 153, 153
L 2953.0000, 1108.0000, 0.0000,  2954.0000, 1100.0000, 0.0000,  153, 153, 153
L 2950.0000, 1135.0000, 0.0000,  2953.0000, 1108.0000, 0.0000,  153, 153, 153
L 2950.0000, 1141.0000, 0.0000,  2950.0000, 1135.0000, 0.0000,  153, 153, 153
L 2948.0000, 1157.0000, 0.0000,  2950.0000, 1141.0000, 0.0000,  153, 153, 153
L 2947.0000, 1163.0000, 0.0000,  2948.0000, 1157.0000, 0.0000,  153, 153, 153
L 2942.0000, 1208.0000, 0.0000,  2947.0000, 1163.0000, 0.0000,  153, 153, 153
L 2940.0000, 1230.0000, 0.0000,  2942.0000, 1208.0000, 0.0000,  153, 153, 153
L 2937.0000, 1253.0000, 0.0000,  2940.0000, 1230.0000, 0.0000,  153, 153, 153
L 2935.0000, 1276.0000, 0.0000,  2937.0000, 1253.0000, 0.0000,  153, 153, 153
L 2932.0000, 1299.0000, 0.0000,  2935.0000, 1276.0000, 0.0000,  153, 153, 153
L 2928.0000, 1344.0000, 0.0000,  2932.0000, 1299.0000, 0.0000,  153, 153, 153
L 2925.0000, 1367.0000, 0.0000,  2928.0000, 1344.0000, 0.0000,  153, 153, 153
L 2920.0000, 1412.0000, 0.0000,  2925.0000, 1367.0000, 0.0000,  153, 153, 153
L 2918.0000, 1435.0000, 0.0000,  2920.0000, 1412.0000, 0.0000,  153, 153, 153
L 2914.0000, 1467.0000, 0.0000,  2918.0000, 1435.0000, 0.0000,  153, 153, 153
L 2885.0000, 1467.0000, 0.0000,  2914.0000, 1467.0000, 0.0000,  153, 153, 153
L 2858.0000, 1467.0000, 0.0000,  2885.0000, 1467.0000, 0.0000,  153, 153, 153
L 2803.0000, 1467.0000, 0.0000,  2858.0000, 1467.0000, 0.0000,  153, 153, 153
L 2696.0000, 1468.0000, 0.0000,  2803.0000, 1467.0000, 0.0000,  153, 153, 153
L 2588.0000, 1469.0000, 0.0000,  2696.0000, 1468.0000, 0.0000,  153, 153, 153
L 2479.0000, 1469.0000, 0.0000,  2588.0000, 1469.0000, 0.0000,  153, 153, 153
L 2344.0000, 1470.0000, 0.0000,  2479.0000, 1469.0000, 0.0000,  153, 153, 153
L 2171.0000, 1471.0000, 0.0000,  2344.0000, 1470.0000, 0.0000,  153, 153, 153
L 2142.0000, 1471.0000, 0.0000,  2171.0000, 1471.0000, 0.0000,  153, 153, 153
L 2114.0000, 1471.0000, 0.0000,  2142.0000, 1471.0000, 0.0000,  153, 153, 153
L 2057.0000, 1472.0000, 0.0000,  2114.0000, 1471.0000, 0.0000,  153, 153, 153
L 1999.0000, 1472.0000, 0.0000,  2057.0000, 1472.0000, 0.0000,  153, 153, 153
L 1912.0000, 1472.0000, 0.0000,  1999.0000, 1472.0000, 0.0000,  153, 153, 153
L 1840.0000, 1472.0000, 0.0000,  1912.0000, 1472.0000, 0.0000,  153, 153, 153
L 1754.0000, 1472.0000, 0.0000,  1840.0000, 1472.0000, 0.0000,  153, 153, 153
L 1725.0000, 1470.0000, 0.0000,  1754.0000, 1472.0000, 0.0000,  153, 153, 153
L 1671.0000, 1472.0000, 0.0000,  1725.0000, 1470.0000, 0.0000,  153, 153, 153
L 1598.0000, 1472.0000, 0.0000,  1671.0000, 1472.0000, 0.0000,  153, 153, 153
L 1541.0000, 1472.0000, 0.0000,  1598.0000, 1472.0000, 0.0000,  153, 153, 153
L 1458.0000, 1472.0000, 0.0000,  1541.0000, 1472.0000, 0.0000,  153, 153, 153
L 1373.0000, 1472.0000, 0.0000,  1458.0000, 1472.0000, 0.0000,  153, 153, 153
L 1289.0000, 1472.0000, 0.0000,  1373.0000, 1472.0000, 0.0000,  153, 153, 153
L 1242.0000, 1472.0000, 0.0000,  1289.0000, 1472.0000, 0.0000,  153, 153, 153
L 1179.0000, 1471.0000, 0.0000,  1242.0000, 1472.0000, 0.0000,  153, 153, 153
L 1144.0000, 1471.0000, 0.0000,  1179.0000, 1471.0000, 0.0000,  153, 153, 153
L 1099.0000, 1471.0000, 0.0000,  1144.0000, 1471.0000, 0.0000,  153, 153, 153
L 1064.0000, 1471.0000, 0.0000,  1099.0000, 1471.0000, 0.0000,  153, 153, 153
L 1037.0000, 1471.0000, 0.0000,  1064.0000, 1471.0000, 0.0000,  153, 153, 153
L 1022.0000, 1471.0000, 0.0000,  1037.0000, 1471.0000, 0.0000,  153, 153, 153
L 994.0000, 1471.0000, 0.0000,  1022.0000, 1471.0000, 0.0000,  153, 153, 153
L 985.0000, 1471.0000, 0.0000,  994.0000, 1471.0000, 0.0000,  153, 153, 153
L 982.0000, 1471.0000, 0.0000,  985.0000, 1471.0000, 0.0000,  153, 153, 153
L 936.0000, 1471.0000, 0.0000,  982.0000, 1471.0000, 0.0000,  153, 153, 153
L 910.0000, 1453.0000, 0.0000,  936.0000, 1471.0000, 0.0000,  153, 153, 153
L 886.0000, 1427.0000, 0.0000,  910.0000, 1453.0000, 0.0000,  153, 153, 153
L 865.0000, 1403.0000, 0.0000,  886.0000, 1427.0000, 0.0000,  153, 153, 153
L 830.0000, 1364.0000, 0.0000,  865.0000, 1403.0000, 0.0000,  153, 153, 153
L 812.0000, 1345.0000, 0.0000,  830.0000, 1364.0000, 0.0000,  153, 153, 153
L 801.0000, 1326.0000, 0.0000,  812.0000, 1345.0000, 0.0000,  153, 153, 153
L 798.0000, 1263.0000, 0.0000,  801.0000, 1326.0000, 0.0000,  153, 153, 153
L 763.0000, 1266.0000, 0.0000,  798.0000, 1263.0000, 0.0000,  153, 153, 153
L 751.0000, 1275.0000, 0.0000,  763.0000, 1266.0000, 0.0000,  153, 153, 153
L 696.0000, 1311.0000, 0.0000,  751.0000, 1275.0000, 0.0000,  153, 153, 153
L 647.0000, 1342.0000, 0.0000,  696.0000, 1311.0000, 0.0000,  153, 153, 153
L 620.0000, 1360.0000, 0.0000,  647.0000, 1342.0000, 0.0000,  153, 153, 153
L 579.0000, 1387.0000, 0.0000,  620.0000, 1360.0000, 0.0000,  153, 153, 153
L 530.0000, 1419.0000, 0.0000,  579.0000, 1387.0000, 0.0000,  153, 153, 153
L 483.0000, 1450.0000, 0.0000,  530.0000, 1419.0000, 0.0000,  153, 153, 153
L 475.0000, 1453.0000, 0.0000,  483.0000, 1450.0000, 0.0000,  153, 153, 153
L 439.0000, 1444.0000, 0.0000,  475.0000, 1453.0000, 0.0000,  153, 153, 153
L 382.0000, 1430.0000, 0.0000,  439.0000, 1444.0000, 0.0000,  153, 153, 153
L 353.0000, 1423.0000, 0.0000,  382.0000, 1430.0000, 0.0000,  153, 153, 153
L 239.0000, 1395.0000, 0.0000,  353.0000, 1423.0000, 0.0000,  153, 153, 153
L 239.0000, 1395.0000, 0.0000,  239.0000, 1395.0000, 0.0000,  153, 153, 153
L 190.0000, 1383.0000, 0.0000,  239.0000, 1395.0000, 0.0000,  153, 153, 153
L 153.0000, 1383.0000, 0.0000,  190.0000, 1383.0000, 0.0000,  153, 153, 153
L 151.0000, 1224.0000, 0.0000,  153.0000, 1383.0000, 0.0000,  153, 153, 153
L 139.0000, 1224.0000, 0.0000,  151.0000, 1224.0000, 0.0000,  153, 153, 153
L 139.0000, 1234.0000, 0.0000,  139.0000, 1224.0000, 0.0000,  153, 153, 153
L -21.0000, 1246.0000, 0.0000,  139.0000, 1234.0000, 0.0000,  153, 153, 153
L -22.0000, 1234.0000, 0.0000,  -21.0000, 1246.0000, 0.0000,  153, 153, 153
L -34.0000, 1236.0000, 0.0000,  -22.0000, 1234.0000, 0.0000,  153, 153, 153
L -34.0000, 1243.0000, 0.0000,  -34.0000, 1236.0000, 0.0000,  153, 153, 153
L -34.0000, 1383.0000, 0.0000,  -34.0000, 1243.0000, 0.0000,  153, 153, 153
L -98.0000, 1383.0000, 0.0000,  -34.0000, 1383.0000, 0.0000,  153, 153, 153
L -333.0000, 1441.0000, 0.0000,  -98.0000, 1383.0000, 0.0000,  153, 153, 153
L -385.0000, 1453.0000, 0.0000,  -333.0000, 1441.0000, 0.0000,  153, 153, 153
L -459.0000, 1404.0000, 0.0000,  -385.0000, 1453.0000, 0.0000,  153, 153, 153
L -554.0000, 1342.0000, 0.0000,  -459.0000, 1404.0000, 0.0000,  153, 153, 153
L -577.0000, 1327.0000, 0.0000,  -554.0000, 1342.0000, 0.0000,  153, 153, 153
L -602.0000, 1311.0000, 0.0000,  -577.0000, 1327.0000, 0.0000,  153, 153, 153
L -613.0000, 1304.0000, 0.0000,  -602.0000, 1311.0000, 0.0000,  153, 153, 153
L -615.0000, 1263.0000, 0.0000,  -613.0000, 1304.0000, 0.0000,  153, 153, 153
L -622.0000, 1277.0000, 0.0000,  -615.0000, 1263.0000, 0.0000,  153, 153, 153
L -631.0000, 1294.0000, 0.0000,  -622.0000, 1277.0000, 0.0000,  153, 153, 153
L -634.0000, 1292.0000, 0.0000,  -631.0000, 1294.0000, 0.0000,  153, 153, 153
L -664.0000, 1272.0000, 0.0000,  -634.0000, 1292.0000, 0.0000,  153, 153, 153
L -673.0000, 1263.0000, 0.0000,  -664.0000, 1272.0000, 0.0000,  153, 153, 153
L -710.0000, 1265.0000, 0.0000,  -673.0000, 1263.0000, 0.0000,  153, 153, 153
L -710.0000, 1312.0000, 0.0000,  -710.0000, 1265.0000, 0.0000,  153, 153, 153
L -885.0000, 1415.0000, 0.0000,  -710.0000, 1312.0000, 0.0000,  153, 153, 153
L -903.0000, 1425.0000, 0.0000,  -885.0000, 1415.0000, 0.0000,  153, 153, 153
L -908.0000, 1428.0000, 0.0000,  -903.0000, 1425.0000, 0.0000,  153, 153, 153
L -978.0000, 1469.0000, 0.0000,  -908.0000, 1428.0000, 0.0000,  153, 153, 153
L -1001.0000, 1471.0000, 0.0000,  -978.0000, 1469.0000, 0.0000,  153, 153, 153
L -1007.0000, 1471.0000, 0.0000,  -1001.0000, 1471.0000, 0.0000,  153, 153, 153
L -1112.0000, 1471.0000, 0.0000,  -1007.0000, 1471.0000, 0.0000,  153, 153, 153
L -1172.0000, 1470.0000, 0.0000,  -1112.0000, 1471.0000, 0.0000,  153, 153, 153
L -1233.0000, 1470.0000, 0.0000,  -1172.0000, 1470.0000, 0.0000,  153, 153, 153
L -1383.0000, 1470.0000, 0.0000,  -1233.0000, 1470.0000, 0.0000,  153, 153, 153
L -1444.0000, 1470.0000, 0.0000,  -1383.0000, 1470.0000, 0.0000,  153, 153, 153
L -1533.0000, 1469.0000, 0.0000,  -1444.0000, 1470.0000, 0.0000,  153, 153, 153
L -1624.0000, 1469.0000, 0.0000,  -1533.0000, 1469.0000, 0.0000,  153, 153, 153
L -1744.0000, 1469.0000, 0.0000,  -1624.0000, 1469.0000, 0.0000,  153, 153, 153
L -1896.0000, 1468.0000, 0.0000,  -1744.0000, 1469.0000, 0.0000,  153, 153, 153
L -2048.0000, 1468.0000, 0.0000,  -1896.0000, 1468.0000, 0.0000,  153, 153, 153
L -2200.0000, 1467.0000, 0.0000,  -2048.0000, 1468.0000, 0.0000,  153, 153, 153
L -2296.0000, 1467.0000, 0.0000,  -2200.0000, 1467.0000, 0.0000,  153, 153, 153
L -2442.0000, 1467.0000, 0.0000,  -2296.0000, 1467.0000, 0.0000,  153, 153, 153
L -2500.0000, 1467.0000, 0.0000,  -2442.0000, 1467.0000, 0.0000,  153, 153, 153
L -2498.0000, 1454.0000, 0.0000,  -2500.0000, 1467.0000, 0.0000,  153, 153, 153
L -2521.0000, 1442.0000, 0.0000,  -2498.0000, 1454.0000, 0.0000,  153, 153, 153
L -2540.0000, 1460.0000, 0.0000,  -2521.0000, 1442.0000, 0.0000,  153, 153, 153
L -2537.0000, 1466.0000, 0.0000,  -2540.0000, 1460.0000, 0.0000,  153, 153, 153
L -2547.0000, 1466.0000, 0.0000,  -2537.0000, 1466.0000, 0.0000,  153, 153, 153
L -2672.0000, 1470.0000, 0.0000,  -2547.0000, 1466.0000, 0.0000,  153, 153, 153
L -2802.0000, 2202.0000, 0.0000,  -2782.0000, 2238.0000, 0.0000,  153, 153, 153
L -2758.0000, 2177.0000, 0.0000,  -2802.0000, 2202.0000, 0.0000,  153, 153, 153
L -2736.0000, 2217.0000, 0.0000,  -2758.0000, 2177.0000, 0.0000,  153, 153, 153
L -2781.0000, 2240.0000, 0.0000,  -2736.0000, 2217.0000, 0.0000,  153, 153, 153
L -2782.0000, 2372.0000, 0.0000,  -2782.0000, 2398.0000, 0.0000,  153, 153, 153
L -2811.0000, 2372.0000, 0.0000,  -2782.0000, 2372.0000, 0.0000,  153, 153, 153
L -2810.0000, 2399.0000, 0.0000,  -2811.0000, 2372.0000, 0.0000,  153, 153, 153
L -2783.0000, 2399.0000, 0.0000,  -2810.0000, 2399.0000, 0.0000,  153, 153, 153
L -2573.0000, 2377.0000, 0.0000,  -2572.0000, 2394.0000, 0.0000,  255, 255, 255
L -2636.0000, 2377.0000, 0.0000,  -2573.0000, 2377.0000, 0.0000,  255, 255, 255
L -2636.0000, 2394.0000, 0.0000,  -2636.0000, 2377.0000, 0.0000,  255, 255, 255
L -2573.0000, 2395.0000, 0.0000,  -2636.0000, 2394.0000, 0.0000,  255, 255, 255
L -2582.0000, 2363.0000, 0.0000,  -2552.0000, 2364.0000, 0.0000,  153, 153, 153
L -2578.0000, 2318.0000, 0.0000,  -2582.0000, 2363.0000, 0.0000,  153, 153, 153
L -2631.0000, 2318.0000, 0.0000,  -2578.0000, 2318.0000, 0.0000,  153, 153, 153
L -2629.0000, 2363.0000, 0.0000,  -2631.0000, 2318.0000, 0.0000,  153, 153, 153
L -2654.0000, 2363.0000, 0.0000,  -2629.0000, 2363.0000, 0.0000,  153, 153, 153
L -2655.0000, 2406.0000, 0.0000,  -2654.0000, 2363.0000, 0.0000,  153, 153, 153
L -2553.0000, 2408.0000, 0.0000,  -2655.0000, 2406.0000, 0.0000,  153, 153, 153
L -2553.0000, 2363.0000, 0.0000,  -2553.0000, 2408.0000, 0.0000,  153, 153, 153
L -2395.0000, 2373.0000, 0.0000,  -2395.0000, 2398.0000, 0.0000,  153, 153, 153
L -2423.0000, 2372.0000, 0.0000,  -2395.0000, 2373.0000, 0.0000,  153, 153, 153
L -2422.0000, 2399.0000, 0.0000,  -2423.0000, 2372.0000, 0.0000,  153, 153, 153
L -2395.0000, 2398.0000, 0.0000,  -2422.0000, 2399.0000, 0.0000,  153, 153, 153
L -2592.0000, 2487.0000, 0.0000,  -2591.0000, 2514.0000, 0.0000,  153, 153, 153
L -2618.0000, 2487.0000, 0.0000,  -2592.0000, 2487.0000, 0.0000,  153, 153, 153
L -2618.0000, 2514.0000, 0.0000,  -2618.0000, 2487.0000, 0.0000,  153, 153, 153
L -2592.0000, 2515.0000, 0.0000,  -2618.0000, 2514.0000, 0.0000,  153, 153, 153
L -2688.0000, 1561.0000, 0.0000,  -2672.0000, 1470.0000, 0.0000,  153, 153, 153
L -2665.0000, 1578.0000, 0.0000,  -2688.0000, 1561.0000, 0.0000,  153, 153, 153
L -2658.0000, 1592.0000, 0.0000,  -2665.0000, 1578.0000, 0.0000,  153, 153, 153
L -2661.0000, 1609.0000, 0.0000,  -2658.0000, 1592.0000, 0.0000,  153, 153, 153
L -2695.0000, 1636.0000, 0.0000,  -2661.0000, 1609.0000, 0.0000,  153, 153, 153
L -2700.0000, 1666.0000, 0.0000,  -2695.0000, 1636.0000, 0.0000,  153, 153, 153
L -2711.0000, 1671.0000, 0.0000,  -2700.0000, 1666.0000, 0.0000,  153, 153, 153
L -2728.0000, 1675.0000, 0.0000,  -2711.0000, 1671.0000, 0.0000,  153, 153, 153
L -2732.0000, 1676.0000, 0.0000,  -2728.0000, 1675.0000, 0.0000,  153, 153, 153
L -2773.0000, 1673.0000, 0.0000,  -2732.0000, 1676.0000, 0.0000,  153, 153, 153
L -2845.0000, 1671.0000, 0.0000,  -2773.0000, 1673.0000, 0.0000,  153, 153, 153
L -2892.0000, 1683.0000, 0.0000,  -2845.0000, 1671.0000, 0.0000,  153, 153, 153
L -2862.0000, 1717.0000, 0.0000,  -2892.0000, 1683.0000, 0.0000,  153, 153, 153
L -2837.0000, 1724.0000, 0.0000,  -2862.0000, 1717.0000, 0.0000,  153, 153, 153
L -2803.0000, 1755.0000, 0.0000,  -2837.0000, 1724.0000, 0.0000,  153, 153, 153
L -2803.0000, 1729.0000, 0.0000,  -2803.0000, 1755.0000, 0.0000,  153, 153, 153
L -2819.0000, 1698.0000, 0.0000,  -2803.0000, 1729.0000, 0.0000,  153, 153, 153
L -2803.0000, 1698.0000, 0.0000,  -2819.0000, 1698.0000, 0.0000,  153, 153, 153
L -2776.0000, 1726.0000, 0.0000,  -2803.0000, 1698.0000, 0.0000,  153, 153, 153
L -2764.0000, 1784.0000, 0.0000,  -2776.0000, 1726.0000, 0.0000,  153, 153, 153
L -2765.0000, 1785.0000, 0.0000,  -2764.0000, 1784.0000, 0.0000,  153, 153, 153
L -2797.0000, 1799.0000, 0.0000,  -2765.0000, 1785.0000, 0.0000,  153, 153, 153
L -2820.0000, 1778.0000, 0.0000,  -2797.0000, 1799.0000, 0.0000,  153, 153, 153
L -2865.0000, 1744.0000, 0.0000,  -2820.0000, 1778.0000, 0.0000,  153, 153, 153
L -2913.0000, 1710.0000, 0.0000,  -2865.0000, 1744.0000, 0.0000,  153, 153, 153
L -2919.0000, 1682.0000, 0.0000,  -2913.0000, 1710.0000, 0.0000,  153, 153, 153
L -2896.0000, 1659.0000, 0.0000,  -2919.0000, 1682.0000, 0.0000,  153, 153, 153
L -2859.0000, 1642.0000, 0.0000,  -2896.0000, 1659.0000, 0.0000,  153, 153, 153
L -2978.0000, 1647.0000, 0.0000,  -2859.0000, 1642.0000, 0.0000,  153, 153, 153
L -3024.0000, 1685.0000, 0.0000,  -2978.0000, 1647.0000, 0.0000,  153, 153, 153
L -3028.0000, 1741.0000, 0.0000,  -3024.0000, 1685.0000, 0.0000,  153, 153, 153
L -3047.0000, 1800.0000, 0.0000,  -3028.0000, 1741.0000, 0.0000,  153, 153, 153
L -3068.0000, 1839.0000, 0.0000,  -3047.0000, 1800.0000, 0.0000,  153, 153, 153
L -3040.0000, 1865.0000, 0.0000,  -3068.0000, 1839.0000, 0.0000,  153, 153, 153
L -3022.0000, 1836.0000, 0.0000,  -3040.0000, 1865.0000, 0.0000,  153, 153, 153
L -2959.0000, 1906.0000, 0.0000,  -3022.0000, 1836.0000, 0.0000,  153, 153, 153
L -2971.0000, 1914.0000, 0.0000,  -2959.0000, 1906.0000, 0.0000,  153, 153, 153
L -3012.0000, 1869.0000, 0.0000,  -2971.0000, 1914.0000, 0.0000,  153, 153, 153
L -3040.0000, 1887.0000, 0.0000,  -3012.0000, 1869.0000, 0.0000,  153, 153, 153
L -3069.0000, 1862.0000, 0.0000,  -3040.0000, 1887.0000, 0.0000,  153, 153, 153
L -3053.0000, 1912.0000, 0.0000,  -3069.0000, 1862.0000, 0.0000,  153, 153, 153
L -2967.0000, 1933.0000, 0.0000,  -3053.0000, 1912.0000, 0.0000,  153, 153, 153
L -2942.0000, 1917.0000, 0.0000,  -2967.0000, 1933.0000, 0.0000,  153, 153, 153
L -2929.0000, 1888.0000, 0.0000,  -2942.0000, 1917.0000, 0.0000,  153, 153, 153
L -2931.0000, 1886.0000, 0.0000,  -2929.0000, 1888.0000, 0.0000,  153, 153, 153
L -2990.0000, 1848.0000, 0.0000,  -2931.0000, 1886.0000, 0.0000,  153, 153, 153
L -3000.0000, 1825.0000, 0.0000,  -2990.0000, 1848.0000, 0.0000,  153, 153, 153
L -3005.0000, 1763.0000, 0.0000,  -3000.0000, 1825.0000, 0.0000,  153, 153, 153
L -2986.0000, 1721.0000, 0.0000,  -3005.0000, 1763.0000, 0.0000,  153, 153, 153
L -2924.0000, 1734.0000, 0.0000,  -2986.0000, 1721.0000, 0.0000,  153, 153, 153
L -2846.0000, 1790.0000, 0.0000,  -2924.0000, 1734.0000, 0.0000,  153, 153, 153
L -2798.0000, 1830.0000, 0.0000,  -2846.0000, 1790.0000, 0.0000,  153, 153, 153
L -2786.0000, 1885.0000, 0.0000,  -2798.0000, 1830.0000, 0.0000,  153, 153, 153
L -2791.0000, 1909.0000, 0.0000,  -2786.0000, 1885.0000, 0.0000,  153, 153, 153
L -2814.0000, 1858.0000, 0.0000,  -2791.0000, 1909.0000, 0.0000,  153, 153, 153
L -2863.0000, 1814.0000, 0.0000,  -2814.0000, 1858.0000, 0.0000,  153, 153, 153
L -2931.0000, 1763.0000, 0.0000,  -2863.0000, 1814.0000, 0.0000,  153, 153, 153
L -2977.0000, 1748.0000, 0.0000,  -2931.0000, 1763.0000, 0.0000,  153, 153, 153
L -2980.0000, 1750.0000, 0.0000,  -2977.0000, 1748.0000, 0.0000,  153, 153, 153
L -2979.0000, 1827.0000, 0.0000,  -2980.0000, 1750.0000, 0.0000,  153, 153, 153
L -2896.0000, 1879.0000, 0.0000,  -2979.0000, 1827.0000, 0.0000,  153, 153, 153
L -2906.0000, 1921.0000, 0.0000,  -2896.0000, 1879.0000, 0.0000,  153, 153, 153
L -2846.0000, 1931.0000, 0.0000,  -2906.0000, 1921.0000, 0.0000,  153, 153, 153
L -2844.0000, 1928.0000, 0.0000,  -2846.0000, 1931.0000, 0.0000,  153, 153, 153
L -2844.0000, 1895.0000, 0.0000,  -2844.0000, 1928.0000, 0.0000,  153, 153, 153
L -2857.0000, 1868.0000, 0.0000,  -2844.0000, 1895.0000, 0.0000,  153, 153, 153
L -2864.0000, 1864.0000, 0.0000,  -2857.0000, 1868.0000, 0.0000,  153, 153, 153
L -2952.0000, 1824.0000, 0.0000,  -2864.0000, 1864.0000, 0.0000,  153, 153, 153
L -2952.0000, 1814.0000, 0.0000,  -2952.0000, 1824.0000, 0.0000,  153, 153, 153
L -2890.0000, 1829.0000, 0.0000,  -2952.0000, 1814.0000, 0.0000,  153, 153, 153
L -2846.0000, 1854.0000, 0.0000,  -2890.0000, 1829.0000, 0.0000,  153, 153, 153
L -2823.0000, 1878.0000, 0.0000,  -2846.0000, 1854.0000, 0.0000,  153, 153, 153
L -2821.0000, 1941.0000, 0.0000,  -2823.0000, 1878.0000, 0.0000,  153, 153, 153
L -2785.0000, 1962.0000, 0.0000,  -2821.0000, 1941.0000, 0.0000,  153, 153, 153
L -2753.0000, 1969.0000, 0.0000,  -2785.0000, 1962.0000, 0.0000,  153, 153, 153
L -2745.0000, 1967.0000, 0.0000,  -2753.0000, 1969.0000, 0.0000,  153, 153, 153
L -2767.0000, 1860.0000, 0.0000,  -2745.0000, 1967.0000, 0.0000,  153, 153, 153
L -2758.0000, 1817.0000, 0.0000,  -2767.0000, 1860.0000, 0.0000,  153, 153, 153
L -2727.0000, 1789.0000, 0.0000,  -2758.0000, 1817.0000, 0.0000,  153, 153, 153
L -2729.0000, 1763.0000, 0.0000,  -2727.0000, 1789.0000, 0.0000,  153, 153, 153
L -2761.0000, 1710.0000, 0.0000,  -2729.0000, 1763.0000, 0.0000,  153, 153, 153
L -2738.0000, 1710.0000, 0.0000,  -2761.0000, 1710.0000, 0.0000,  153, 153, 153
L -2685.0000, 1794.0000, 0.0000,  -2738.0000, 1710.0000, 0.0000,  153, 153, 153
L -2746.0000, 1838.0000, 0.0000,  -2685.0000, 1794.0000, 0.0000,  153, 153, 153
L -2716.0000, 1974.0000, 0.0000,  -2746.0000, 1838.0000, 0.0000,  153, 153, 153
L -2648.0000, 1911.0000, 0.0000,  -2716.0000, 1974.0000, 0.0000,  153, 153, 153
L -2562.0000, 1917.0000, 0.0000,  -2648.0000, 1911.0000, 0.0000,  153, 153, 153
L -2538.0000, 1986.0000, 0.0000,  -2562.0000, 1917.0000, 0.0000,  153, 153, 153
L -2538.0000, 2063.0000, 0.0000,  -2538.0000, 1986.0000, 0.0000,  153, 153, 153
L -2551.0000, 2091.0000, 0.0000,  -2538.0000, 2063.0000, 0.0000,  153, 153, 153
L -2559.0000, 2100.0000, 0.0000,  -2551.0000, 2091.0000, 0.0000,  153, 153, 153
L -2568.0000, 2135.0000, 0.0000,  -2559.0000, 2100.0000, 0.0000,  153, 153, 153
L -2528.0000, 2150.0000, 0.0000,  -2568.0000, 2135.0000, 0.0000,  153, 153, 153
L -2527.0000, 2126.0000, 0.0000,  -2528.0000, 2150.0000, 0.0000,  153, 153, 153
L -2512.0000, 2141.0000, 0.0000,  -2527.0000, 2126.0000, 0.0000,  153, 153, 153
L -2483.0000, 2135.0000, 0.0000,  -2512.0000, 2141.0000, 0.0000,  153, 153, 153
L -2423.0000, 2120.0000, 0.0000,  -2483.0000, 2135.0000, 0.0000,  153, 153, 153
L -2448.0000, 2145.0000, 0.0000,  -2423.0000, 2120.0000, 0.0000,  153, 153, 153
L -2442.0000, 2152.0000, 0.0000,  -2448.0000, 2145.0000, 0.0000,  153, 153, 153
L -2439.0000, 2154.0000, 0.0000,  -2442.0000, 2152.0000, 0.0000,  153, 153, 153
L -2432.0000, 2159.0000, 0.0000,  -2439.0000, 2154.0000, 0.0000,  153, 153, 153
L -2423.0000, 2166.0000, 0.0000,  -2432.0000, 2159.0000, 0.0000,  153, 153, 153
L -2417.0000, 2171.0000, 0.0000,  -2423.0000, 2166.0000, 0.0000,  153, 153, 153
L -2415.0000, 2174.0000, 0.0000,  -2417.0000, 2171.0000, 0.0000,  153, 153, 153
L -2409.0000, 2170.0000, 0.0000,  -2415.0000, 2174.0000, 0.0000,  153, 153, 153
L -2398.0000, 2159.0000, 0.0000,  -2409.0000, 2170.0000, 0.0000,  153, 153, 153
L -2386.0000, 2145.0000, 0.0000,  -2398.0000, 2159.0000, 0.0000,  153, 153, 153
L -2386.0000, 2135.0000, 0.0000,  -2386.0000, 2145.0000, 0.0000,  153, 153, 153
L -2296.0000, 2188.0000, 0.0000,  -2386.0000, 2135.0000, 0.0000,  153, 153, 153
L -2303.0000, 2394.0000, 0.0000,  -2296.0000, 2188.0000, 0.0000,  153, 153, 153
L -2451.0000, 2572.0000, 0.0000,  -2303.0000, 2394.0000, 0.0000,  153, 153, 153
L -2620.0000, 2569.0000, 0.0000,  -2451.0000, 2572.0000, 0.0000,  153, 153, 153
L -2797.0000, 2474.0000, 0.0000,  -2620.0000, 2569.0000, 0.0000,  153, 153, 153
L -2840.0000, 2342.0000, 0.0000,  -2797.0000, 2474.0000, 0.0000,  153, 153, 153
L -2848.0000, 2330.0000, 0.0000,  -2840.0000, 2342.0000, 0.0000,  153, 153, 153
L -2837.0000, 2334.0000, 0.0000,  -2848.0000, 2330.0000, 0.0000,  153, 153, 153
L -2836.0000, 2329.0000, 0.0000,  -2837.0000, 2334.0000, 0.0000,  153, 153, 153
L -2830.0000, 2291.0000, 0.0000,  -2836.0000, 2329.0000, 0.0000,  153, 153, 153
L -2831.0000, 2290.0000, 0.0000,  -2830.0000, 2291.0000, 0.0000,  153, 153, 153
L -2845.0000, 2292.0000, 0.0000,  -2831.0000, 2290.0000, 0.0000,  153, 153, 153
L -2856.0000, 2292.0000, 0.0000,  -2845.0000, 2292.0000, 0.0000,  153, 153, 153
L -2864.0000, 2293.0000, 0.0000,  -2856.0000, 2292.0000, 0.0000,  153, 153, 153
L -2865.0000, 2308.0000, 0.0000,  -2864.0000, 2293.0000, 0.0000,  153, 153, 153
L -2886.0000, 2277.0000, 0.0000,  -2865.0000, 2308.0000, 0.0000,  153, 153, 153
L -2867.0000, 2171.0000, 0.0000,  -2886.0000, 2277.0000, 0.0000,  153, 153, 153
L -2807.0000, 2138.0000, 0.0000,  -2867.0000, 2171.0000, 0.0000,  153, 153, 153
L -2714.0000, 2133.0000, 0.0000,  -2807.0000, 2138.0000, 0.0000,  153, 153, 153
L -2678.0000, 2118.0000, 0.0000,  -2714.0000, 2133.0000, 0.0000,  153, 153, 153
L -2691.0000, 2149.0000, 0.0000,  -2678.0000, 2118.0000, 0.0000,  153, 153, 153
L -2652.0000, 2162.0000, 0.0000,  -2691.0000, 2149.0000, 0.0000,  153, 153, 153
L -2638.0000, 2111.0000, 0.0000,  -2652.0000, 2162.0000, 0.0000,  153, 153, 153
L -2642.0000, 2111.0000, 0.0000,  -2638.0000, 2111.0000, 0.0000,  153, 153, 153
L -2661.0000, 2111.0000, 0.0000,  -2642.0000, 2111.0000, 0.0000,  153, 153, 153
L -2651.0000, 2105.0000, 0.0000,  -2661.0000, 2111.0000, 0.0000,  153, 153, 153
L -2587.0000, 2057.0000, 0.0000,  -2651.0000, 2105.0000, 0.0000,  153, 153, 153
L -2575.0000, 2001.0000, 0.0000,  -2587.0000, 2057.0000, 0.0000,  153, 153, 153
L -2581.0000, 1944.0000, 0.0000,  -2575.0000, 2001.0000, 0.0000,  153, 153, 153
L -2651.0000, 1940.0000, 0.0000,  -2581.0000, 1944.0000, 0.0000,  153, 153, 153
L -2691.0000, 2000.0000, 0.0000,  -2651.0000, 1940.0000, 0.0000,  153, 153, 153
L -2764.0000, 2013.0000, 0.0000,  -2691.0000, 2000.0000, 0.0000,  153, 153, 153
L -2914.0000, 1941.0000, 0.0000,  -2764.0000, 2013.0000, 0.0000,  153, 153, 153
L -2972.0000, 1958.0000, 0.0000,  -2914.0000, 1941.0000, 0.0000,  153, 153, 153
L -3076.0000, 1918.0000, 0.0000,  -2972.0000, 1958.0000, 0.0000,  153, 153, 153
L -3098.0000, 1829.0000, 0.0000,  -3076.0000, 1918.0000, 0.0000,  153, 153, 153
L -3056.0000, 1782.0000, 0.0000,  -3098.0000, 1829.0000, 0.0000,  153, 153, 153
L -3032.0000, 1660.0000, 0.0000,  -3056.0000, 1782.0000, 0.0000,  153, 153, 153
L -2975.0000, 1624.0000, 0.0000,  -3032.0000, 1660.0000, 0.0000,  153, 153, 153
L -2843.0000, 1624.0000, 0.0000,  -2975.0000, 1624.0000, 0.0000,  153, 153, 153
L -2733.0000, 1666.0000, 0.0000,  -2843.0000, 1624.0000, 0.0000,  153, 153, 153
L -2708.0000, 1658.0000, 0.0000,  -2733.0000, 1666.0000, 0.0000,  153, 153, 153
L -2704.0000, 1638.0000, 0.0000,  -2708.0000, 1658.0000, 0.0000,  153, 153, 153
L -2730.0000, 1607.0000, 0.0000,  -2704.0000, 1638.0000, 0.0000,  153, 153, 153
L -2732.0000, 1596.0000, 0.0000,  -2730.0000, 1607.0000, 0.0000,  153, 153, 153
L -2701.0000, 1562.0000, 0.0000,  -2732.0000, 1596.0000, 0.0000,  153, 153, 153
L -2733.0000, 1472.0000, 0.0000,  -2701.0000, 1562.0000, 0.0000,  153, 153, 153
L -2813.0000, 1474.0000, 0.0000,  -2733.0000, 1472.0000, 0.0000,  153, 153, 153
L -2914.0000, 1485.0000, 0.0000,  -2813.0000, 1474.0000, 0.0000,  153, 153, 153
L -2914.0000, 1467.0000, 0.0000,  -2914.0000, 1485.0000, 0.0000,  153, 153, 153
L -2917.0000, 1289.0000, 0.0000,  -2914.0000, 1467.0000, 0.0000,  153, 153, 153
L -2919.0000, 1127.0000, 0.0000,  -2917.0000, 1289.0000, 0.0000,  153, 153, 153
L -2923.0000, 858.0000, 0.0000,  -2919.0000, 1127.0000, 0.0000,  153, 153, 153
L -2925.0000, 751.0000, 0.0000,  -2923.0000, 858.0000, 0.0000,  153, 153, 153
L -2926.0000, 696.0000, 0.0000,  -2925.0000, 751.0000, 0.0000,  153, 153, 153
L -2927.0000, 589.0000, 0.0000,  -2926.0000, 696.0000, 0.0000,  153, 153, 153
L -2930.0000, 369.0000, 0.0000,  -2927.0000, 589.0000, 0.0000,  153, 153, 153
L -2931.0000, 314.0000, 0.0000,  -2930.0000, 369.0000, 0.0000,  153, 153, 153
L -2934.0000, 148.0000, 0.0000,  -2931.0000, 314.0000, 0.0000,  153, 153, 153
L -2935.0000, 38.0000, 0.0000,  -2934.0000, 148.0000, 0.0000,  153, 153, 153
L -2938.0000, -152.0000, 0.0000,  -2935.0000, 38.0000, 0.0000,  153, 153, 153
L -2939.0000, -201.0000, 0.0000,  -2938.0000, -152.0000, 0.0000,  153, 153, 153
L -2941.0000, -346.0000, 0.0000,  -2939.0000, -201.0000, 0.0000,  153, 153, 153
L -2942.0000, -403.0000, 0.0000,  -2941.0000, -346.0000, 0.0000,  153, 153, 153
L -2943.0000, -458.0000, 0.0000,  -2942.0000, -403.0000, 0.0000,  153, 153, 153
L -3004.0000, -532.0000, 0.0000,  -2943.0000, -458.0000, 0.0000,  153, 153, 153
L -3111.0000, -480.0000, 0.0000,  -3004.0000, -532.0000, 0.0000,  153, 153, 153
L -3191.0000, -298.0000, 0.0000,  -3111.0000, -480.0000, 0.0000,  153, 153, 153
L -3221.0000, -278.0000, 0.0000,  -3191.0000, -298.0000, 0.0000,  153, 153, 153
L -3217.0000, -491.0000, 0.0000,  -3269.0000, -370.0000, 0.0000,  153, 153, 153
L -3189.0000, -563.0000, 0.0000,  -3217.0000, -491.0000, 0.0000,  153, 153, 153
L -3089.0000, -583.0000, 0.0000,  -3189.0000, -563.0000, 0.0000,  153, 153, 153
L -3046.0000, -596.0000, 0.0000,  -3089.0000, -583.0000, 0.0000,  153, 153, 153
L -2963.0000, -629.0000, 0.0000,  -3046.0000, -596.0000, 0.0000,  153, 153, 153
L -2944.0000, -699.0000, 0.0000,  -2963.0000, -629.0000, 0.0000,  153, 153, 153
L -2940.0000, -869.0000, 0.0000,  -2944.0000, -699.0000, 0.0000,  153, 153, 153
L -2937.0000, -965.0000, 0.0000,  -2940.0000, -869.0000, 0.0000,  153, 153, 153
L -2933.0000, -1142.0000, 0.0000,  -2937.0000, -965.0000, 0.0000,  153, 153, 153
L -2930.0000, -1265.0000, 0.0000,  -2933.0000, -1142.0000, 0.0000,  153, 153, 153
L -2927.0000, -1366.0000, 0.0000,  -2930.0000, -1265.0000, 0.0000,  153, 153, 153
L -2927.0000, -1384.0000, 0.0000,  -2927.0000, -1366.0000, 0.0000,  153, 153, 153
L -2533.0000, -1389.0000, 0.0000,  -2927.0000, -1384.0000, 0.0000,  153, 153, 153
L -2439.0000, -1390.0000, 0.0000,  -2533.0000, -1389.0000, 0.0000,  153, 153, 153
L -2346.0000, -1391.0000, 0.0000,  -2439.0000, -1390.0000, 0.0000,  153, 153, 153
L -2307.0000, -1391.0000, 0.0000,  -2346.0000, -1391.0000, 0.0000,  153, 153, 153
L -2199.0000, -1393.0000, 0.0000,  -2307.0000, -1391.0000, 0.0000,  153, 153, 153
L -1889.0000, -1396.0000, 0.0000,  -2199.0000, -1393.0000, 0.0000,  153, 153, 153
L -1792.0000, -1397.0000, 0.0000,  -1889.0000, -1396.0000, 0.0000,  153, 153, 153
L -1674.0000, -1399.0000, 0.0000,  -1792.0000, -1397.0000, 0.0000,  153, 153, 153
L -1569.0000, -1400.0000, 0.0000,  -1674.0000, -1399.0000, 0.0000,  153, 153, 153
L -1475.0000, -1401.0000, 0.0000,  -1569.0000, -1400.0000, 0.0000,  153, 153, 153
L -1407.0000, -1402.0000, 0.0000,  -1475.0000, -1401.0000, 0.0000,  153, 153, 153
L -1328.0000, -1403.0000, 0.0000,  -1407.0000, -1402.0000, 0.0000,  153, 153, 153
L -1268.0000, -1404.0000, 0.0000,  -1328.0000, -1403.0000, 0.0000,  153, 153, 153
L -1253.0000, -1404.0000, 0.0000,  -1268.0000, -1404.0000, 0.0000,  153, 153, 153
L -1171.0000, -1405.0000, 0.0000,  -1253.0000, -1404.0000, 0.0000,  153, 153, 153
L -1042.0000, -1420.0000, 0.0000,  -1171.0000, -1405.0000, 0.0000,  153, 153, 153
L -994.0000, -1451.0000, 0.0000,  -1042.0000, -1420.0000, 0.0000,  153, 153, 153
L -933.0000, -1493.0000, 0.0000,  -994.0000, -1451.0000, 0.0000,  153, 153, 153
L -975.0000, -1515.0000, 0.0000,  -933.0000, -1493.0000, 0.0000,  153, 153, 153
L -999.0000, -1516.0000, 0.0000,  -975.0000, -1515.0000, 0.0000,  153, 153, 153
L -999.0000, -1544.0000, 0.0000,  -999.0000, -1516.0000, 0.0000,  153, 153, 153
L -918.0000, -1545.0000, 0.0000,  -999.0000, -1544.0000, 0.0000,  153, 153, 153
L -917.0000, -1649.0000, 0.0000,  -918.0000, -1545.0000, 0.0000,  153, 153, 153
L -868.0000, -1649.0000, 0.0000,  -917.0000, -1649.0000, 0.0000,  153, 153, 153
L -828.0000, -1649.0000, 0.0000,  -868.0000, -1649.0000, 0.0000,  153, 153, 153
L -827.0000, -1650.0000, 0.0000,  -828.0000, -1649.0000, 0.0000,  153, 153, 153
L -827.0000, -1663.0000, 0.0000,  -827.0000, -1650.0000, 0.0000,  153, 153, 153
L -789.0000, -1616.0000, 0.0000,  -789.0000, -1671.0000, 0.0000,  153, 153, 153
L -886.0000, -1616.0000, 0.0000,  -789.0000, -1616.0000, 0.0000,  153, 153, 153
L -888.0000, -1563.0000, 0.0000,  -886.0000, -1616.0000, 0.0000,  153, 153, 153
L -895.0000, -1551.0000, 0.0000,  -888.0000, -1563.0000, 0.0000,  153, 153, 153
L -883.0000, -1538.0000, 0.0000,  -895.0000, -1551.0000, 0.0000,  153, 153, 153
L -870.0000, -1546.0000, 0.0000,  -883.0000, -1538.0000, 0.0000,  153, 153, 153
L -803.0000, -1545.0000, 0.0000,  -870.0000, -1546.0000, 0.0000,  153, 153, 153
L -803.0000, -1516.0000, 0.0000,  -803.0000, -1545.0000, 0.0000,  153, 153, 153
L -829.0000, -1516.0000, 0.0000,  -803.0000, -1516.0000, 0.0000,  153, 153, 153
L -870.0000, -1497.0000, 0.0000,  -829.0000, -1516.0000, 0.0000,  153, 153, 153
L -873.0000, -1469.0000, 0.0000,  -870.0000, -1497.0000, 0.0000,  153, 153, 153
L -805.0000, -1428.0000, 0.0000,  -873.0000, -1469.0000, 0.0000,  153, 153, 153
L -513.0000, -1424.0000, 0.0000,  -805.0000, -1428.0000, 0.0000,  153, 153, 153
L -277.0000, -1421.0000, 0.0000,  -513.0000, -1424.0000, 0.0000,  153, 153, 153
L -237.0000, -1420.0000, 0.0000,  -277.0000, -1421.0000, 0.0000,  153, 153, 153
L -153.0000, -1419.0000, 0.0000,  -237.0000, -1420.0000, 0.0000,  153, 153, 153
L -81.0000, -1418.0000, 0.0000,  -153.0000, -1419.0000, 0.0000,  153, 153, 153
L -11.0000, -1417.0000, 0.0000,  -81.0000, -1418.0000, 0.0000,  153, 153, 153
L 138.0000, -1415.0000, 0.0000,  -11.0000, -1417.0000, 0.0000,  153, 153, 153
L 327.0000, -1413.0000, 0.0000,  138.0000, -1415.0000, 0.0000,  153, 153, 153
L 409.0000, -1412.0000, 0.0000,  327.0000, -1413.0000, 0.0000,  153, 153, 153
L 686.0000, -1408.0000, 0.0000,  409.0000, -1412.0000, 0.0000,  153, 153, 153
L 808.0000, -1406.0000, 0.0000,  686.0000, -1408.0000, 0.0000,  153, 153, 153
L 902.0000, -1405.0000, 0.0000,  808.0000, -1406.0000, 0.0000,  153, 153, 153
L 973.0000, -1404.0000, 0.0000,  902.0000, -1405.0000, 0.0000,  153, 153, 153
L 1049.0000, -1403.0000, 0.0000,  973.0000, -1404.0000, 0.0000,  153, 153, 153
L 1140.0000, -1402.0000, 0.0000,  1049.0000, -1403.0000, 0.0000,  153, 153, 153
L 1301.0000, -1387.0000, 0.0000,  1140.0000, -1402.0000, 0.0000,  153, 153, 153
L 1645.0000, -1395.0000, 0.0000,  1301.0000, -1387.0000, 0.0000,  153, 153, 153
L 1850.0000, -1392.0000, 0.0000,  1645.0000, -1395.0000, 0.0000,  153, 153, 153
L 1936.0000, -1391.0000, 0.0000,  1850.0000, -1392.0000, 0.0000,  153, 153, 153
L 2341.0000, -1386.0000, 0.0000,  1936.0000, -1391.0000, 0.0000,  153, 153, 153
L 2442.0000, -1384.0000, 0.0000,  2341.0000, -1386.0000, 0.0000,  153, 153, 153
L 2537.0000, -1383.0000, 0.0000,  2442.0000, -1384.0000, 0.0000,  153, 153, 153
L 2589.0000, -1382.0000, 0.0000,  2537.0000, -1383.0000, 0.0000,  153, 153, 153
L 2665.0000, -1381.0000, 0.0000,  2589.0000, -1382.0000, 0.0000,  153, 153, 153
L 2718.0000, -1381.0000, 0.0000,  2665.0000, -1381.0000, 0.0000,  153, 153, 153
L 2796.0000, -1380.0000, 0.0000,  2718.0000, -1381.0000, 0.0000,  153, 153, 153
L 2840.0000, -1379.0000, 0.0000,  2796.0000, -1380.0000, 0.0000,  153, 153, 153
L 2900.0000, -1378.0000, 0.0000,  2840.0000, -1379.0000, 0.0000,  153, 153, 153
L 3107.0000, 1095.0000, 0.0000,  3109.0000, 1009.0000, 0.0000,  153, 153, 153
L 3127.0000, 1116.0000, 0.0000,  3107.0000, 1095.0000, 0.0000,  153, 153, 153
L 3076.0000, 964.0000, 0.0000,  3110.0000, 1009.0000, 0.0000,  153, 153, 153
L 3023.0000, 909.0000, 0.0000,  3076.0000, 964.0000, 0.0000,  153, 153, 153
L 2966.0000, 725.0000, 0.0000,  3023.0000, 909.0000, 0.0000,  153, 153, 153
L 2900.0000, -1378.0000, 0.0000,  2966.0000, 725.0000, 0.0000,  153, 153, 153
P -905.0000, -1051.0000, 0.0000,  255, 255, 255,  2,  Succor
P -900.0000, -1500.0000, 0.0000,  255, 255, 0,  2,  Oggok
P 50.0000, 1560.0000, 0.0000,  255, 255, 0,  2,  CazicThule
P 3300.0000, 1000.0000, 0.0000,  0, 0, 0,  2,  .
P 2900.0000, 1000.0000, 0.0000,  255, 255, 0,  2,  Innothule
P -3200.0000, -400.0000, 0.0000,  255, 255, 0,  2,  Rathe
P -2600.0000, 2400.0000, 0.0000,  255, 255, 0,  2,  Plane
