L 1614.0000, 752.0000, 0.0000,  1628.0000, 731.0000, 0.0000,  204, 204, 204
L 1593.0000, 770.0000, 0.0000,  1614.0000, 752.0000, 0.0000,  204, 204, 204
L 1506.0000, 767.0000, 0.0000,  1593.0000, 770.0000, 0.0000,  204, 204, 204
L 1460.0000, 706.0000, 0.0000,  1506.0000, 767.0000, 0.0000,  204, 204, 204
L 1453.0000, 683.0000, 0.0000,  1460.0000, 706.0000, 0.0000,  204, 204, 204
L 1453.0000, 657.0000, 0.0000,  1453.0000, 683.0000, 0.0000,  204, 204, 204
L 1419.0000, 630.0000, 0.0000,  1453.0000, 657.0000, 0.0000,  204, 204, 204
L 1372.0000, 633.0000, 0.0000,  1419.0000, 630.0000, 0.0000,  204, 204, 204
L 1372.0000, 700.0000, 0.0000,  1372.0000, 633.0000, 0.0000,  204, 204, 204
L 1342.0000, 728.0000, 0.0000,  1372.0000, 700.0000, 0.0000,  204, 204, 204
L 1206.0000, 722.0000, 0.0000,  1342.0000, 728.0000, 0.0000,  204, 204, 204
L 1215.0000, 712.0000, 0.0000,  1206.0000, 722.0000, 0.0000,  204, 204, 204
L 1215.0000, 630.0000, 0.0000,  1215.0000, 712.0000, 0.0000,  204, 204, 204
L 1194.0000, 630.0000, 0.0000,  1215.0000, 630.0000, 0.0000,  204, 204, 204
L 1176.0000, 618.0000, 0.0000,  1194.0000, 630.0000, 0.0000,  204, 204, 204
L 1174.0000, 616.0000, 0.0000,  1176.0000, 618.0000, 0.0000,  204, 204, 204
L 1144.0000, 599.0000, 0.0000,  1174.0000, 616.0000, 0.0000,  204, 204, 204
L 1131.0000, 573.0000, 0.0000,  1144.0000, 599.0000, 0.0000,  204, 204, 204
L 1131.0000, 560.0000, 0.0000,  1131.0000, 573.0000, 0.0000,  204, 204, 204
L 1102.0000, 532.0000, 0.0000,  1131.0000, 560.0000, 0.0000,  204, 204, 204
L 1033.0000, 531.0000, 0.0000,  1102.0000, 532.0000, 0.0000,  204, 204, 204
L 1005.0000, 489.0000, 0.0000,  1033.0000, 531.0000, 0.0000,  204, 204, 204
L 991.0000, 459.0000, 0.0000,  1005.0000, 489.0000, 0.0000,  204, 204, 204
L 991.0000, 446.0000, 0.0000,  991.0000, 459.0000, 0.0000,  204, 204, 204
L 991.0000, 434.0000, 0.0000,  991.0000, 446.0000, 0.0000,  204, 204, 204
L 906.0000, 433.0000, 0.0000,  991.0000, 434.0000, 0.0000,  204, 204, 204
L 895.0000, 422.0000, 0.0000,  906.0000, 433.0000, 0.0000,  204, 204, 204
L 882.0000, 423.0000, 0.0000,  895.0000, 422.0000, 0.0000,  204, 204, 204
L 883.0000, 540.0000, 0.0000,  882.0000, 423.0000, 0.0000,  204, 204, 204
L 908.0000, 460.0000, 0.0000,  907.0000, 543.0000, 0.0000,  204, 204, 204
L 923.0000, 445.0000, 0.0000,  908.0000, 460.0000, 0.0000,  204, 204, 204
L 980.0000, 448.0000, 0.0000,  923.0000, 445.0000, 0.0000,  204, 204, 204
L 987.0000, 523.0000, 0.0000,  980.0000, 448.0000, 0.0000,  204, 204, 204
L 1023.0000, 543.0000, 0.0000,  987.0000, 523.0000, 0.0000,  204, 204, 204
L 1059.0000, 549.0000, 0.0000,  1023.0000, 543.0000, 0.0000,  204, 204, 204
L 1101.0000, 562.0000, 0.0000,  1059.0000, 549.0000, 0.0000,  204, 204, 204
L 1120.0000, 573.0000, 0.0000,  1101.0000, 562.0000, 0.0000,  204, 204, 204
L 1120.0000, 601.0000, 0.0000,  1120.0000, 573.0000, 0.0000,  204, 204, 204
L 1138.0000, 629.0000, 0.0000,  1120.0000, 601.0000, 0.0000,  204, 204, 204
L 1175.0000, 641.0000, 0.0000,  1138.0000, 629.0000, 0.0000,  204, 204, 204
L 1204.0000, 664.0000, 0.0000,  1175.0000, 641.0000, 0.0000,  204, 204, 204
L 1203.0000, 700.0000, 0.0000,  1204.0000, 664.0000, 0.0000,  204, 204, 204
L 1173.0000, 728.0000, 0.0000,  1203.0000, 700.0000, 0.0000,  204, 204, 204
L 1048.0000, 728.0000, 0.0000,  1173.0000, 728.0000, 0.0000,  204, 204, 204
L 1019.0000, 699.0000, 0.0000,  1048.0000, 728.0000, 0.0000,  204, 204, 204
L 1019.0000, 601.0000, 0.0000,  1019.0000, 699.0000, 0.0000,  204, 204, 204
L 992.0000, 574.0000, 0.0000,  1019.0000, 601.0000, 0.0000,  204, 204, 204
L 930.0000, 574.0000, 0.0000,  992.0000, 574.0000, 0.0000,  204, 204, 204
L 929.0000, 576.0000, 0.0000,  930.0000, 574.0000, 0.0000,  204, 204, 204
L 923.0000, 575.0000, 0.0000,  929.0000, 576.0000, 0.0000,  204, 204, 204
L 924.0000, 569.0000, 0.0000,  923.0000, 575.0000, 0.0000,  204, 204, 204
L 925.0000, 569.0000, 0.0000,  924.0000, 569.0000, 0.0000,  204, 204, 204
L 925.0000, 558.0000, 0.0000,  925.0000, 569.0000, 0.0000,  204, 204, 204
L 910.0000, 542.0000, 0.0000,  925.0000, 558.0000, 0.0000,  204, 204, 204
L 878.0000, 542.0000, 0.0000,  910.0000, 542.0000, 0.0000,  204, 204, 204
L 1635.0000, 754.0000, 0.0000,  1635.0000, 738.0000, 0.0000,  204, 204, 204
L 1608.0000, 781.0000, 0.0000,  1635.0000, 754.0000, 0.0000,  204, 204, 204
L 1483.0000, 781.0000, 0.0000,  1608.0000, 781.0000, 0.0000,  204, 204, 204
L 1442.0000, 754.0000, 0.0000,  1483.0000, 781.0000, 0.0000,  204, 204, 204
L 1441.0000, 684.0000, 0.0000,  1442.0000, 754.0000, 0.0000,  204, 204, 204
L 1414.0000, 670.0000, 0.0000,  1441.0000, 684.0000, 0.0000,  204, 204, 204
L 1398.0000, 641.0000, 0.0000,  1414.0000, 670.0000, 0.0000,  204, 204, 204
L 1383.0000, 640.0000, 0.0000,  1398.0000, 641.0000, 0.0000,  204, 204, 204
L 1383.0000, 712.0000, 0.0000,  1383.0000, 640.0000, 0.0000,  204, 204, 204
L 1356.0000, 739.0000, 0.0000,  1383.0000, 712.0000, 0.0000,  204, 204, 204
L 1035.0000, 739.0000, 0.0000,  1356.0000, 739.0000, 0.0000,  204, 204, 204
L 1008.0000, 712.0000, 0.0000,  1035.0000, 739.0000, 0.0000,  204, 204, 204
L 1008.0000, 614.0000, 0.0000,  1008.0000, 712.0000, 0.0000,  204, 204, 204
L 978.0000, 585.0000, 0.0000,  1008.0000, 614.0000, 0.0000,  204, 204, 204
L 930.0000, 585.0000, 0.0000,  978.0000, 585.0000, 0.0000,  204, 204, 204
L 929.0000, 583.0000, 0.0000,  930.0000, 585.0000, 0.0000,  204, 204, 204
L 923.0000, 585.0000, 0.0000,  929.0000, 583.0000, 0.0000,  204, 204, 204
L 925.0000, 590.0000, 0.0000,  923.0000, 585.0000, 0.0000,  204, 204, 204
L 925.0000, 590.0000, 0.0000,  925.0000, 590.0000, 0.0000,  204, 204, 204
L 925.0000, 602.0000, 0.0000,  925.0000, 590.0000, 0.0000,  204, 204, 204
L 910.0000, 617.0000, 0.0000,  925.0000, 602.0000, 0.0000,  204, 204, 204
L 879.0000, 617.0000, 0.0000,  910.0000, 617.0000, 0.0000,  204, 204, 204
L 864.0000, 602.0000, 0.0000,  879.0000, 617.0000, 0.0000,  204, 204, 204
L 864.0000, 556.0000, 0.0000,  864.0000, 602.0000, 0.0000,  204, 204, 204
L -194.0000, 588.0000, 0.0000,  -198.0000, 581.0000, 0.0000,  204, 204, 204
L -182.0000, 592.0000, 0.0000,  -194.0000, 588.0000, 0.0000,  204, 204, 204
L -190.0000, 599.0000, 0.0000,  -182.0000, 592.0000, 0.0000,  204, 204, 204
L -198.0000, 600.0000, 0.0000,  -190.0000, 599.0000, 0.0000,  204, 204, 204
L -190.0000, 631.0000, 0.0000,  -198.0000, 600.0000, 0.0000,  204, 204, 204
L -142.0000, 661.0000, 0.0000,  -190.0000, 631.0000, 0.0000,  204, 204, 204
L -94.0000, 683.0000, 0.0000,  -142.0000, 661.0000, 0.0000,  204, 204, 204
L -36.0000, 680.0000, 0.0000,  -94.0000, 683.0000, 0.0000,  204, 204, 204
L -9.0000, 669.0000, 0.0000,  -36.0000, 680.0000, 0.0000,  204, 204, 204
L 27.0000, 669.0000, 0.0000,  -9.0000, 669.0000, 0.0000,  204, 204, 204
L 98.0000, 585.0000, 0.0000,  27.0000, 669.0000, 0.0000,  204, 204, 204
L 166.0000, 585.0000, 0.0000,  98.0000, 585.0000, 0.0000,  204, 204, 204
L 194.0000, 571.0000, 0.0000,  166.0000, 585.0000, 0.0000,  204, 204, 204
L 237.0000, 599.0000, 0.0000,  194.0000, 571.0000, 0.0000,  204, 204, 204
L 341.0000, 592.0000, 0.0000,  237.0000, 599.0000, 0.0000,  204, 204, 204
L 372.0000, 571.0000, 0.0000,  341.0000, 592.0000, 0.0000,  204, 204, 204
L 388.0000, 571.0000, 0.0000,  372.0000, 571.0000, 0.0000,  204, 204, 204
L 465.0000, 585.0000, 0.0000,  388.0000, 571.0000, 0.0000,  204, 204, 204
L 624.0000, 575.0000, 0.0000,  465.0000, 585.0000, 0.0000,  204, 204, 204
L 646.0000, 557.0000, 0.0000,  624.0000, 575.0000, 0.0000,  204, 204, 204
L 753.0000, 550.0000, 0.0000,  646.0000, 557.0000, 0.0000,  204, 204, 204
L 813.0000, 515.0000, 0.0000,  753.0000, 550.0000, 0.0000,  204, 204, 204
L 834.0000, 516.0000, 0.0000,  813.0000, 515.0000, 0.0000,  204, 204, 204
L 858.0000, 532.0000, 0.0000,  834.0000, 516.0000, 0.0000,  204, 204, 204
L 864.0000, 556.0000, 0.0000,  858.0000, 532.0000, 0.0000,  204, 204, 204
L 870.0000, 535.0000, 0.0000,  879.0000, 543.0000, 0.0000,  204, 204, 204
L 864.0000, 515.0000, 0.0000,  870.0000, 535.0000, 0.0000,  204, 204, 204
L 848.0000, 504.0000, 0.0000,  864.0000, 515.0000, 0.0000,  204, 204, 204
L 742.0000, 504.0000, 0.0000,  848.0000, 504.0000, 0.0000,  204, 204, 204
L 698.0000, 532.0000, 0.0000,  742.0000, 504.0000, 0.0000,  204, 204, 204
L 670.0000, 533.0000, 0.0000,  698.0000, 532.0000, 0.0000,  204, 204, 204
L 644.0000, 546.0000, 0.0000,  670.0000, 533.0000, 0.0000,  204, 204, 204
L 603.0000, 559.0000, 0.0000,  644.0000, 546.0000, 0.0000,  204, 204, 204
L 574.0000, 574.0000, 0.0000,  603.0000, 559.0000, 0.0000,  204, 204, 204
L 520.0000, 571.0000, 0.0000,  574.0000, 574.0000, 0.0000,  204, 204, 204
L 473.0000, 560.0000, 0.0000,  520.0000, 571.0000, 0.0000,  204, 204, 204
L 345.0000, 564.0000, 0.0000,  473.0000, 560.0000, 0.0000,  204, 204, 204
L 316.0000, 588.0000, 0.0000,  345.0000, 564.0000, 0.0000,  204, 204, 204
L 279.0000, 589.0000, 0.0000,  316.0000, 588.0000, 0.0000,  204, 204, 204
L 251.0000, 561.0000, 0.0000,  279.0000, 589.0000, 0.0000,  204, 204, 204
L 197.0000, 546.0000, 0.0000,  251.0000, 561.0000, 0.0000,  204, 204, 204
L 147.0000, 549.0000, 0.0000,  197.0000, 546.0000, 0.0000,  204, 204, 204
L 96.0000, 574.0000, 0.0000,  147.0000, 549.0000, 0.0000,  204, 204, 204
L 50.0000, 586.0000, 0.0000,  96.0000, 574.0000, 0.0000,  204, 204, 204
L 0.0000, 616.0000, 0.0000,  50.0000, 586.0000, 0.0000,  204, 204, 204
L -10.0000, 644.0000, 0.0000,  0.0000, 616.0000, 0.0000,  204, 204, 204
L -72.0000, 630.0000, 0.0000,  -10.0000, 644.0000, 0.0000,  204, 204, 204
L -140.0000, 631.0000, 0.0000,  -72.0000, 630.0000, 0.0000,  204, 204, 204
L -155.0000, 600.0000, 0.0000,  -140.0000, 631.0000, 0.0000,  204, 204, 204
L -164.0000, 600.0000, 0.0000,  -155.0000, 600.0000, 0.0000,  204, 204, 204
L -168.0000, 590.0000, 0.0000,  -164.0000, 600.0000, 0.0000,  204, 204, 204
L -197.0000, -601.0000, 0.0000,  -198.0000, -579.0000, 0.0000,  204, 204, 204
L -203.0000, -602.0000, 0.0000,  -197.0000, -601.0000, 0.0000,  204, 204, 204
L -206.0000, -609.0000, 0.0000,  -203.0000, -602.0000, 0.0000,  204, 204, 204
L -205.0000, -628.0000, 0.0000,  -206.0000, -609.0000, 0.0000,  204, 204, 204
L -208.0000, -658.0000, 0.0000,  -205.0000, -628.0000, 0.0000,  204, 204, 204
L -207.0000, -672.0000, 0.0000,  -208.0000, -658.0000, 0.0000,  204, 204, 204
L -194.0000, -701.0000, 0.0000,  -207.0000, -672.0000, 0.0000,  204, 204, 204
L -193.0000, -761.0000, 0.0000,  -194.0000, -701.0000, 0.0000,  204, 204, 204
L -188.0000, -772.0000, 0.0000,  -193.0000, -761.0000, 0.0000,  204, 204, 204
L -160.0000, -782.0000, 0.0000,  -188.0000, -772.0000, 0.0000,  204, 204, 204
L -131.0000, -796.0000, 0.0000,  -160.0000, -782.0000, 0.0000,  204, 204, 204
L -118.0000, -816.0000, 0.0000,  -131.0000, -796.0000, 0.0000,  204, 204, 204
L -118.0000, -825.0000, 0.0000,  -118.0000, -816.0000, 0.0000,  204, 204, 204
L -129.0000, -851.0000, 0.0000,  -118.0000, -825.0000, 0.0000,  204, 204, 204
L -143.0000, -875.0000, 0.0000,  -129.0000, -851.0000, 0.0000,  204, 204, 204
L -125.0000, -909.0000, 0.0000,  -143.0000, -875.0000, 0.0000,  204, 204, 204
L -86.0000, -905.0000, 0.0000,  -125.0000, -909.0000, 0.0000,  204, 204, 204
L -72.0000, -893.0000, 0.0000,  -86.0000, -905.0000, 0.0000,  204, 204, 204
L -62.0000, -895.0000, 0.0000,  -72.0000, -893.0000, 0.0000,  204, 204, 204
L -63.0000, -902.0000, 0.0000,  -62.0000, -895.0000, 0.0000,  204, 204, 204
L -66.0000, -902.0000, 0.0000,  -63.0000, -902.0000, 0.0000,  204, 204, 204
L -64.0000, -971.0000, 0.0000,  -66.0000, -902.0000, 0.0000,  204, 204, 204
L -63.0000, -972.0000, 0.0000,  -64.0000, -971.0000, 0.0000,  204, 204, 204
L -62.0000, -979.0000, 0.0000,  -63.0000, -972.0000, 0.0000,  204, 204, 204
L -64.0000, -980.0000, 0.0000,  -62.0000, -979.0000, 0.0000,  204, 204, 204
L -64.0000, -1003.0000, 0.0000,  -64.0000, -980.0000, 0.0000,  204, 204, 204
L -47.0000, -1001.0000, 0.0000,  -64.0000, -1003.0000, 0.0000,  204, 204, 204
L -44.0000, -1022.0000, 0.0000,  -47.0000, -1001.0000, 0.0000,  204, 204, 204
L -13.0000, -1051.0000, 0.0000,  -44.0000, -1022.0000, 0.0000,  204, 204, 204
L 83.0000, -1052.0000, 0.0000,  -13.0000, -1051.0000, 0.0000,  204, 204, 204
L 95.0000, -1065.0000, 0.0000,  83.0000, -1052.0000, 0.0000,  204, 204, 204
L 95.0000, -1204.0000, 0.0000,  95.0000, -1065.0000, 0.0000,  204, 204, 204
L 125.0000, -1233.0000, 0.0000,  95.0000, -1204.0000, 0.0000,  204, 204, 204
L 222.0000, -1233.0000, 0.0000,  125.0000, -1233.0000, 0.0000,  204, 204, 204
L 235.0000, -1248.0000, 0.0000,  222.0000, -1233.0000, 0.0000,  204, 204, 204
L 234.0000, -1330.0000, 0.0000,  235.0000, -1248.0000, 0.0000,  204, 204, 204
L 207.0000, -1357.0000, 0.0000,  234.0000, -1330.0000, 0.0000,  204, 204, 204
L 208.0000, -1401.0000, 0.0000,  207.0000, -1357.0000, 0.0000,  204, 204, 204
L 221.0000, -1415.0000, 0.0000,  208.0000, -1401.0000, 0.0000,  204, 204, 204
L 236.0000, -1414.0000, 0.0000,  221.0000, -1415.0000, 0.0000,  204, 204, 204
L 236.0000, -1422.0000, 0.0000,  236.0000, -1414.0000, 0.0000,  204, 204, 204
L 229.0000, -1424.0000, 0.0000,  236.0000, -1422.0000, 0.0000,  204, 204, 204
L 223.0000, -1440.0000, 0.0000,  229.0000, -1424.0000, 0.0000,  204, 204, 204
L 227.0000, -1463.0000, 0.0000,  223.0000, -1440.0000, 0.0000,  204, 204, 204
L 224.0000, -1496.0000, 0.0000,  227.0000, -1463.0000, 0.0000,  204, 204, 204
L 234.0000, -1522.0000, 0.0000,  224.0000, -1496.0000, 0.0000,  204, 204, 204
L 256.0000, -1531.0000, 0.0000,  234.0000, -1522.0000, 0.0000,  204, 204, 204
L 270.0000, -1531.0000, 0.0000,  256.0000, -1531.0000, 0.0000,  204, 204, 204
L 289.0000, -1542.0000, 0.0000,  270.0000, -1531.0000, 0.0000,  204, 204, 204
L 295.0000, -1566.0000, 0.0000,  289.0000, -1542.0000, 0.0000,  204, 204, 204
L 305.0000, -1565.0000, 0.0000,  291.0000, -1593.0000, 0.0000,  204, 204, 204
L 306.0000, -1541.0000, 0.0000,  305.0000, -1565.0000, 0.0000,  204, 204, 204
L 305.0000, -1529.0000, 0.0000,  306.0000, -1541.0000, 0.0000,  204, 204, 204
L 281.0000, -1509.0000, 0.0000,  305.0000, -1529.0000, 0.0000,  204, 204, 204
L 261.0000, -1507.0000, 0.0000,  281.0000, -1509.0000, 0.0000,  204, 204, 204
L 245.0000, -1494.0000, 0.0000,  261.0000, -1507.0000, 0.0000,  204, 204, 204
L 247.0000, -1476.0000, 0.0000,  245.0000, -1494.0000, 0.0000,  204, 204, 204
L 243.0000, -1461.0000, 0.0000,  247.0000, -1476.0000, 0.0000,  204, 204, 204
L 257.0000, -1452.0000, 0.0000,  243.0000, -1461.0000, 0.0000,  204, 204, 204
L 258.0000, -1452.0000, 0.0000,  257.0000, -1452.0000, 0.0000,  204, 204, 204
L 262.0000, -1436.0000, 0.0000,  258.0000, -1452.0000, 0.0000,  204, 204, 204
L 254.0000, -1416.0000, 0.0000,  262.0000, -1436.0000, 0.0000,  204, 204, 204
L 267.0000, -1415.0000, 0.0000,  254.0000, -1416.0000, 0.0000,  204, 204, 204
L 281.0000, -1399.0000, 0.0000,  267.0000, -1415.0000, 0.0000,  204, 204, 204
L 283.0000, -1387.0000, 0.0000,  281.0000, -1399.0000, 0.0000,  204, 204, 204
L 331.0000, -1387.0000, 0.0000,  283.0000, -1387.0000, 0.0000,  204, 204, 204
L 333.0000, -1385.0000, 0.0000,  331.0000, -1387.0000, 0.0000,  204, 204, 204
L 333.0000, -1372.0000, 0.0000,  333.0000, -1385.0000, 0.0000,  204, 204, 204
L 330.0000, -1370.0000, 0.0000,  333.0000, -1372.0000, 0.0000,  204, 204, 204
L 281.0000, -1367.0000, 0.0000,  330.0000, -1370.0000, 0.0000,  204, 204, 204
L 278.0000, -1353.0000, 0.0000,  281.0000, -1367.0000, 0.0000,  204, 204, 204
L 253.0000, -1326.0000, 0.0000,  278.0000, -1353.0000, 0.0000,  204, 204, 204
L 252.0000, -1247.0000, 0.0000,  253.0000, -1326.0000, 0.0000,  204, 204, 204
L 269.0000, -1233.0000, 0.0000,  252.0000, -1247.0000, 0.0000,  204, 204, 204
L 349.0000, -1234.0000, 0.0000,  269.0000, -1233.0000, 0.0000,  204, 204, 204
L 375.0000, -1261.0000, 0.0000,  349.0000, -1234.0000, 0.0000,  204, 204, 204
L 375.0000, -1296.0000, 0.0000,  375.0000, -1261.0000, 0.0000,  204, 204, 204
L 378.0000, -1299.0000, 0.0000,  375.0000, -1296.0000, 0.0000,  204, 204, 204
L 390.0000, -1299.0000, 0.0000,  378.0000, -1299.0000, 0.0000,  204, 204, 204
L 393.0000, -1295.0000, 0.0000,  390.0000, -1299.0000, 0.0000,  204, 204, 204
L 392.0000, -1244.0000, 0.0000,  393.0000, -1295.0000, 0.0000,  204, 204, 204
L 363.0000, -1216.0000, 0.0000,  392.0000, -1244.0000, 0.0000,  204, 204, 204
L 140.0000, -1215.0000, 0.0000,  363.0000, -1216.0000, 0.0000,  204, 204, 204
L 113.0000, -1188.0000, 0.0000,  140.0000, -1215.0000, 0.0000,  204, 204, 204
L 114.0000, -1063.0000, 0.0000,  113.0000, -1188.0000, 0.0000,  204, 204, 204
L 128.0000, -1051.0000, 0.0000,  114.0000, -1063.0000, 0.0000,  204, 204, 204
L 224.0000, -1051.0000, 0.0000,  128.0000, -1051.0000, 0.0000,  204, 204, 204
L 253.0000, -1021.0000, 0.0000,  224.0000, -1051.0000, 0.0000,  204, 204, 204
L 254.0000, -951.0000, 0.0000,  253.0000, -1021.0000, 0.0000,  204, 204, 204
L 281.0000, -925.0000, 0.0000,  254.0000, -951.0000, 0.0000,  204, 204, 204
L 288.0000, -925.0000, 0.0000,  281.0000, -925.0000, 0.0000,  204, 204, 204
L 290.0000, -923.0000, 0.0000,  288.0000, -925.0000, 0.0000,  204, 204, 204
L 291.0000, -911.0000, 0.0000,  290.0000, -923.0000, 0.0000,  204, 204, 204
L 288.0000, -908.0000, 0.0000,  291.0000, -911.0000, 0.0000,  204, 204, 204
L 264.0000, -908.0000, 0.0000,  288.0000, -908.0000, 0.0000,  204, 204, 204
L 235.0000, -939.0000, 0.0000,  264.0000, -908.0000, 0.0000,  204, 204, 204
L 234.0000, -1008.0000, 0.0000,  235.0000, -939.0000, 0.0000,  204, 204, 204
L 206.0000, -1034.0000, 0.0000,  234.0000, -1008.0000, 0.0000,  204, 204, 204
L 1.0000, -1034.0000, 0.0000,  206.0000, -1034.0000, 0.0000,  204, 204, 204
L -26.0000, -1005.0000, 0.0000,  1.0000, -1034.0000, 0.0000,  204, 204, 204
L -26.0000, -920.0000, 0.0000,  -26.0000, -1005.0000, 0.0000,  204, 204, 204
L -44.0000, -920.0000, 0.0000,  -26.0000, -920.0000, 0.0000,  204, 204, 204
L -44.0000, -979.0000, 0.0000,  -44.0000, -920.0000, 0.0000,  204, 204, 204
L -52.0000, -978.0000, 0.0000,  -44.0000, -979.0000, 0.0000,  204, 204, 204
L -52.0000, -972.0000, 0.0000,  -52.0000, -978.0000, 0.0000,  204, 204, 204
L -51.0000, -971.0000, 0.0000,  -52.0000, -972.0000, 0.0000,  204, 204, 204
L -47.0000, -915.0000, 0.0000,  -51.0000, -971.0000, 0.0000,  204, 204, 204
L -44.0000, -915.0000, 0.0000,  -47.0000, -915.0000, 0.0000,  204, 204, 204
L -44.0000, -902.0000, 0.0000,  -44.0000, -915.0000, 0.0000,  204, 204, 204
L -48.0000, -900.0000, 0.0000,  -44.0000, -902.0000, 0.0000,  204, 204, 204
L -47.0000, -894.0000, 0.0000,  -48.0000, -900.0000, 0.0000,  204, 204, 204
L -41.0000, -894.0000, 0.0000,  -47.0000, -894.0000, 0.0000,  204, 204, 204
L -40.0000, -897.0000, 0.0000,  -41.0000, -894.0000, 0.0000,  204, 204, 204
L -30.0000, -897.0000, 0.0000,  -40.0000, -897.0000, 0.0000,  204, 204, 204
L -29.0000, -894.0000, 0.0000,  -30.0000, -897.0000, 0.0000,  204, 204, 204
L -18.0000, -893.0000, 0.0000,  -29.0000, -894.0000, 0.0000,  204, 204, 204
L -18.0000, -870.0000, 0.0000,  -18.0000, -893.0000, 0.0000,  204, 204, 204
L -22.0000, -870.0000, 0.0000,  -18.0000, -870.0000, 0.0000,  204, 204, 204
L -22.0000, -862.0000, 0.0000,  -22.0000, -870.0000, 0.0000,  204, 204, 204
L -17.0000, -861.0000, 0.0000,  -22.0000, -862.0000, 0.0000,  204, 204, 204
L 7.0000, -837.0000, 0.0000,  -17.0000, -861.0000, 0.0000,  204, 204, 204
L 7.0000, -787.0000, 0.0000,  7.0000, -837.0000, 0.0000,  204, 204, 204
L -17.0000, -762.0000, 0.0000,  7.0000, -787.0000, 0.0000,  204, 204, 204
L -67.0000, -762.0000, 0.0000,  -17.0000, -762.0000, 0.0000,  204, 204, 204
L -92.0000, -787.0000, 0.0000,  -67.0000, -762.0000, 0.0000,  204, 204, 204
L -89.0000, -839.0000, 0.0000,  -92.0000, -787.0000, 0.0000,  204, 204, 204
L -68.0000, -861.0000, 0.0000,  -89.0000, -839.0000, 0.0000,  204, 204, 204
L -62.0000, -863.0000, 0.0000,  -68.0000, -861.0000, 0.0000,  204, 204, 204
L -62.0000, -869.0000, 0.0000,  -62.0000, -863.0000, 0.0000,  204, 204, 204
L -70.0000, -871.0000, 0.0000,  -62.0000, -869.0000, 0.0000,  204, 204, 204
L -91.0000, -869.0000, 0.0000,  -70.0000, -871.0000, 0.0000,  204, 204, 204
L -108.0000, -850.0000, 0.0000,  -91.0000, -869.0000, 0.0000,  204, 204, 204
L -105.0000, -837.0000, 0.0000,  -108.0000, -850.0000, 0.0000,  204, 204, 204
L -105.0000, -794.0000, 0.0000,  -105.0000, -837.0000, 0.0000,  204, 204, 204
L -113.0000, -774.0000, 0.0000,  -105.0000, -794.0000, 0.0000,  204, 204, 204
L -127.0000, -766.0000, 0.0000,  -113.0000, -774.0000, 0.0000,  204, 204, 204
L -172.0000, -760.0000, 0.0000,  -127.0000, -766.0000, 0.0000,  204, 204, 204
L -184.0000, -727.0000, 0.0000,  -172.0000, -760.0000, 0.0000,  204, 204, 204
L -169.0000, -698.0000, 0.0000,  -184.0000, -727.0000, 0.0000,  204, 204, 204
L -125.0000, -697.0000, 0.0000,  -169.0000, -698.0000, 0.0000,  204, 204, 204
L -98.0000, -683.0000, 0.0000,  -125.0000, -697.0000, 0.0000,  204, 204, 204
L -68.0000, -684.0000, 0.0000,  -98.0000, -683.0000, 0.0000,  204, 204, 204
L -40.0000, -714.0000, 0.0000,  -68.0000, -684.0000, 0.0000,  204, 204, 204
L -42.0000, -729.0000, 0.0000,  -40.0000, -714.0000, 0.0000,  204, 204, 204
L -32.0000, -699.0000, 0.0000,  -27.0000, -731.0000, 0.0000,  204, 204, 204
L -58.0000, -674.0000, 0.0000,  -32.0000, -699.0000, 0.0000,  204, 204, 204
L -114.0000, -675.0000, 0.0000,  -58.0000, -674.0000, 0.0000,  204, 204, 204
L -139.0000, -688.0000, 0.0000,  -114.0000, -675.0000, 0.0000,  204, 204, 204
L -171.0000, -686.0000, 0.0000,  -139.0000, -688.0000, 0.0000,  204, 204, 204
L -194.0000, -626.0000, 0.0000,  -171.0000, -686.0000, 0.0000,  204, 204, 204
L -187.0000, -605.0000, 0.0000,  -194.0000, -626.0000, 0.0000,  204, 204, 204
L -188.0000, -583.0000, 0.0000,  -187.0000, -605.0000, 0.0000,  204, 204, 204
L 715.0000, 25.0000, 0.0000,  725.0000, 24.0000, 0.0000,  153, 153, 153
L 626.0000, 113.0000, 0.0000,  627.0000, 120.0000, 0.0000,  153, 153, 153
L 645.0000, 112.0000, 0.0000,  617.0000, 111.0000, 0.0000,  153, 153, 153
L 715.0000, 41.0000, 0.0000,  645.0000, 112.0000, 0.0000,  153, 153, 153
L 713.0000, 15.0000, 0.0000,  715.0000, 41.0000, 0.0000,  153, 153, 153
L 667.0000, 24.0000, 0.0000,  667.0000, 15.0000, 0.0000,  153, 153, 153
L 626.0000, 64.0000, 0.0000,  667.0000, 24.0000, 0.0000,  153, 153, 153
L 617.0000, 65.0000, 0.0000,  626.0000, 64.0000, 0.0000,  153, 153, 153
L 617.0000, 15.0000, 0.0000,  617.0000, 65.0000, 0.0000,  153, 153, 153
L 645.0000, 15.0000, 0.0000,  617.0000, 15.0000, 0.0000,  153, 153, 153
L 860.0000, -221.0000, 0.0000,  859.0000, -2.0000, 0.0000,  0, 0, 255
L 858.0000, -226.0000, 0.0000,  860.0000, -221.0000, 0.0000,  0, 0, 255
L 855.0000, -230.0000, 0.0000,  858.0000, -226.0000, 0.0000,  0, 0, 255
L 854.0000, -422.0000, 0.0000,  855.0000, -230.0000, 0.0000,  0, 0, 255
L 825.0000, -450.0000, 0.0000,  854.0000, -422.0000, 0.0000,  0, 0, 255
L 756.0000, -450.0000, 0.0000,  825.0000, -450.0000, 0.0000,  0, 0, 255
L 739.0000, -464.0000, 0.0000,  756.0000, -450.0000, 0.0000,  0, 0, 255
L 738.0000, -214.0000, 0.0000,  739.0000, -464.0000, 0.0000,  0, 0, 255
L 729.0000, -394.0000, 0.0000,  729.0000, -216.0000, 0.0000,  0, 0, 255
L 729.0000, -659.0000, 0.0000,  729.0000, -394.0000, 0.0000,  0, 0, 255
L 698.0000, -688.0000, 0.0000,  729.0000, -659.0000, 0.0000,  0, 0, 255
L 602.0000, -688.0000, 0.0000,  698.0000, -688.0000, 0.0000,  0, 0, 255
L 575.0000, -715.0000, 0.0000,  602.0000, -688.0000, 0.0000,  0, 0, 255
L 575.0000, -732.0000, 0.0000,  575.0000, -715.0000, 0.0000,  0, 0, 255
L 585.0000, -726.0000, 0.0000,  584.0000, -735.0000, 0.0000,  0, 0, 255
L 615.0000, -697.0000, 0.0000,  585.0000, -726.0000, 0.0000,  0, 0, 255
L 701.0000, -698.0000, 0.0000,  615.0000, -697.0000, 0.0000,  0, 0, 255
L 714.0000, -711.0000, 0.0000,  701.0000, -698.0000, 0.0000,  0, 0, 255
L 754.0000, -711.0000, 0.0000,  714.0000, -711.0000, 0.0000,  0, 0, 255
L 769.0000, -697.0000, 0.0000,  754.0000, -711.0000, 0.0000,  0, 0, 255
L 855.0000, -700.0000, 0.0000,  769.0000, -697.0000, 0.0000,  0, 0, 255
L 855.0000, -725.0000, 0.0000,  855.0000, -700.0000, 0.0000,  0, 0, 255
L 878.0000, -725.0000, 0.0000,  855.0000, -725.0000, 0.0000,  0, 0, 255
L 878.0000, -701.0000, 0.0000,  878.0000, -725.0000, 0.0000,  0, 0, 255
L 865.0000, -688.0000, 0.0000,  878.0000, -701.0000, 0.0000,  0, 0, 255
L 766.0000, -687.0000, 0.0000,  865.0000, -688.0000, 0.0000,  0, 0, 255
L 738.0000, -657.0000, 0.0000,  766.0000, -687.0000, 0.0000,  0, 0, 255
L 739.0000, -488.0000, 0.0000,  738.0000, -657.0000, 0.0000,  0, 0, 255
L 769.0000, -460.0000, 0.0000,  739.0000, -488.0000, 0.0000,  0, 0, 255
L 839.0000, -458.0000, 0.0000,  769.0000, -460.0000, 0.0000,  0, 0, 255
L 864.0000, -433.0000, 0.0000,  839.0000, -458.0000, 0.0000,  0, 0, 255
L 864.0000, -268.0000, 0.0000,  864.0000, -433.0000, 0.0000,  0, 0, 255
L 878.0000, -238.0000, 0.0000,  864.0000, -268.0000, 0.0000,  0, 0, 255
L 878.0000, -230.0000, 0.0000,  878.0000, -238.0000, 0.0000,  0, 0, 255
L 874.0000, -222.0000, 0.0000,  878.0000, -230.0000, 0.0000,  0, 0, 255
L 873.0000, -2.0000, 0.0000,  874.0000, -222.0000, 0.0000,  0, 0, 255
L 661.0000, -88.0000, 0.0000,  655.0000, -90.0000, 0.0000,  153, 153, 153
L 659.0000, -82.0000, 0.0000,  661.0000, -88.0000, 0.0000,  153, 153, 153
L 652.0000, -84.0000, 0.0000,  659.0000, -82.0000, 0.0000,  153, 153, 153
L 654.0000, -90.0000, 0.0000,  652.0000, -84.0000, 0.0000,  153, 153, 153
L 646.0000, -106.0000, 0.0000,  647.0000, -113.0000, 0.0000,  0, 153, 0
L 645.0000, -106.0000, 0.0000,  646.0000, -106.0000, 0.0000,  0, 153, 0
L 645.0000, -90.0000, 0.0000,  645.0000, -106.0000, 0.0000,  0, 153, 0
L 647.0000, -88.0000, 0.0000,  645.0000, -90.0000, 0.0000,  0, 153, 0
L 647.0000, -83.0000, 0.0000,  647.0000, -88.0000, 0.0000,  0, 153, 0
L 645.0000, -82.0000, 0.0000,  647.0000, -83.0000, 0.0000,  0, 153, 0
L 645.0000, -106.0000, 0.0000,  645.0000, -90.0000, 0.0000,  0, 153, 0
L 788.0000, -55.0000, 0.0000,  797.0000, -67.0000, 0.0000,  0, 153, 0
L 785.0000, -48.0000, 0.0000,  788.0000, -55.0000, 0.0000,  0, 153, 0
L 764.0000, -34.0000, 0.0000,  785.0000, -48.0000, 0.0000,  0, 153, 0
L 751.0000, -33.0000, 0.0000,  764.0000, -34.0000, 0.0000,  0, 153, 0
L 713.0000, -23.0000, 0.0000,  751.0000, -33.0000, 0.0000,  0, 153, 0
L 703.0000, -30.0000, 0.0000,  713.0000, -23.0000, 0.0000,  0, 153, 0
L 675.0000, -112.0000, 0.0000,  631.0000, -114.0000, 0.0000,  0, 153, 0
L 675.0000, -83.0000, 0.0000,  675.0000, -112.0000, 0.0000,  0, 153, 0
L 645.0000, -82.0000, 0.0000,  675.0000, -83.0000, 0.0000,  0, 153, 0
L 639.0000, -41.0000, 0.0000,  645.0000, -82.0000, 0.0000,  0, 153, 0
L 617.0000, -41.0000, 0.0000,  639.0000, -41.0000, 0.0000,  0, 153, 0
L 683.0000, -193.0000, 0.0000,  698.0000, -208.0000, 0.0000,  0, 0, 255
L 682.0000, -192.0000, 0.0000,  683.0000, -193.0000, 0.0000,  0, 0, 255
L 663.0000, -178.0000, 0.0000,  682.0000, -192.0000, 0.0000,  0, 0, 255
L 660.0000, -152.0000, 0.0000,  663.0000, -178.0000, 0.0000,  0, 0, 255
L 675.0000, -125.0000, 0.0000,  660.0000, -152.0000, 0.0000,  0, 0, 255
L 687.0000, -113.0000, 0.0000,  675.0000, -125.0000, 0.0000,  0, 0, 255
L 701.0000, -81.0000, 0.0000,  687.0000, -113.0000, 0.0000,  0, 0, 255
L 699.0000, -67.0000, 0.0000,  701.0000, -81.0000, 0.0000,  0, 0, 255
L 687.0000, -55.0000, 0.0000,  699.0000, -67.0000, 0.0000,  0, 0, 255
L 687.0000, -42.0000, 0.0000,  687.0000, -55.0000, 0.0000,  0, 0, 255
L 699.0000, -30.0000, 0.0000,  687.0000, -42.0000, 0.0000,  0, 0, 255
L 706.0000, -30.0000, 0.0000,  699.0000, -30.0000, 0.0000,  0, 0, 255
L 715.0000, -32.0000, 0.0000,  706.0000, -30.0000, 0.0000,  0, 0, 255
L 729.0000, -44.0000, 0.0000,  715.0000, -32.0000, 0.0000,  0, 0, 255
L 756.0000, -46.0000, 0.0000,  729.0000, -44.0000, 0.0000,  0, 0, 255
L 768.0000, -60.0000, 0.0000,  756.0000, -46.0000, 0.0000,  0, 0, 255
L 781.0000, -86.0000, 0.0000,  768.0000, -60.0000, 0.0000,  0, 0, 255
L 798.0000, -87.0000, 0.0000,  781.0000, -86.0000, 0.0000,  0, 0, 255
L 822.0000, -101.0000, 0.0000,  798.0000, -87.0000, 0.0000,  0, 0, 255
L 821.0000, -115.0000, 0.0000,  822.0000, -101.0000, 0.0000,  0, 0, 255
L 808.0000, -139.0000, 0.0000,  821.0000, -115.0000, 0.0000,  0, 0, 255
L 807.0000, -156.0000, 0.0000,  808.0000, -139.0000, 0.0000,  0, 0, 255
L 795.0000, -181.0000, 0.0000,  807.0000, -156.0000, 0.0000,  0, 0, 255
L 779.0000, -195.0000, 0.0000,  795.0000, -181.0000, 0.0000,  0, 0, 255
L 754.0000, -208.0000, 0.0000,  779.0000, -195.0000, 0.0000,  0, 0, 255
L 697.0000, -207.0000, 0.0000,  754.0000, -208.0000, 0.0000,  0, 0, 255
L 697.0000, -138.0000, 0.0000,  697.0000, -156.0000, 0.0000,  255, 255, 255
L 710.0000, -125.0000, 0.0000,  697.0000, -138.0000, 0.0000,  255, 255, 255
L 711.0000, -96.0000, 0.0000,  710.0000, -125.0000, 0.0000,  255, 255, 255
L 727.0000, -82.0000, 0.0000,  711.0000, -96.0000, 0.0000,  255, 255, 255
L 756.0000, -82.0000, 0.0000,  727.0000, -82.0000, 0.0000,  255, 255, 255
L 785.0000, -112.0000, 0.0000,  756.0000, -82.0000, 0.0000,  255, 255, 255
L 784.0000, -128.0000, 0.0000,  785.0000, -112.0000, 0.0000,  255, 255, 255
L 771.0000, -141.0000, 0.0000,  784.0000, -128.0000, 0.0000,  255, 255, 255
L 769.0000, -156.0000, 0.0000,  771.0000, -141.0000, 0.0000,  255, 255, 255
L 756.0000, -170.0000, 0.0000,  769.0000, -156.0000, 0.0000,  255, 255, 255
L 711.0000, -170.0000, 0.0000,  756.0000, -170.0000, 0.0000,  255, 255, 255
L 698.0000, -156.0000, 0.0000,  711.0000, -170.0000, 0.0000,  255, 255, 255
L 463.0000, 56.0000, 0.0000,  432.0000, 57.0000, 0.0000,  153, 153, 153
L 461.0000, 39.0000, 0.0000,  463.0000, 56.0000, 0.0000,  153, 153, 153
L 449.0000, 39.0000, 0.0000,  461.0000, 39.0000, 0.0000,  153, 153, 153
L 448.0000, -40.0000, 0.0000,  449.0000, 39.0000, 0.0000,  153, 153, 153
L 443.0000, -44.0000, 0.0000,  448.0000, -40.0000, 0.0000,  153, 153, 153
L 431.0000, -43.0000, 0.0000,  443.0000, -44.0000, 0.0000,  153, 153, 153
L 431.0000, 56.0000, 0.0000,  431.0000, -43.0000, 0.0000,  153, 153, 153
L 557.0000, 139.0000, 0.0000,  574.0000, 141.0000, 0.0000,  153, 153, 153
L 557.0000, 99.0000, 0.0000,  557.0000, 139.0000, 0.0000,  153, 153, 153
L 547.0000, 99.0000, 0.0000,  557.0000, 99.0000, 0.0000,  153, 153, 153
L 547.0000, 210.0000, 0.0000,  547.0000, 99.0000, 0.0000,  153, 153, 153
L 487.0000, 210.0000, 0.0000,  547.0000, 210.0000, 0.0000,  153, 153, 153
L 487.0000, 155.0000, 0.0000,  487.0000, 210.0000, 0.0000,  153, 153, 153
L 403.0000, 153.0000, 0.0000,  487.0000, 155.0000, 0.0000,  153, 153, 153
L 403.0000, 99.0000, 0.0000,  403.0000, 153.0000, 0.0000,  153, 153, 153
L 263.0000, 98.0000, 0.0000,  403.0000, 99.0000, 0.0000,  153, 153, 153
L 265.0000, 81.0000, 0.0000,  263.0000, 98.0000, 0.0000,  153, 153, 153
L 575.0000, 82.0000, 0.0000,  265.0000, 81.0000, 0.0000,  153, 153, 153
L 574.0000, 141.0000, 0.0000,  575.0000, 82.0000, 0.0000,  153, 153, 153
L 501.0000, 308.0000, 0.0000,  573.0000, 309.0000, 0.0000,  153, 153, 153
L 502.0000, 291.0000, 0.0000,  501.0000, 308.0000, 0.0000,  153, 153, 153
L 557.0000, 291.0000, 0.0000,  502.0000, 291.0000, 0.0000,  153, 153, 153
L 558.0000, 165.0000, 0.0000,  557.0000, 291.0000, 0.0000,  153, 153, 153
L 575.0000, 167.0000, 0.0000,  558.0000, 165.0000, 0.0000,  153, 153, 153
L 574.0000, 308.0000, 0.0000,  575.0000, 167.0000, 0.0000,  153, 153, 153
L 629.0000, 389.0000, 0.0000,  627.0000, 407.0000, 0.0000,  153, 153, 153
L 724.0000, 389.0000, 0.0000,  629.0000, 389.0000, 0.0000,  153, 153, 153
L 724.0000, 309.0000, 0.0000,  724.0000, 389.0000, 0.0000,  153, 153, 153
L 613.0000, 308.0000, 0.0000,  724.0000, 309.0000, 0.0000,  153, 153, 153
L 614.0000, 291.0000, 0.0000,  613.0000, 308.0000, 0.0000,  153, 153, 153
L 641.0000, 291.0000, 0.0000,  614.0000, 291.0000, 0.0000,  153, 153, 153
L 642.0000, 207.0000, 0.0000,  641.0000, 291.0000, 0.0000,  153, 153, 153
L 658.0000, 207.0000, 0.0000,  642.0000, 207.0000, 0.0000,  153, 153, 153
L 659.0000, 235.0000, 0.0000,  658.0000, 207.0000, 0.0000,  153, 153, 153
L 729.0000, 236.0000, 0.0000,  659.0000, 235.0000, 0.0000,  153, 153, 153
L 729.0000, 291.0000, 0.0000,  729.0000, 236.0000, 0.0000,  153, 153, 153
L 780.0000, 291.0000, 0.0000,  729.0000, 291.0000, 0.0000,  153, 153, 153
L 782.0000, 221.0000, 0.0000,  780.0000, 291.0000, 0.0000,  153, 153, 153
L 808.0000, 221.0000, 0.0000,  782.0000, 221.0000, 0.0000,  153, 153, 153
L 810.0000, 193.0000, 0.0000,  808.0000, 221.0000, 0.0000,  153, 153, 153
L 836.0000, 193.0000, 0.0000,  810.0000, 193.0000, 0.0000,  153, 153, 153
L 836.0000, 57.0000, 0.0000,  836.0000, 193.0000, 0.0000,  153, 153, 153
L 781.0000, 56.0000, 0.0000,  836.0000, 57.0000, 0.0000,  153, 153, 153
L 782.0000, 39.0000, 0.0000,  781.0000, 56.0000, 0.0000,  153, 153, 153
L 953.0000, 41.0000, 0.0000,  782.0000, 39.0000, 0.0000,  153, 153, 153
L 952.0000, 71.0000, 0.0000,  953.0000, 41.0000, 0.0000,  153, 153, 153
L 929.0000, 71.0000, 0.0000,  952.0000, 71.0000, 0.0000,  153, 153, 153
L 112.0000, -208.0000, 0.0000,  113.0000, -224.0000, 0.0000,  153, 153, 153
L 15.0000, -208.0000, 0.0000,  112.0000, -208.0000, 0.0000,  153, 153, 153
L 14.0000, -138.0000, 0.0000,  15.0000, -208.0000, 0.0000,  153, 153, 153
L -12.0000, -138.0000, 0.0000,  14.0000, -138.0000, 0.0000,  153, 153, 153
L -7.0000, -100.0000, 0.0000,  -12.0000, -138.0000, 0.0000,  153, 153, 153
L 99.0000, -99.0000, 0.0000,  -7.0000, -100.0000, 0.0000,  153, 153, 153
L 98.0000, -26.0000, 0.0000,  99.0000, -99.0000, 0.0000,  153, 153, 153
L 81.0000, -27.0000, 0.0000,  98.0000, -26.0000, 0.0000,  153, 153, 153
L 81.0000, -66.0000, 0.0000,  81.0000, -27.0000, 0.0000,  153, 153, 153
L -54.0000, -68.0000, 0.0000,  81.0000, -66.0000, 0.0000,  153, 153, 153
L -55.0000, -64.0000, 0.0000,  -54.0000, -68.0000, 0.0000,  153, 153, 153
L -61.0000, -64.0000, 0.0000,  -55.0000, -64.0000, 0.0000,  153, 153, 153
L -62.0000, -68.0000, 0.0000,  -61.0000, -64.0000, 0.0000,  153, 153, 153
L -78.0000, -68.0000, 0.0000,  -62.0000, -68.0000, 0.0000,  153, 153, 153
L -78.0000, -65.0000, 0.0000,  -78.0000, -68.0000, 0.0000,  153, 153, 153
L -86.0000, -64.0000, 0.0000,  -78.0000, -65.0000, 0.0000,  153, 153, 153
L -86.0000, -68.0000, 0.0000,  -86.0000, -64.0000, 0.0000,  153, 153, 153
L -100.0000, -69.0000, 0.0000,  -86.0000, -68.0000, 0.0000,  153, 153, 153
L -100.0000, -223.0000, 0.0000,  -100.0000, -69.0000, 0.0000,  153, 153, 153
L -156.0000, -280.0000, 0.0000,  -100.0000, -223.0000, 0.0000,  153, 153, 153
L -156.0000, -531.0000, 0.0000,  -156.0000, -280.0000, 0.0000,  153, 153, 153
L -190.0000, -578.0000, 0.0000,  -156.0000, -531.0000, 0.0000,  153, 153, 153
L -795.0000, -578.0000, 0.0000,  -190.0000, -578.0000, 0.0000,  153, 153, 153
L -154.0000, 576.0000, 0.0000,  -786.0000, 577.0000, 0.0000,  153, 153, 153
L -100.0000, 544.0000, 0.0000,  -154.0000, 576.0000, 0.0000,  153, 153, 153
L -100.0000, 127.0000, 0.0000,  -100.0000, 544.0000, 0.0000,  153, 153, 153
L -141.0000, 127.0000, 0.0000,  -100.0000, 127.0000, 0.0000,  153, 153, 153
L -141.0000, -2.0000, 0.0000,  -141.0000, 127.0000, 0.0000,  153, 153, 153
L -86.0000, -2.0000, 0.0000,  -141.0000, -2.0000, 0.0000,  153, 153, 153
L -85.0000, -6.0000, 0.0000,  -86.0000, -2.0000, 0.0000,  153, 153, 153
L -78.0000, -5.0000, 0.0000,  -85.0000, -6.0000, 0.0000,  153, 153, 153
L -78.0000, -2.0000, 0.0000,  -78.0000, -5.0000, 0.0000,  153, 153, 153
L -62.0000, -2.0000, 0.0000,  -78.0000, -2.0000, 0.0000,  153, 153, 153
L -61.0000, -6.0000, 0.0000,  -62.0000, -2.0000, 0.0000,  153, 153, 153
L -55.0000, -6.0000, 0.0000,  -61.0000, -6.0000, 0.0000,  153, 153, 153
L -54.0000, -2.0000, 0.0000,  -55.0000, -6.0000, 0.0000,  153, 153, 153
L -26.0000, -1.0000, 0.0000,  -54.0000, -2.0000, 0.0000,  153, 153, 153
L -25.0000, 67.0000, 0.0000,  -26.0000, -1.0000, 0.0000,  153, 153, 153
L 81.0000, 67.0000, 0.0000,  -25.0000, 67.0000, 0.0000,  153, 153, 153
L 82.0000, 11.0000, 0.0000,  81.0000, 67.0000, 0.0000,  153, 153, 153
L 99.0000, 12.0000, 0.0000,  82.0000, 11.0000, 0.0000,  153, 153, 153
L 99.0000, 39.0000, 0.0000,  99.0000, 12.0000, 0.0000,  153, 153, 153
L 151.0000, 39.0000, 0.0000,  99.0000, 39.0000, 0.0000,  153, 153, 153
L 152.0000, -44.0000, 0.0000,  151.0000, 39.0000, 0.0000,  153, 153, 153
L 210.0000, -44.0000, 0.0000,  152.0000, -44.0000, 0.0000,  153, 153, 153
L 211.0000, 137.0000, 0.0000,  210.0000, -44.0000, 0.0000,  153, 153, 153
L 308.0000, 137.0000, 0.0000,  211.0000, 137.0000, 0.0000,  153, 153, 153
L 309.0000, 151.0000, 0.0000,  308.0000, 137.0000, 0.0000,  153, 153, 153
L 365.0000, 152.0000, 0.0000,  309.0000, 151.0000, 0.0000,  153, 153, 153
L 364.0000, 239.0000, 0.0000,  365.0000, 152.0000, 0.0000,  153, 153, 153
L 309.0000, 239.0000, 0.0000,  364.0000, 239.0000, 0.0000,  153, 153, 153
L 309.0000, 250.0000, 0.0000,  309.0000, 239.0000, 0.0000,  153, 153, 153
L 337.0000, 279.0000, 0.0000,  309.0000, 250.0000, 0.0000,  153, 153, 153
L 337.0000, 291.0000, 0.0000,  337.0000, 279.0000, 0.0000,  153, 153, 153
L 463.0000, 291.0000, 0.0000,  337.0000, 291.0000, 0.0000,  153, 153, 153
L 462.0000, 309.0000, 0.0000,  463.0000, 291.0000, 0.0000,  153, 153, 153
L 337.0000, 309.0000, 0.0000,  462.0000, 309.0000, 0.0000,  153, 153, 153
L 336.0000, 406.0000, 0.0000,  337.0000, 309.0000, 0.0000,  153, 153, 153
L 308.0000, 435.0000, 0.0000,  336.0000, 406.0000, 0.0000,  153, 153, 153
L 253.0000, 435.0000, 0.0000,  308.0000, 435.0000, 0.0000,  153, 153, 153
L 249.0000, 417.0000, 0.0000,  253.0000, 435.0000, 0.0000,  153, 153, 153
L 306.0000, 417.0000, 0.0000,  249.0000, 417.0000, 0.0000,  153, 153, 153
L 319.0000, 404.0000, 0.0000,  306.0000, 417.0000, 0.0000,  153, 153, 153
L 319.0000, 280.0000, 0.0000,  319.0000, 404.0000, 0.0000,  153, 153, 153
L 291.0000, 252.0000, 0.0000,  319.0000, 280.0000, 0.0000,  153, 153, 153
L 155.0000, 253.0000, 0.0000,  291.0000, 252.0000, 0.0000,  153, 153, 153
L 127.0000, 280.0000, 0.0000,  155.0000, 253.0000, 0.0000,  153, 153, 153
L 127.0000, 404.0000, 0.0000,  127.0000, 280.0000, 0.0000,  153, 153, 153
L 140.0000, 417.0000, 0.0000,  127.0000, 404.0000, 0.0000,  153, 153, 153
L 197.0000, 417.0000, 0.0000,  140.0000, 417.0000, 0.0000,  153, 153, 153
L 193.0000, 435.0000, 0.0000,  197.0000, 417.0000, 0.0000,  153, 153, 153
L 137.0000, 434.0000, 0.0000,  193.0000, 435.0000, 0.0000,  153, 153, 153
L 109.0000, 406.0000, 0.0000,  137.0000, 434.0000, 0.0000,  153, 153, 153
L 109.0000, 278.0000, 0.0000,  109.0000, 406.0000, 0.0000,  153, 153, 153
L 137.0000, 250.0000, 0.0000,  109.0000, 278.0000, 0.0000,  153, 153, 153
L 137.0000, 225.0000, 0.0000,  137.0000, 250.0000, 0.0000,  153, 153, 153
L 85.0000, 225.0000, 0.0000,  137.0000, 225.0000, 0.0000,  153, 153, 153
L 85.0000, 336.0000, 0.0000,  85.0000, 225.0000, 0.0000,  153, 153, 153
L 1.0000, 337.0000, 0.0000,  85.0000, 336.0000, 0.0000,  153, 153, 153
L 1.0000, 350.0000, 0.0000,  1.0000, 337.0000, 0.0000,  153, 153, 153
L -25.0000, 377.0000, 0.0000,  1.0000, 350.0000, 0.0000,  153, 153, 153
L 84.0000, 487.0000, 0.0000,  -25.0000, 377.0000, 0.0000,  153, 153, 153
L 348.0000, 487.0000, 0.0000,  84.0000, 487.0000, 0.0000,  153, 153, 153
L 375.0000, 460.0000, 0.0000,  348.0000, 487.0000, 0.0000,  153, 153, 153
L 375.0000, 348.0000, 0.0000,  375.0000, 460.0000, 0.0000,  153, 153, 153
L 701.0000, 348.0000, 0.0000,  375.0000, 348.0000, 0.0000,  153, 153, 153
L 700.0000, 378.0000, 0.0000,  701.0000, 348.0000, 0.0000,  153, 153, 153
L 617.0000, 379.0000, 0.0000,  700.0000, 378.0000, 0.0000,  153, 153, 153
L 617.0000, 418.0000, 0.0000,  617.0000, 379.0000, 0.0000,  153, 153, 153
L 976.0000, 95.0000, 0.0000,  933.0000, 95.0000, 0.0000,  153, 153, 153
L 976.0000, 15.0000, 0.0000,  976.0000, 95.0000, 0.0000,  153, 153, 153
L 907.0000, 15.0000, 0.0000,  976.0000, 15.0000, 0.0000,  153, 153, 153
L 907.0000, -30.0000, 0.0000,  907.0000, 15.0000, 0.0000,  153, 153, 153
L 1008.0000, -30.0000, 0.0000,  907.0000, -30.0000, 0.0000,  153, 153, 153
L 1009.0000, -2.0000, 0.0000,  1008.0000, -30.0000, 0.0000,  153, 153, 153
L 1060.0000, -2.0000, 0.0000,  1009.0000, -2.0000, 0.0000,  153, 153, 153
L 1060.0000, -83.0000, 0.0000,  1060.0000, -2.0000, 0.0000,  153, 153, 153
L 1022.0000, -122.0000, 0.0000,  1060.0000, -83.0000, 0.0000,  153, 153, 153
L 941.0000, -122.0000, 0.0000,  1022.0000, -122.0000, 0.0000,  153, 153, 153
L 938.0000, -54.0000, 0.0000,  941.0000, -122.0000, 0.0000,  153, 153, 153
L 879.0000, -55.0000, 0.0000,  938.0000, -54.0000, 0.0000,  153, 153, 153
L 879.0000, -128.0000, 0.0000,  879.0000, -55.0000, 0.0000,  153, 153, 153
L 1015.0000, -128.0000, 0.0000,  879.0000, -128.0000, 0.0000,  153, 153, 153
L 922.0000, -222.0000, 0.0000,  1015.0000, -128.0000, 0.0000,  153, 153, 153
L 855.0000, -222.0000, 0.0000,  922.0000, -222.0000, 0.0000,  153, 153, 153
L 855.0000, -2.0000, 0.0000,  855.0000, -222.0000, 0.0000,  153, 153, 153
L 857.0000, -2.0000, 0.0000,  855.0000, -2.0000, 0.0000,  153, 153, 153
L 896.0000, -2.0000, 0.0000,  857.0000, -2.0000, 0.0000,  153, 153, 153
L 896.0000, 14.0000, 0.0000,  896.0000, -2.0000, 0.0000,  153, 153, 153
L 709.0000, 15.0000, 0.0000,  896.0000, 14.0000, 0.0000,  153, 153, 153
L 645.0000, 15.0000, 0.0000,  709.0000, 15.0000, 0.0000,  153, 153, 153
L 645.0000, 26.0000, 0.0000,  645.0000, 15.0000, 0.0000,  153, 153, 153
L 628.0000, 43.0000, 0.0000,  645.0000, 26.0000, 0.0000,  153, 153, 153
L 617.0000, 43.0000, 0.0000,  628.0000, 43.0000, 0.0000,  153, 153, 153
L 616.0000, 253.0000, 0.0000,  617.0000, 43.0000, 0.0000,  153, 153, 153
L 599.0000, 252.0000, 0.0000,  616.0000, 253.0000, 0.0000,  153, 153, 153
L 599.0000, 57.0000, 0.0000,  599.0000, 252.0000, 0.0000,  153, 153, 153
L 585.0000, 56.0000, 0.0000,  599.0000, 57.0000, 0.0000,  153, 153, 153
L 585.0000, 7.0000, 0.0000,  585.0000, 56.0000, 0.0000,  153, 153, 153
L 581.0000, 5.0000, 0.0000,  585.0000, 7.0000, 0.0000,  153, 153, 153
L 581.0000, -1.0000, 0.0000,  581.0000, 5.0000, 0.0000,  153, 153, 153
L 585.0000, -2.0000, 0.0000,  581.0000, -1.0000, 0.0000,  153, 153, 153
L 585.0000, -86.0000, 0.0000,  585.0000, -2.0000, 0.0000,  153, 153, 153
L 616.0000, -86.0000, 0.0000,  585.0000, -86.0000, 0.0000,  153, 153, 153
L 617.0000, -2.0000, 0.0000,  616.0000, -86.0000, 0.0000,  153, 153, 153
L 836.0000, -2.0000, 0.0000,  617.0000, -2.0000, 0.0000,  153, 153, 153
L 836.0000, -208.0000, 0.0000,  836.0000, -2.0000, 0.0000,  153, 153, 153
L 631.0000, -208.0000, 0.0000,  836.0000, -208.0000, 0.0000,  153, 153, 153
L 630.0000, -110.0000, 0.0000,  631.0000, -208.0000, 0.0000,  153, 153, 153
L 561.0000, -108.0000, 0.0000,  630.0000, -110.0000, 0.0000,  153, 153, 153
L 561.0000, -2.0000, 0.0000,  561.0000, -108.0000, 0.0000,  153, 153, 153
L 565.0000, -1.0000, 0.0000,  561.0000, -2.0000, 0.0000,  153, 153, 153
L 564.0000, 7.0000, 0.0000,  565.0000, -1.0000, 0.0000,  153, 153, 153
L 561.0000, 10.0000, 0.0000,  564.0000, 7.0000, 0.0000,  153, 153, 153
L 560.0000, 56.0000, 0.0000,  561.0000, 10.0000, 0.0000,  153, 153, 153
L 487.0000, 56.0000, 0.0000,  560.0000, 56.0000, 0.0000,  153, 153, 153
L 487.0000, 41.0000, 0.0000,  487.0000, 56.0000, 0.0000,  153, 153, 153
L 543.0000, 39.0000, 0.0000,  487.0000, 41.0000, 0.0000,  153, 153, 153
L 543.0000, 16.0000, 0.0000,  543.0000, 39.0000, 0.0000,  153, 153, 153
L 544.0000, -128.0000, 0.0000,  543.0000, 16.0000, 0.0000,  153, 153, 153
L 613.0000, -128.0000, 0.0000,  544.0000, -128.0000, 0.0000,  153, 153, 153
L 614.0000, -226.0000, 0.0000,  613.0000, -128.0000, 0.0000,  153, 153, 153
L 710.0000, -226.0000, 0.0000,  614.0000, -226.0000, 0.0000,  153, 153, 153
L 710.0000, -267.0000, 0.0000,  710.0000, -226.0000, 0.0000,  153, 153, 153
L 687.0000, -251.0000, 0.0000,  687.0000, -276.0000, 0.0000,  153, 153, 153
L 589.0000, -250.0000, 0.0000,  687.0000, -251.0000, 0.0000,  153, 153, 153
L 588.0000, -152.0000, 0.0000,  589.0000, -250.0000, 0.0000,  153, 153, 153
L 573.0000, -152.0000, 0.0000,  588.0000, -152.0000, 0.0000,  153, 153, 153
L 571.0000, -166.0000, 0.0000,  573.0000, -152.0000, 0.0000,  153, 153, 153
L 532.0000, -166.0000, 0.0000,  571.0000, -166.0000, 0.0000,  153, 153, 153
L 502.0000, -138.0000, 0.0000,  532.0000, -166.0000, 0.0000,  153, 153, 153
L 323.0000, -138.0000, 0.0000,  502.0000, -138.0000, 0.0000,  153, 153, 153
L 322.0000, -124.0000, 0.0000,  323.0000, -138.0000, 0.0000,  153, 153, 153
L 281.0000, -83.0000, 0.0000,  322.0000, -124.0000, 0.0000,  153, 153, 153
L 281.0000, 39.0000, 0.0000,  281.0000, -83.0000, 0.0000,  153, 153, 153
L 365.0000, 40.0000, 0.0000,  281.0000, 39.0000, 0.0000,  153, 153, 153
L 365.0000, 56.0000, 0.0000,  365.0000, 40.0000, 0.0000,  153, 153, 153
L 263.0000, 56.0000, 0.0000,  365.0000, 56.0000, 0.0000,  153, 153, 153
L 263.0000, -82.0000, 0.0000,  263.0000, 56.0000, 0.0000,  153, 153, 153
L 180.0000, -82.0000, 0.0000,  263.0000, -82.0000, 0.0000,  153, 153, 153
L 124.0000, -138.0000, 0.0000,  180.0000, -82.0000, 0.0000,  153, 153, 153
L 39.0000, -139.0000, 0.0000,  124.0000, -138.0000, 0.0000,  153, 153, 153
L 40.0000, -184.0000, 0.0000,  39.0000, -139.0000, 0.0000,  153, 153, 153
L 137.0000, -184.0000, 0.0000,  40.0000, -184.0000, 0.0000,  153, 153, 153
L 137.0000, -226.0000, 0.0000,  137.0000, -184.0000, 0.0000,  153, 153, 153
P -181.0000, -335.0000, 0.0000,  255, 255, 255,  2,  Succor
