L 962.1663, -1445.8687, 11.2852,  962.6492, -1426.9131, 11.7461,  0, 0, 0
L 962.6492, -1426.9131, 11.7461,  962.7099, -1425.8229, 11.8070,  0, 0, 0
L 962.7099, -1425.8229, 11.8070,  963.2020, -1416.9647, 12.3022,  0, 0, 0
L 963.2020, -1416.9647, 12.3022,  963.2644, -1415.8405, 12.3651,  0, 0, 0
L 963.2644, -1415.8405, 12.3651,  963.7074, -1407.8676, 12.8108,  0, 0, 0
L 963.7074, -1407.8676, 12.8108,  963.7661, -1406.8113, 12.8698,  0, 0, 0
L 963.7661, -1406.8113, 12.8698,  964.2468, -1398.1578, 13.3536,  0, 0, 0
L 964.2468, -1398.1578, 13.3536,  964.3087, -1397.0437, 13.4159,  0, 0, 0
L 964.3087, -1397.0437, 13.4159,  964.7513, -1389.0774, 13.8612,  0, 0, 0
L 964.7513, -1389.0774, 13.8612,  964.8141, -1387.9457, 13.9245,  0, 0, 0
L 964.8141, -1387.9457, 13.9245,  965.2555, -1379.9996, 14.3687,  0, 0, 0
L 965.2555, -1379.9996, 14.3687,  965.3290, -1378.6736, 14.4428,  0, 0, 0
L 965.3290, -1378.6736, 14.4428,  965.7853, -1370.4634, 14.9018,  0, 0, 0
L 965.7853, -1370.4634, 14.9018,  965.8475, -1369.3447, 14.9643,  0, 0, 0
L 965.8475, -1369.3447, 14.9643,  966.2931, -1361.3243, 15.4127,  0, 0, 0
L 966.2931, -1361.3243, 15.4127,  966.3552, -1360.2052, 15.4752,  0, 0, 0
L 966.3552, -1360.2052, 15.4752,  966.8320, -1355.1439, 15.8654,  0, 0, 0
L 966.8320, -1355.1439, 15.8654,  967.7737, -1353.6165, 18.4914,  0, 0, 0
L 967.7737, -1353.6165, 18.4914,  969.0215, -1352.7135, 18.2491,  0, 0, 0
L 969.0215, -1352.7135, 18.2491,  970.9343, -1353.0519, 18.1782,  0, 0, 0
L 970.9343, -1353.0519, 18.1782,  971.9419, -1353.9834, 18.4152,  0, 0, 0
L 971.9419, -1353.9834, 18.4152,  971.6965, -1355.1425, 18.7111,  0, 0, 0
L 971.6965, -1355.1425, 18.7111,  971.4096, -1356.5836, 19.0791,  0, 0, 0
L 971.4096, -1356.5836, 19.0791,  971.1043, -1358.1626, 19.4822,  0, 0, 0
L 971.1043, -1358.1626, 19.4822,  970.7657, -1359.9137, 19.9293,  0, 0, 0
L 970.7657, -1359.9137, 19.9293,  970.3043, -1364.8217, 21.1820,  0, 0, 0
L 970.3043, -1364.8217, 21.1820,  970.2585, -1365.6119, 21.3837,  0, 0, 0
L 970.2585, -1365.6119, 21.3837,  969.7642, -1378.2457, 24.6078,  0, 0, 0
L 969.7642, -1378.2457, 24.6078,  969.7139, -1379.6036, 24.9543,  0, 0, 0
L 969.7139, -1379.6036, 24.9543,  969.2690, -1391.6729, 28.0343,  0, 0, 0
L 969.2690, -1391.6729, 28.0343,  969.2000, -1393.5460, 28.5123,  0, 0, 0
L 969.2000, -1393.5460, 28.5123,  968.7104, -1406.8302, 31.9024,  0, 0, 0
L 968.7104, -1406.8302, 31.9024,  968.6318, -1408.7260, 32.3862,  0, 0, 0
L 968.6318, -1408.7260, 32.3862,  968.2108, -1416.0730, 34.2612,  0, 0, 0
L 968.2108, -1416.0730, 34.2612,  968.0931, -1417.7816, 34.6973,  0, 0, 0
L 968.0931, -1417.7816, 34.6973,  967.7223, -1422.9529, 36.0171,  0, 0, 0
L 967.7223, -1422.9529, 36.0171,  967.5682, -1424.9374, 36.5236,  0, 0, 0
L 967.5682, -1424.9374, 36.5236,  967.0707, -1430.9852, 38.0672,  0, 0, 0
L 967.0707, -1430.9852, 38.0672,  966.9255, -1432.9318, 38.5639,  0, 0, 0
L 966.9255, -1432.9318, 38.5639,  967.1682, -1549.0581, 40.8051,  0, 0, 0
L 967.1682, -1549.0581, 40.8051,  967.4821, -1550.1923, 41.0277,  0, 0, 0
L 967.4821, -1550.1923, 41.0277,  968.4175, -1553.6108, 41.2184,  0, 0, 0
L 968.4175, -1553.6108, 41.2184,  970.2143, -1554.3483, 39.2420,  0, 0, 0
L 970.2143, -1554.3483, 39.2420,  970.9219, -1555.8387, 39.2394,  0, 0, 0
L 970.9219, -1555.8387, 39.2394,  974.9025, -1564.3859, 39.2270,  0, 0, 0
L 974.9025, -1564.3859, 39.2270,  977.1618, -1569.3354, 39.2235,  0, 0, 0
L 977.1618, -1569.3354, 39.2235,  977.9723, -1570.4282, 39.2234,  0, 0, 0
L 977.9723, -1570.4282, 39.2234,  985.4172, -1580.4076, 39.2232,  0, 0, 0
L 985.4172, -1580.4076, 39.2232,  986.0598, -1581.2323, 39.2232,  0, 0, 0
L 986.0598, -1581.2323, 39.2232,  988.9247, -1584.9054, 40.9537,  0, 0, 0
L 988.9247, -1584.9054, 40.9537,  990.2938, -1585.5529, 40.8190,  0, 0, 0
L 990.2938, -1585.5529, 40.8190,  998.9652, -1589.9221, 39.2234,  0, 0, 0
L 998.9652, -1589.9221, 39.2234,  1005.0907, -1593.3224, 39.2235,  0, 0, 0
L 1005.0907, -1593.3224, 39.2235,  1012.2326, -1597.0046, 39.2230,  0, 0, 0
L 1012.2326, -1597.0046, 39.2230,  1013.6304, -1597.3037, 40.9115,  0, 0, 0
L 1013.6304, -1597.3037, 40.9115,  1020.3661, -1598.2706, 39.2230,  0, 0, 0
L 1020.3661, -1598.2706, 39.2230,  1031.6608, -1599.7708, 39.2231,  0, 0, 0
L 1031.6608, -1599.7708, 39.2231,  1033.0320, -1599.7875, 39.2231,  0, 0, 0
L 1033.0320, -1599.7875, 39.2231,  1035.8174, -1599.7939, 41.1890,  0, 0, 0
L 1035.8174, -1599.7939, 41.1890,  1035.9290, -1600.5734, 41.2228,  0, 0, 0
L -733.8516, -102.5050, -116.9552,  -733.4333, -497.4214, -136.4054,  0, 0, 0
L -733.4333, -497.4214, -136.4054,  -731.5220, -497.3151, -135.2241,  0, 0, 0
L -731.5220, -497.3151, -135.2241,  -721.8376, -496.6759, -132.6934,  0, 0, 0
L -721.8376, -496.6759, -132.6934,  -704.7843, -495.4087, -130.2181,  0, 0, 0
L -704.7843, -495.4087, -130.2181,  -703.2128, -494.9942, -129.9575,  0, 0, 0
L -703.2128, -494.9942, -129.9575,  -587.5941, -464.4937, -111.1405,  0, 0, 0
L -587.5941, -464.4937, -111.1405,  -585.6154, -465.0341, -108.6549,  0, 0, 0
L -585.6154, -465.0341, -108.6549,  -584.0818, -465.8296, -106.8759,  0, 0, 0
L -584.0818, -465.8296, -106.8759,  -569.8990, -473.3236, -90.0683,  0, 0, 0
L -569.8990, -473.3236, -90.0683,  -561.2632, -478.1050, -79.2661,  0, 0, 0
L -561.2632, -478.1050, -79.2661,  -543.8427, -487.9106, -57.1043,  0, 0, 0
L -543.8427, -487.9106, -57.1043,  -517.6722, -502.5727, -15.0952,  0, 0, 0
L -517.6722, -502.5727, -15.0952,  -506.6446, -508.6978, 2.9355,  0, 0, 0
L -506.6446, -508.6978, 2.9355,  -504.9138, -509.1332, 4.7857,  0, 0, 0
L -504.9138, -509.1332, 4.7857,  -495.3121, -511.0730, 15.0928,  0, 0, 0
L -495.3121, -511.0730, 15.0928,  -486.1491, -512.8218, 24.5295,  0, 0, 0
L -486.1491, -512.8218, 24.5295,  -457.5285, -518.2347, 53.8128,  0, 0, 0
L -457.5285, -518.2347, 53.8128,  -445.3614, -520.5229, 66.1702,  0, 0, 0
L -445.3614, -520.5229, 66.1702,  -443.4225, -520.3707, 66.4798,  0, 0, 0
L -443.4225, -520.3707, 66.4798,  -441.4809, -520.0220, 66.3680,  0, 0, 0
L -441.4809, -520.0220, 66.3680,  -437.6324, -519.1201, 64.7760,  0, 0, 0
L -437.6324, -519.1201, 64.7760,  -428.4715, -517.1531, 62.1564,  0, 0, 0
L -428.4715, -517.1531, 62.1564,  -399.6596, -510.9419, 53.7520,  0, 0, 0
L -399.6596, -510.9419, 53.7520,  -376.7268, -505.8889, 46.4473,  0, 0, 0
L -376.7268, -505.8889, 46.4473,  -374.7747, -506.1281, 45.2273,  0, 0, 0
L -374.7747, -506.1281, 45.2273,  -365.5241, -507.2702, 42.3693,  0, 0, 0
L -365.5241, -507.2702, 42.3693,  -362.3405, -507.7901, 42.5796,  0, 0, 0
L -362.3405, -507.7901, 42.5796,  -360.8071, -508.1977, 43.4143,  0, 0, 0
L -360.8071, -508.1977, 43.4143,  -359.2820, -508.5193, 43.5542,  0, 0, 0
L -359.2820, -508.5193, 43.5542,  -357.7644, -508.7480, 43.3549,  0, 0, 0
L -357.7644, -508.7480, 43.3549,  -351.5832, -509.8818, 44.7125,  0, 0, 0
L -351.5832, -509.8818, 44.7125,  -350.6980, -510.1775, 45.6710,  0, 0, 0
L -350.6980, -510.1775, 45.6710,  -348.5167, -510.8133, 46.6849,  0, 0, 0
L -348.5167, -510.8133, 46.6849,  -347.3880, -511.0521, 46.8075,  0, 0, 0
L -347.3880, -511.0521, 46.8075,  -338.1481, -512.6183, 46.7226,  0, 0, 0
L -338.1481, -512.6183, 46.7226,  -328.1773, -514.3799, 47.7923,  0, 0, 0
L -328.1773, -514.3799, 47.7923,  -326.3191, -514.9455, 49.4672,  0, 0, 0
L -326.3191, -514.9455, 49.4672,  -317.2293, -517.8289, 58.1147,  0, 0, 0
L -317.2293, -517.8289, 58.1147,  -213.6071, -550.6142, 156.4305,  0, 0, 0
L -213.6071, -550.6142, 156.4305,  -211.6949, -550.8538, 156.4715,  0, 0, 0
L -211.6949, -550.8538, 156.4715,  -206.8758, -551.0615, 153.5240,  0, 0, 0
L -206.8758, -551.0615, 153.5240,  -197.5829, -551.6371, 146.7830,  0, 0, 0
L -197.5829, -551.6371, 146.7830,  -187.6492, -552.5978, 143.5755,  0, 0, 0
L -187.6492, -552.5978, 143.5755,  -172.6978, -553.9457, 138.1103,  0, 0, 0
L -172.6978, -553.9457, 138.1103,  -161.4686, -555.0189, 134.3992,  0, 0, 0
L -161.4686, -555.0189, 134.3992,  -136.8874, -557.3282, 126.0250,  0, 0, 0
L -136.8874, -557.3282, 126.0250,  -116.6422, -559.2675, 119.3766,  0, 0, 0
L -116.6422, -559.2675, 119.3766,  -92.0191, -561.5707, 110.9312,  0, 0, 0
L -92.0191, -561.5707, 110.9312,  -72.5316, -563.4350, 104.5106,  0, 0, 0
L -72.5316, -563.4350, 104.5106,  -48.8178, -565.6559, 96.3878,  0, 0, 0
L -48.8178, -565.6559, 96.3878,  -47.7509, -565.7043, 95.8954,  0, 0, 0
L -47.7509, -565.7043, 95.8954,  -38.1693, -566.3162, 92.5536,  0, 0, 0
L -38.1693, -566.3162, 92.5536,  -15.5477, -567.7733, 84.7451,  0, 0, 0
L -15.5477, -567.7733, 84.7451,  13.8943, -569.7588, 75.1613,  0, 0, 0
L 13.8943, -569.7588, 75.1613,  14.9554, -569.8566, 75.3163,  0, 0, 0
L 14.9554, -569.8566, 75.3163,  16.0509, -570.0426, 76.0419,  0, 0, 0
L 16.0509, -570.0426, 76.0419,  17.8142, -570.4948, 77.8059,  0, 0, 0
L 17.8142, -570.4948, 77.8059,  26.9712, -573.1867, 88.3072,  0, 0, 0
L 26.9712, -573.1867, 88.3072,  29.1940, -573.8516, 90.9011,  0, 0, 0
L 29.1940, -573.8516, 90.9011,  30.2577, -573.8505, 90.9011,  0, 0, 0
L 30.2577, -573.8505, 90.9011,  109.3793, -573.8511, 66.9631,  0, 0, 0
L 109.3793, -573.8511, 66.9631,  110.4605, -574.7922, 65.6295,  0, 0, 0
L 110.4605, -574.7922, 65.6295,  111.7980, -576.0574, 65.9960,  0, 0, 0
L 111.7980, -576.0574, 65.9960,  118.8822, -582.6536, 67.6641,  0, 0, 0
L 118.8822, -582.6536, 67.6641,  119.9367, -583.5369, 67.6566,  0, 0, 0
L 119.9367, -583.5369, 67.6566,  127.1993, -589.5367, 67.3885,  0, 0, 0
L 127.1993, -589.5367, 67.3885,  134.4784, -595.8795, 66.9550,  0, 0, 0
L 134.4784, -595.8795, 66.9550,  135.5991, -597.1240, 65.5834,  0, 0, 0
L 135.5991, -597.1240, 65.5834,  137.0122, -598.4800, 62.8391,  0, 0, 0
L 137.0122, -598.4800, 62.8391,  138.4243, -599.6407, 59.1772,  0, 0, 0
L 138.4243, -599.6407, 59.1772,  139.4125, -600.3625, 56.1840,  0, 0, 0
L 139.4125, -600.3625, 56.1840,  140.7527, -601.2538, 51.7119,  0, 0, 0
L 140.7527, -601.2538, 51.7119,  142.0896, -602.0737, 46.9169,  0, 0, 0
L 142.0896, -602.0737, 46.9169,  143.4541, -602.8415, 41.6980,  0, 0, 0
L 143.4541, -602.8415, 41.6980,  145.6931, -603.9842, 32.5754,  0, 0, 0
L 145.6931, -603.9842, 32.5754,  146.7948, -605.3722, 31.9884,  0, 0, 0
L 146.7948, -605.3722, 31.9884,  147.8397, -606.5399, 30.7447,  0, 0, 0
L 147.8397, -606.5399, 30.7447,  148.9576, -607.6617, 28.8088,  0, 0, 0
L 148.9576, -607.6617, 28.8088,  150.1083, -608.7052, 26.2876,  0, 0, 0
L 150.1083, -608.7052, 26.2876,  151.3606, -609.7327, 23.0306,  0, 0, 0
L 151.3606, -609.7327, 23.0306,  152.6784, -610.7128, 19.1234,  0, 0, 0
L 152.6784, -610.7128, 19.1234,  154.1877, -611.7247, 14.1259,  0, 0, 0
L 154.1877, -611.7247, 14.1259,  155.6381, -612.6081, 8.8928,  0, 0, 0
L 155.6381, -612.6081, 8.8928,  157.1998, -613.4960, 2.9614,  0, 0, 0
L 157.1998, -613.4960, 2.9614,  158.2585, -614.8373, 2.4332,  0, 0, 0
L 158.2585, -614.8373, 2.4332,  159.2572, -615.8986, 1.2617,  0, 0, 0
L 159.2572, -615.8986, 1.2617,  160.4675, -616.9861, -0.6863,  0, 0, 0
L 160.4675, -616.9861, -0.6863,  161.7532, -617.9899, -3.2752,  0, 0, 0
L 161.7532, -617.9899, -3.2752,  163.1511, -618.9403, -6.5732,  0, 0, 0
L 163.1511, -618.9403, -6.5732,  164.3663, -620.0528, -8.4668,  0, 0, 0
L 164.3663, -620.0528, -8.4668,  165.4113, -621.2611, -9.2261,  0, 0, 0
L 165.4113, -621.2611, -9.2261,  166.6083, -622.4441, -10.7851,  0, 0, 0
L 166.6083, -622.4441, -10.7851,  167.8725, -623.5208, -13.0226,  0, 0, 0
L 167.8725, -623.5208, -13.0226,  169.1932, -624.4991, -15.8632,  0, 0, 0
L 169.1932, -624.4991, -15.8632,  170.6258, -625.4527, -19.3136,  0, 0, 0
L 170.6258, -625.4527, -19.3136,  171.6203, -626.6978, -19.7173,  0, 0, 0
L 171.6203, -626.6978, -19.7173,  172.6987, -627.8532, -20.8145,  0, 0, 0
L 172.6987, -627.8532, -20.8145,  173.9273, -628.9846, -22.6980,  0, 0, 0
L 173.9273, -628.9846, -22.6980,  175.2377, -630.0276, -25.2675,  0, 0, 0
L 175.2377, -630.0276, -25.2675,  176.7679, -631.1383, -28.6322,  0, 0, 0
L 176.7679, -631.1383, -28.6322,  177.7782, -632.4003, -29.0494,  0, 0, 0
L 177.7782, -632.4003, -29.0494,  178.9094, -633.6024, -30.2300,  0, 0, 0
L 178.9094, -633.6024, -30.2300,  180.1621, -634.7451, -32.1916,  0, 0, 0
L 180.1621, -634.7451, -32.1916,  181.5185, -635.8126, -34.9054,  0, 0, 0
L 181.5185, -635.8126, -34.9054,  182.9129, -636.7668, -38.1880,  0, 0, 0
L 182.9129, -636.7668, -38.1880,  184.1878, -637.9510, -40.1255,  0, 0, 0
L 184.1878, -637.9510, -40.1255,  185.2542, -639.1731, -40.9466,  0, 0, 0
L 185.2542, -639.1731, -40.9466,  186.5118, -640.3987, -42.6532,  0, 0, 0
L 186.5118, -640.3987, -42.6532,  187.8447, -641.5121, -45.0990,  0, 0, 0
L 187.8447, -641.5121, -45.0990,  189.8138, -643.0180, -49.7424,  0, 0, 0
L 189.8138, -643.0180, -49.7424,  189.9578, -644.5239, -53.2265,  0, 0, 0
L 189.9578, -644.5239, -53.2265,  189.4890, -655.0480, -55.5169,  0, 0, 0
L 189.4890, -655.0480, -55.5169,  188.6627, -656.7579, -55.4320,  0, 0, 0
L 188.6627, -656.7579, -55.4320,  187.5885, -658.3891, -55.3374,  0, 0, 0
L 187.5885, -658.3891, -55.3374,  186.4048, -659.9156, -55.2336,  0, 0, 0
L 186.4048, -659.9156, -55.2336,  185.2933, -661.5687, -55.1236,  0, 0, 0
L 185.2933, -661.5687, -55.1236,  184.8817, -663.4916, -55.0272,  0, 0, 0
L 184.8817, -663.4916, -55.0272,  184.3855, -665.9181, -54.1301,  0, 0, 0
L 184.3855, -665.9181, -54.1301,  183.9988, -667.7006, -54.2213,  0, 0, 0
L 183.9988, -667.7006, -54.2213,  183.5017, -670.0073, -54.2137,  0, 0, 0
L 183.5017, -670.0073, -54.2137,  183.1993, -671.4172, -54.1651,  0, 0, 0
L 183.1993, -671.4172, -54.1651,  182.7424, -673.5255, -54.2585,  0, 0, 0
L 182.7424, -673.5255, -54.2585,  182.4488, -674.8973, -54.1808,  0, 0, 0
L 182.4488, -674.8973, -54.1808,  181.9562, -677.1752, -54.2313,  0, 0, 0
L 181.9562, -677.1752, -54.2313,  181.6011, -678.8217, -54.2428,  0, 0, 0
L 181.6011, -678.8217, -54.2428,  181.1076, -681.1176, -54.1933,  0, 0, 0
L 181.1076, -681.1176, -54.1933,  180.7514, -682.7672, -54.2167,  0, 0, 0
L 180.7514, -682.7672, -54.2167,  180.3008, -684.8664, -54.1529,  0, 0, 0
L 180.3008, -684.8664, -54.1529,  179.9413, -686.5216, -54.2584,  0, 0, 0
L 179.9413, -686.5216, -54.2584,  179.4747, -688.6921, -54.2107,  0, 0, 0
L 179.4747, -688.6921, -54.2107,  179.1123, -690.3731, -54.2132,  0, 0, 0
L 179.1123, -690.3731, -54.2132,  178.6561, -692.5000, -54.1364,  0, 0, 0
L 178.6561, -692.5000, -54.1364,  174.0255, -713.9799, -54.1837,  0, 0, 0
L 174.0255, -713.9799, -54.1837,  173.7874, -715.9135, -54.4010,  0, 0, 0
L 173.7874, -715.9135, -54.4010,  173.3861, -818.4908, -54.1812,  0, 0, 0
L 173.3861, -818.4908, -54.1812,  172.4626, -819.9368, -54.3199,  0, 0, 0
L 172.4626, -819.9368, -54.3199,  171.5347, -821.4580, -54.2833,  0, 0, 0
L 171.5347, -821.4580, -54.2833,  166.3629, -829.8653, -54.2614,  0, 0, 0
L 166.3629, -829.8653, -54.2614,  150.7572, -855.1875, -54.2955,  0, 0, 0
L 150.7572, -855.1875, -54.2955,  149.4469, -856.3810, -54.2098,  0, 0, 0
L 149.4469, -856.3810, -54.2098,  147.8577, -857.5389, -54.1960,  0, 0, 0
L 147.8577, -857.5389, -54.1960,  140.5998, -862.8144, -54.0696,  0, 0, 0
L 140.5998, -862.8144, -54.0696,  116.4106, -880.5273, -54.2891,  0, 0, 0
L 116.4106, -880.5273, -54.2891,  92.2503, -898.1774, -54.2017,  0, 0, 0
L 92.2503, -898.1774, -54.2017,  83.4470, -904.5964, -54.0916,  0, 0, 0
L 83.4470, -904.5964, -54.0916,  81.4998, -904.8807, -54.3032,  0, 0, 0
L 81.4998, -904.8807, -54.3032,  71.7640, -905.9782, -54.0725,  0, 0, 0
L 71.7640, -905.9782, -54.0725,  41.5488, -909.5226, -54.0344,  0, 0, 0
L 41.5488, -909.5226, -54.0344,  -4.0625, -914.9289, -54.2523,  0, 0, 0
L -4.0625, -914.9289, -54.2523,  -13.6950, -914.2785, -54.2341,  0, 0, 0
L -13.6950, -914.2785, -54.2341,  -13.9533, -916.1909, -54.9970,  0, 0, 0
L -13.9533, -916.1909, -54.9970,  -14.4419, -918.6255, -55.6283,  0, 0, 0
L -14.4419, -918.6255, -55.6283,  -14.8591, -920.4480, -56.1280,  0, 0, 0
L -14.8591, -920.4480, -56.1280,  -15.3540, -922.6655, -56.6121,  0, 0, 0
L -15.3540, -922.6655, -56.6121,  -15.7575, -924.5983, -56.7592,  0, 0, 0
L -15.7575, -924.5983, -56.7592,  -16.2509, -927.0376, -56.3022,  0, 0, 0
L -16.2509, -927.0376, -56.3022,  -17.8639, -928.0654, -56.4086,  0, 0, 0
L -17.8639, -928.0654, -56.4086,  -19.7727, -928.5829, -56.7420,  0, 0, 0
L -19.7727, -928.5829, -56.7420,  -29.1848, -931.5947, -57.9278,  0, 0, 0
L -29.1848, -931.5947, -57.9278,  -30.9026, -932.3237, -57.9656,  0, 0, 0
L -30.9026, -932.3237, -57.9656,  -30.3873, -934.1833, -58.6658,  0, 0, 0
L -30.3873, -934.1833, -58.6658,  -29.4137, -935.9034, -58.7586,  0, 0, 0
L -29.4137, -935.9034, -58.7586,  -29.4279, -937.7609, -58.3187,  0, 0, 0
L -29.4279, -937.7609, -58.3187,  -29.8940, -948.6304, -56.3462,  0, 0, 0
L -29.8940, -948.6304, -56.3462,  -30.4260, -950.5495, -56.3261,  0, 0, 0
L -30.4260, -950.5495, -56.3261,  -31.2001, -952.2274, -56.1641,  0, 0, 0
L -31.2001, -952.2274, -56.1641,  -32.4179, -953.7397, -55.9944,  0, 0, 0
L -32.4179, -953.7397, -55.9944,  -33.7570, -955.4409, -55.8729,  0, 0, 0
L -33.7570, -955.4409, -55.8729,  -32.8370, -957.1929, -56.2868,  0, 0, 0
L -32.8370, -957.1929, -56.2868,  -31.3460, -958.4728, -56.7150,  0, 0, 0
L -31.3460, -958.4728, -56.7150,  -29.7245, -959.6325, -57.0955,  0, 0, 0
L -29.7245, -959.6325, -57.0955,  -27.1115, -961.6216, -57.2084,  0, 0, 0
L -27.1115, -961.6216, -57.2084,  -26.6106, -963.4767, -57.3521,  0, 0, 0
L -26.6106, -963.4767, -57.3521,  -25.7578, -965.2159, -55.6976,  0, 0, 0
L -25.7578, -965.2159, -55.6976,  -24.4461, -966.6046, -54.0946,  0, 0, 0
L -24.4461, -966.6046, -54.0946,  -22.3798, -968.7667, -53.5372,  0, 0, 0
L -22.3798, -968.7667, -53.5372,  -22.6988, -969.9114, -53.8285,  0, 0, 0
L -22.6988, -969.9114, -53.8285,  -23.0268, -971.0882, -54.5900,  0, 0, 0
L -23.0268, -971.0882, -54.5900,  -23.5109, -972.9761, -54.9534,  0, 0, 0
L -23.5109, -972.9761, -54.9534,  -24.0011, -974.6041, -54.9201,  0, 0, 0
L -24.0011, -974.6041, -54.9201,  -24.5430, -976.2394, -54.8282,  0, 0, 0
L -24.5430, -976.2394, -54.8282,  -25.1668, -977.9041, -55.1945,  0, 0, 0
L -25.1668, -977.9041, -55.1945,  -25.8954, -979.5852, -55.6522,  0, 0, 0
L -25.8954, -979.5852, -55.6522,  -26.8253, -981.3371, -55.8026,  0, 0, 0
L -26.8253, -981.3371, -55.8026,  -27.9858, -982.9221, -56.3959,  0, 0, 0
L -27.9858, -982.9221, -56.3959,  -29.3600, -984.2226, -57.1771,  0, 0, 0
L -29.3600, -984.2226, -57.1771,  -30.9447, -985.2346, -57.9905,  0, 0, 0
L -30.9447, -985.2346, -57.9905,  -32.7067, -985.9996, -58.8441,  0, 0, 0
L -32.7067, -985.9996, -58.8441,  -35.8618, -987.2054, -56.1809,  0, 0, 0
L -35.8618, -987.2054, -56.1809,  -37.6955, -987.6403, -56.0903,  0, 0, 0
L -37.6955, -987.6403, -56.0903,  -40.5879, -988.4543, -56.1944,  0, 0, 0
L -40.5879, -988.4543, -56.1944,  -40.0930, -990.3643, -58.6692,  0, 0, 0
L -40.0930, -990.3643, -58.6692,  -39.4774, -992.2566, -59.0943,  0, 0, 0
L -39.4774, -992.2566, -59.0943,  -39.6229, -994.1662, -59.2930,  0, 0, 0
L -39.6229, -994.1662, -59.2930,  -39.1236, -1003.0689, -59.3361,  0, 0, 0
L -39.1236, -1003.0689, -59.3361,  -39.0543, -1004.9742, -59.0206,  0, 0, 0
L -39.0543, -1004.9742, -59.0206,  -39.5500, -1006.9003, -58.4896,  0, 0, 0
L -39.5500, -1006.9003, -58.4896,  -40.2097, -1008.6756, -57.9055,  0, 0, 0
L -40.2097, -1008.6756, -57.9055,  -40.9654, -1010.4933, -56.2537,  0, 0, 0
L -40.9654, -1010.4933, -56.2537,  -40.8246, -1012.4297, -58.2228,  0, 0, 0
L -40.8246, -1012.4297, -58.2228,  -39.4924, -1013.8921, -58.6228,  0, 0, 0
L -39.4924, -1013.8921, -58.6228,  -37.7031, -1014.4073, -59.8222,  0, 0, 0
L -37.7031, -1014.4073, -59.8222,  -35.9917, -1015.1831, -60.9060,  0, 0, 0
L -35.9917, -1015.1831, -60.9060,  -34.7269, -1016.5156, -61.4336,  0, 0, 0
L -34.7269, -1016.5156, -61.4336,  -34.7196, -1018.4663, -61.5407,  0, 0, 0
L -34.7196, -1018.4663, -61.5407,  -35.8783, -1020.0104, -61.7366,  0, 0, 0
L -35.8783, -1020.0104, -61.7366,  -37.2410, -1021.3634, -61.5391,  0, 0, 0
L -37.2410, -1021.3634, -61.5391,  -38.6303, -1022.6117, -61.2291,  0, 0, 0
L -38.6303, -1022.6117, -61.2291,  -39.7106, -1024.2948, -60.6936,  0, 0, 0
L -39.7106, -1024.2948, -60.6936,  -39.8654, -1026.1908, -60.8344,  0, 0, 0
L -39.8654, -1026.1908, -60.8344,  -40.3574, -1028.1456, -60.7828,  0, 0, 0
L -40.3574, -1028.1456, -60.7828,  -40.7906, -1029.9642, -60.7103,  0, 0, 0
L -40.7906, -1029.9642, -60.7103,  -39.5154, -1031.4310, -60.7014,  0, 0, 0
L -39.5154, -1031.4310, -60.7014,  -38.4502, -1032.9839, -60.6292,  0, 0, 0
L -38.4502, -1032.9839, -60.6292,  -37.3870, -1034.6625, -60.5645,  0, 0, 0
L -37.3870, -1034.6625, -60.5645,  -33.0164, -1041.7324, -59.4512,  0, 0, 0
L -33.0164, -1041.7324, -59.4512,  -33.4322, -1043.5040, -59.0460,  0, 0, 0
L -33.4322, -1043.5040, -59.0460,  -33.9095, -1045.3625, -57.8498,  0, 0, 0
L -33.9095, -1045.3625, -57.8498,  -35.7468, -1052.4714, -55.5808,  0, 0, 0
L -35.7468, -1052.4714, -55.5808,  -36.4418, -1054.3297, -54.6638,  0, 0, 0
L -36.4418, -1054.3297, -54.6638,  -36.9636, -1055.9130, -54.1800,  0, 0, 0
L -36.9636, -1055.9130, -54.1800,  -37.7351, -1057.6196, -54.3196,  0, 0, 0
L -37.7351, -1057.6196, -54.3196,  -38.4537, -1059.2703, -54.2848,  0, 0, 0
L -38.4537, -1059.2703, -54.2848,  -40.2693, -1063.4391, -54.2074,  0, 0, 0
L -40.2693, -1063.4391, -54.2074,  -41.5098, -1064.5452, -54.1696,  0, 0, 0
L -41.5098, -1064.5452, -54.1696,  -42.8017, -1065.4974, -54.1320,  0, 0, 0
L -42.8017, -1065.4974, -54.1320,  -46.8136, -1068.2610, -54.1736,  0, 0, 0
L -46.8136, -1068.2610, -54.1736,  -45.5346, -1069.7478, -54.2546,  0, 0, 0
L -45.5346, -1069.7478, -54.2546,  -39.1234, -1077.4182, -54.5628,  0, 0, 0
L -39.1234, -1077.4182, -54.5628,  -39.1853, -1079.2556, -54.3747,  0, 0, 0
L -39.1853, -1079.2556, -54.3747,  -39.7199, -1081.1123, -54.1964,  0, 0, 0
L -39.7199, -1081.1123, -54.1964,  -40.4178, -1082.9529, -54.1375,  0, 0, 0
L -40.4178, -1082.9529, -54.1375,  -40.9870, -1084.8292, -54.1796,  0, 0, 0
L -40.9870, -1084.8292, -54.1796,  -41.9764, -1088.0959, -54.3840,  0, 0, 0
L -41.9764, -1088.0959, -54.3840,  -41.7843, -1090.0867, -54.4345,  0, 0, 0
L -41.7843, -1090.0867, -54.4345,  -40.1717, -1091.1385, -54.3761,  0, 0, 0
L -40.1717, -1091.1385, -54.3761,  -38.6169, -1092.2810, -54.2922,  0, 0, 0
L -38.6169, -1092.2810, -54.2922,  -38.0937, -1094.0715, -54.5911,  0, 0, 0
L -38.0937, -1094.0715, -54.5911,  -37.7351, -1096.0304, -54.7863,  0, 0, 0
L -37.7351, -1096.0304, -54.7863,  -38.2346, -1106.4694, -55.5100,  0, 0, 0
L -38.2346, -1106.4694, -55.5100,  -38.4693, -1108.4318, -55.6153,  0, 0, 0
L -38.4693, -1108.4318, -55.6153,  -39.0071, -1110.2930, -55.1738,  0, 0, 0
L -39.0071, -1110.2930, -55.1738,  -40.5459, -1111.2816, -54.8257,  0, 0, 0
L -40.5459, -1111.2816, -54.8257,  -42.3218, -1112.3336, -54.4496,  0, 0, 0
L -42.3218, -1112.3336, -54.4496,  -39.5804, -1113.9054, -55.7121,  0, 0, 0
L -39.5804, -1113.9054, -55.7121,  -39.2481, -1115.7933, -55.7289,  0, 0, 0
L -39.2481, -1115.7933, -55.7289,  -39.7140, -1121.5447, -55.5014,  0, 0, 0
L -39.7140, -1121.5447, -55.5014,  -40.6340, -1123.1851, -55.3921,  0, 0, 0
L -40.6340, -1123.1851, -55.3921,  -41.5293, -1124.8613, -55.4204,  0, 0, 0
L -41.5293, -1124.8613, -55.4204,  -41.9290, -1126.7220, -55.7581,  0, 0, 0
L -41.9290, -1126.7220, -55.7581,  -42.3737, -1133.1093, -56.4810,  0, 0, 0
L -42.3737, -1133.1093, -56.4810,  -43.1937, -1134.8585, -56.5799,  0, 0, 0
L -43.1937, -1134.8585, -56.5799,  -45.5508, -1139.8076, -56.5568,  0, 0, 0
L -45.5508, -1139.8076, -56.5568,  -47.5021, -1140.2256, -56.3415,  0, 0, 0
L -47.5021, -1140.2256, -56.3415,  -49.4005, -1140.2072, -56.1082,  0, 0, 0
L -49.4005, -1140.2072, -56.1082,  -51.3703, -1140.4999, -55.9162,  0, 0, 0
L -51.3703, -1140.4999, -55.9162,  -52.8722, -1141.6608, -55.6194,  0, 0, 0
L -52.8722, -1141.6608, -55.6194,  -55.8515, -1144.1072, -55.4295,  0, 0, 0
L -55.8515, -1144.1072, -55.4295,  -55.8514, -1146.0039, -55.9163,  0, 0, 0
L -55.8514, -1146.0039, -55.9163,  -55.7134, -1176.3837, -47.6113,  0, 0, 0
L -55.7134, -1176.3837, -47.6113,  -55.1403, -1178.5114, -46.0458,  0, 0, 0
L -55.1403, -1178.5114, -46.0458,  -54.4086, -1180.3521, -46.0458,  0, 0, 0
L -54.4086, -1180.3521, -46.0458,  -53.3051, -1181.7140, -46.8786,  0, 0, 0
L -53.3051, -1181.7140, -46.8786,  -52.0299, -1183.0765, -47.7713,  0, 0, 0
L -52.0299, -1183.0765, -47.7713,  -50.9915, -1184.9375, -48.1634,  0, 0, 0
L -50.9915, -1184.9375, -48.1634,  -50.0215, -1186.5576, -48.3225,  0, 0, 0
L -50.0215, -1186.5576, -48.3225,  -48.7188, -1187.5825, -48.6698,  0, 0, 0
L -48.7188, -1187.5825, -48.6698,  -43.4422, -1191.6849, -47.0575,  0, 0, 0
L -43.4422, -1191.6849, -47.0575,  -42.4133, -1193.3599, -47.9485,  0, 0, 0
L -42.4133, -1193.3599, -47.9485,  -37.8737, -1200.9618, -55.2102,  0, 0, 0
L -37.8737, -1200.9618, -55.2102,  -36.9628, -1202.6305, -55.3260,  0, 0, 0
L -36.9628, -1202.6305, -55.3260,  -35.5814, -1205.2107, -55.5261,  0, 0, 0
L -35.5814, -1205.2107, -55.5261,  -35.0114, -1207.0448, -55.6058,  0, 0, 0
L -35.0114, -1207.0448, -55.6058,  -35.0903, -1208.9025, -55.6844,  0, 0, 0
L -35.0903, -1208.9025, -55.6844,  -35.9963, -1210.6354, -55.6798,  0, 0, 0
L -35.9963, -1210.6354, -55.6798,  -37.3997, -1211.8607, -55.4355,  0, 0, 0
L -37.3997, -1211.8607, -55.4355,  -39.1544, -1212.7168, -54.6507,  0, 0, 0
L -39.1544, -1212.7168, -54.6507,  -40.9831, -1213.2992, -54.2511,  0, 0, 0
L -40.9831, -1213.2992, -54.2511,  -42.7996, -1213.7634, -54.1998,  0, 0, 0
L -42.7996, -1213.7634, -54.1998,  -44.6145, -1214.1105, -54.1650,  0, 0, 0
L -44.6145, -1214.1105, -54.1650,  -46.3134, -1214.3173, -54.0814,  0, 0, 0
L -46.3134, -1214.3173, -54.0814,  -48.8203, -1214.4943, -54.1200,  0, 0, 0
L -48.8203, -1214.4943, -54.1200,  -54.1070, -1215.1158, -54.1887,  0, 0, 0
L -54.1070, -1215.1158, -54.1887,  -55.8515, -1215.8124, -54.1698,  0, 0, 0
L -55.8515, -1215.8124, -54.1698,  -55.8514, -1217.7124, -54.3454,  0, 0, 0
L -55.8514, -1217.7124, -54.3454,  -55.3514, -1235.2124, -54.3392,  0, 0, 0
L -55.3514, -1235.2124, -54.3392,  -54.8976, -1237.0709, -54.2440,  0, 0, 0
L -54.8976, -1237.0709, -54.2440,  -54.3845, -1238.9429, -54.2964,  0, 0, 0
L -54.3845, -1238.9429, -54.2964,  -53.8639, -1240.7462, -54.1964,  0, 0, 0
L -53.8639, -1240.7462, -54.1964,  -53.1722, -1242.5444, -54.2979,  0, 0, 0
L -53.1722, -1242.5444, -54.2979,  -52.0684, -1243.8516, -54.1617,  0, 0, 0
L -52.0684, -1243.8516, -54.1617,  -31.3101, -1268.1459, -54.4356,  0, 0, 0
L -31.3101, -1268.1459, -54.4356,  -14.2942, -1288.0863, -54.4057,  0, 0, 0
L -14.2942, -1288.0863, -54.4057,  -13.6811, -1289.5891, -54.0451,  0, 0, 0
L -13.6811, -1289.5891, -54.0451,  -12.9062, -1291.1586, -53.9356,  0, 0, 0
L -12.9062, -1291.1586, -53.9356,  -12.0172, -1292.8641, -53.9429,  0, 0, 0
L -12.0172, -1292.8641, -53.9429,  -11.2033, -1294.5579, -53.7619,  0, 0, 0
L -11.2033, -1294.5579, -53.7619,  -10.4168, -1296.0752, -53.7567,  0, 0, 0
L -10.4168, -1296.0752, -53.7567,  -9.4641, -1297.8627, -53.8201,  0, 0, 0
L -9.4641, -1297.8627, -53.8201,  -8.2977, -1299.9817, -53.9959,  0, 0, 0
L -8.2977, -1299.9817, -53.9959,  -3.4149, -1309.4172, -53.9236,  0, 0, 0
L -3.4149, -1309.4172, -53.9236,  -0.5695, -1314.8947, -53.9042,  0, 0, 0
L -0.5695, -1314.8947, -53.9042,  0.0697, -1316.3428, -53.5926,  0, 0, 0
L 0.0697, -1316.3428, -53.5926,  0.7925, -1317.7284, -53.5954,  0, 0, 0
L 0.7925, -1317.7284, -53.5954,  5.2878, -1326.3446, -53.6141,  0, 0, 0
L 5.2878, -1326.3446, -53.6141,  6.6428, -1328.8766, -53.7123,  0, 0, 0
L 6.6428, -1328.8766, -53.7123,  7.3923, -1330.6146, -52.8354,  0, 0, 0
L 7.3923, -1330.6146, -52.8354,  7.3923, -1332.3403, -50.4010,  0, 0, 0
L 7.3923, -1332.3403, -50.4010,  7.2744, -1363.7207, -6.2484,  0, 0, 0
L -374.7728, 894.5842, 101.8036,  -372.9048, 892.2688, 104.0740,  0, 0, 0
L -372.9048, 892.2688, 104.0740,  -372.2251, 891.5273, 104.9386,  0, 0, 0
L -372.2251, 891.5273, 104.9386,  -370.7772, 889.9852, 106.6604,  0, 0, 0
L -370.7772, 889.9852, 106.6604,  -369.0692, 888.3007, 108.2594,  0, 0, 0
L -369.0692, 888.3007, 108.2594,  -363.1070, 882.7560, 112.7850,  0, 0, 0
L -363.1070, 882.7560, 112.7850,  -362.0764, 881.9786, 112.9860,  0, 0, 0
L -362.0764, 881.9786, 112.9860,  -360.9465, 881.2770, 112.9860,  0, 0, 0
L -360.9465, 881.2770, 112.9860,  -359.7729, 880.6516, 112.8527,  0, 0, 0
L -359.7729, 880.6516, 112.8527,  -350.8466, 876.4473, 107.6709,  0, 0, 0
L -350.8466, 876.4473, 107.6709,  -349.6677, 875.9539, 106.4968,  0, 0, 0
L -349.6677, 875.9539, 106.4968,  -347.4576, 875.1294, 107.8650,  0, 0, 0
L -347.4576, 875.1294, 107.8650,  -342.7478, 873.6397, 113.0266,  0, 0, 0
L -342.7478, 873.6397, 113.0266,  -336.8476, 872.1575, 118.2490,  0, 0, 0
L -336.8476, 872.1575, 118.2490,  -328.3874, 873.4106, 115.5363,  0, 0, 0
L -328.3874, 873.4106, 115.5363,  -309.3250, 876.2634, 108.1538,  0, 0, 0
L -309.3250, 876.2634, 108.1538,  -305.2429, 875.9151, 109.5083,  0, 0, 0
L -305.2429, 875.9151, 109.5083,  -296.0038, 875.4605, 113.2017,  0, 0, 0
L -296.0038, 875.4605, 113.2017,  -268.9006, 874.2169, 123.1797,  0, 0, 0
L -268.9006, 874.2169, 123.1797,  -267.4210, 873.4500, 122.9744,  0, 0, 0
L -267.4210, 873.4500, 122.9744,  -244.7448, 861.6948, 90.2488,  0, 0, 0
L -244.7448, 861.6948, 90.2488,  -243.9465, 860.4019, 86.2631,  0, 0, 0
L -243.9465, 860.4019, 86.2631,  -243.6823, 859.5497, 84.9286,  0, 0, 0
L -243.6823, 859.5497, 84.9286,  -243.3837, 858.2651, 84.8361,  0, 0, 0
L -243.3837, 858.2651, 84.8361,  -242.9152, 855.4449, 84.6187,  0, 0, 0
L -242.9152, 855.4449, 84.6187,  -242.3895, 853.6537, 85.7714,  0, 0, 0
L -242.3895, 853.6537, 85.7714,  -241.5682, 852.0767, 87.3453,  0, 0, 0
L -241.5682, 852.0767, 87.3453,  -238.2423, 845.7564, 93.5376,  0, 0, 0
L -238.2423, 845.7564, 93.5376,  -237.7266, 844.8640, 94.2646,  0, 0, 0
L -237.7266, 844.8640, 94.2646,  -237.2250, 843.9948, 94.9748,  0, 0, 0
L -237.2250, 843.9948, 94.9748,  -236.6330, 843.0687, 95.5479,  0, 0, 0
L -236.6330, 843.0687, 95.5479,  -236.0626, 842.2341, 95.9461,  0, 0, 0
L -236.0626, 842.2341, 95.9461,  -234.8495, 840.5511, 96.5486,  0, 0, 0
L -234.8495, 840.5511, 96.5486,  -229.0260, 832.8317, 99.5417,  0, 0, 0
L -229.0260, 832.8317, 99.5417,  -227.8535, 831.2233, 102.0459,  0, 0, 0
L -227.8535, 831.2233, 102.0459,  -226.6293, 829.5529, 104.6385,  0, 0, 0
L -226.6293, 829.5529, 104.6385,  -225.9280, 828.7640, 105.7174,  0, 0, 0
L -225.9280, 828.7640, 105.7174,  -224.4044, 827.4868, 107.3701,  0, 0, 0
L -224.4044, 827.4868, 107.3701,  -223.3998, 826.9870, 107.3695,  0, 0, 0
L -223.3998, 826.9870, 107.3695,  -203.1256, 816.9662, 111.0009,  0, 0, 0
L -203.1256, 816.9662, 111.0009,  -202.1489, 816.5952, 110.8887,  0, 0, 0
L -202.1489, 816.5952, 110.8887,  -199.7223, 815.6493, 110.4482,  0, 0, 0
L -199.7223, 815.6493, 110.4482,  -197.7809, 815.3463, 110.0588,  0, 0, 0
L -197.7809, 815.3463, 110.0588,  -196.5217, 815.1484, 109.8536,  0, 0, 0
L -196.5217, 815.1484, 109.8536,  -195.2580, 815.1497, 109.4451,  0, 0, 0
L -195.2580, 815.1497, 109.4451,  -171.2856, 815.1492, 107.8974,  0, 0, 0
L -171.2856, 815.1492, 107.8974,  -169.9715, 815.8517, 107.8974,  0, 0, 0
L -169.9715, 815.8517, 107.8974,  -144.4562, 829.4686, 94.7148,  0, 0, 0
L -144.4562, 829.4686, 94.7148,  -143.1639, 830.2734, 93.5825,  0, 0, 0
L -143.1639, 830.2734, 93.5825,  -141.1132, 831.5177, 91.3363,  0, 0, 0
L -141.1132, 831.5177, 91.3363,  -139.9018, 832.0787, 91.1614,  0, 0, 0
L -139.9018, 832.0787, 91.1614,  -132.0688, 836.0234, 87.5337,  0, 0, 0
L -132.0688, 836.0234, 87.5337,  -112.0615, 846.0881, 78.0133,  0, 0, 0
L -112.0615, 846.0881, 78.0133,  -110.8564, 846.5709, 77.4472,  0, 0, 0
L -110.8564, 846.5709, 77.4472,  -108.2578, 847.6565, 76.5097,  0, 0, 0
L -108.2578, 847.6565, 76.5097,  -106.9875, 848.2917, 76.1768,  0, 0, 0
L -106.9875, 848.2917, 76.1768,  -81.2393, 861.1658, 63.6022,  0, 0, 0
L -81.2393, 861.1658, 63.6022,  -80.1960, 861.8130, 63.0308,  0, 0, 0
L -80.1960, 861.8130, 63.0308,  -76.8153, 863.7778, 60.1550,  0, 0, 0
L -76.8153, 863.7778, 60.1550,  -75.5550, 864.2550, 59.1015,  0, 0, 0
L -75.5550, 864.2550, 59.1015,  -74.3801, 864.8837, 58.8505,  0, 0, 0
L -74.3801, 864.8837, 58.8505,  -65.9668, 869.0284, 54.1864,  0, 0, 0
L -65.9668, 869.0284, 54.1864,  -45.8852, 878.9626, 43.6518,  0, 0, 0
L -45.8852, 878.9626, 43.6518,  -44.9154, 879.2507, 43.4910,  0, 0, 0
L -44.9154, 879.2507, 43.4910,  -43.4901, 878.7759, 43.3946,  0, 0, 0
L -43.4901, 878.7759, 43.3946,  -42.1707, 877.9178, 43.2115,  0, 0, 0
L -42.1707, 877.9178, 43.2115,  -24.0801, 866.1514, 20.2396,  0, 0, 0
L -24.0801, 866.1514, 20.2396,  -23.7489, 864.4977, 16.0010,  0, 0, 0
L -23.7489, 864.4977, 16.0010,  -23.9968, 863.3314, 16.0010,  0, 0, 0
L -23.9968, 863.3314, 16.0010,  -24.3382, 862.2976, 16.0010,  0, 0, 0
L -24.3382, 862.2976, 16.0010,  -24.7467, 861.2722, 16.0010,  0, 0, 0
L -24.7467, 861.2722, 16.0010,  -25.1873, 860.2684, 16.0010,  0, 0, 0
L -25.1873, 860.2684, 16.0010,  -25.6766, 859.2127, 16.0010,  0, 0, 0
L -25.6766, 859.2127, 16.0010,  -26.1658, 858.1906, 16.0010,  0, 0, 0
L -26.1658, 858.1906, 16.0010,  -28.4065, 853.6603, 16.0010,  0, 0, 0
L -28.4065, 853.6603, 16.0010,  -29.4838, 851.5119, 16.0010,  0, 0, 0
L -29.4838, 851.5119, 16.0010,  -29.1442, 849.6701, 16.1144,  0, 0, 0
L -29.1442, 849.6701, 16.1144,  -28.7493, 848.6725, 16.1067,  0, 0, 0
L -28.7493, 848.6725, 16.1067,  -17.7673, 820.8658, 16.0728,  0, 0, 0
L -17.7673, 820.8658, 16.0728,  -17.2387, 819.7047, 16.0015,  0, 0, 0
L -17.2387, 819.7047, 16.0015,  -14.9050, 814.5720, 16.0010,  0, 0, 0
L -14.9050, 814.5720, 16.0010,  -14.7875, 813.0764, 16.0411,  0, 0, 0
L -14.7875, 813.0764, 16.0411,  -15.2275, 807.4683, 16.0010,  0, 0, 0
L -15.2275, 807.4683, 16.0010,  -15.7199, 806.2320, 16.0010,  0, 0, 0
L -15.7199, 806.2320, 16.0010,  -16.3276, 805.0549, 16.0010,  0, 0, 0
L -16.3276, 805.0549, 16.0010,  -17.1349, 803.3165, 16.0012,  0, 0, 0
L -17.1349, 803.3165, 16.0012,  -17.7702, 801.6212, 16.0121,  0, 0, 0
L -17.7702, 801.6212, 16.0121,  -28.2557, 773.6664, 16.0113,  0, 0, 0
L -28.2557, 773.6664, 16.0113,  -43.9639, 731.7885, 16.0095,  0, 0, 0
L -43.9639, 731.7885, 16.0095,  -43.9631, 730.5945, 16.0212,  0, 0, 0
L -43.9631, 730.5945, 16.0212,  -43.6005, 623.1822, 16.0010,  0, 0, 0
L -43.6005, 623.1822, 16.0010,  -43.3361, 622.1622, 16.0010,  0, 0, 0
L -43.3361, 622.1622, 16.0010,  -38.5116, 603.5989, 16.0012,  0, 0, 0
L -38.5116, 603.5989, 16.0012,  -34.2563, 587.1836, 16.0010,  0, 0, 0
L -34.2563, 587.1836, 16.0010,  -27.8671, 562.5228, 16.0010,  0, 0, 0
L -27.8671, 562.5228, 16.0010,  -26.1516, 562.2076, 16.0010,  0, 0, 0
L -26.1516, 562.2076, 16.0010,  -24.7579, 561.8201, 16.0010,  0, 0, 0
L -24.7579, 561.8201, 16.0010,  -17.6889, 559.9034, 16.0010,  0, 0, 0
L -17.6889, 559.9034, 16.0010,  -16.6212, 558.5925, 16.0010,  0, 0, 0
L -16.6212, 558.5925, 16.0010,  -16.1399, 557.0610, 16.0010,  0, 0, 0
L -16.1399, 557.0610, 16.0010,  -15.4454, 555.5676, 16.0010,  0, 0, 0
L -15.4454, 555.5676, 16.0010,  -14.7229, 554.1567, 16.0010,  0, 0, 0
L -14.7229, 554.1567, 16.0010,  -13.1519, 551.0834, 16.0010,  0, 0, 0
L -13.1519, 551.0834, 16.0010,  -12.6939, 549.9523, 16.0415,  0, 0, 0
L -12.6939, 549.9523, 16.0415,  -12.3917, 548.8719, 16.0010,  0, 0, 0
L -12.3917, 548.8719, 16.0010,  -11.7742, 547.0664, 16.0010,  0, 0, 0
L -11.7742, 547.0664, 16.0010,  -9.8959, 541.5663, 16.0010,  0, 0, 0
L -9.8959, 541.5663, 16.0010,  -10.3407, 540.3498, 16.0010,  0, 0, 0
L -10.3407, 540.3498, 16.0010,  -10.7252, 539.1152, 16.0010,  0, 0, 0
L -10.7252, 539.1152, 16.0010,  -11.0427, 537.9103, 16.0010,  0, 0, 0
L -11.0427, 537.9103, 16.0010,  -11.5691, 535.7173, 16.0707,  0, 0, 0
L -11.5691, 535.7173, 16.0707,  -12.4209, 534.4028, 20.2935,  0, 0, 0
L -12.4209, 534.4028, 20.2935,  -12.2965, 533.0277, 21.0790,  0, 0, 0
L -12.2965, 533.0277, 21.0790,  -11.7982, 528.7629, 22.9929,  0, 0, 0
L -11.7982, 528.7629, 22.9929,  -11.5892, 527.2513, 23.6739,  0, 0, 0
L -11.5892, 527.2513, 23.6739,  -11.1450, 524.2770, 24.2143,  0, 0, 0
L -11.1450, 524.2770, 24.2143,  -10.9105, 522.7679, 24.2673,  0, 0, 0
L -10.9105, 522.7679, 24.2673,  -10.4494, 519.9357, 24.2659,  0, 0, 0
L -10.4494, 519.9357, 24.2659,  -10.1702, 518.3399, 24.2102,  0, 0, 0
L -10.1702, 518.3399, 24.2102,  -9.8554, 516.7513, 24.0180,  0, 0, 0
L -9.8554, 516.7513, 24.0180,  -9.4383, 515.2416, 23.8349,  0, 0, 0
L -9.4383, 515.2416, 23.8349,  -8.5322, 511.9612, 22.7710,  0, 0, 0
L -8.5322, 511.9612, 22.7710,  -7.9422, 510.5031, 21.9563,  0, 0, 0
L -7.9422, 510.5031, 21.9563,  -6.7445, 509.5869, 20.8415,  0, 0, 0
L -6.7445, 509.5869, 20.8415,  100.5436, 427.3316, 16.0011,  0, 0, 0
L 100.5436, 427.3316, 16.0011,  101.8561, 425.9792, 16.1700,  0, 0, 0
L 101.8561, 425.9792, 16.1700,  103.1394, 424.6503, 16.2494,  0, 0, 0
L 103.1394, 424.6503, 16.2494,  103.8231, 423.2123, 16.2511,  0, 0, 0
L 103.8231, 423.2123, 16.2511,  104.2185, 422.3460, 16.1424,  0, 0, 0
L 104.2185, 422.3460, 16.1424,  103.6536, 421.0537, 15.6902,  0, 0, 0
L 103.6536, 421.0537, 15.6902,  103.4276, 419.7480, 15.4349,  0, 0, 0
L 103.4276, 419.7480, 15.4349,  102.9435, 416.9639, 14.9499,  0, 0, 0
L 102.9435, 416.9639, 14.9499,  102.7165, 415.6591, 14.6347,  0, 0, 0
L 102.7165, 415.6591, 14.6347,  102.2412, 412.9257, 14.1647,  0, 0, 0
L 102.2412, 412.9257, 14.1647,  102.0014, 411.5468, 13.8447,  0, 0, 0
L 102.0014, 411.5468, 13.8447,  101.5384, 408.8854, 13.3894,  0, 0, 0
L 101.5384, 408.8854, 13.3894,  101.3149, 407.6002, 13.0542,  0, 0, 0
L 101.3149, 407.6002, 13.0542,  100.8386, 404.8611, 12.5692,  0, 0, 0
L 100.8386, 404.8611, 12.5692,  96.1576, 377.9474, 7.3549,  0, 0, 0
L 96.1576, 377.9474, 7.3549,  96.2622, 376.7808, 7.0520,  0, 0, 0
L 96.2622, 376.7808, 7.0520,  96.7006, 371.8352, 6.1506,  0, 0, 0
L 96.7006, 371.8352, 6.1506,  96.8151, 370.5440, 5.8125,  0, 0, 0
L 96.8151, 370.5440, 5.8125,  97.1999, 366.2036, 4.9960,  0, 0, 0
L 97.1999, 366.2036, 4.9960,  97.3279, 364.7598, 4.7134,  0, 0, 0
L 97.3279, 364.7598, 4.7134,  97.7289, 360.2391, 3.9662,  0, 0, 0
L 97.7289, 360.2391, 3.9662,  97.8505, 358.8671, 3.6176,  0, 0, 0
L 97.8505, 358.8671, 3.6176,  98.2344, 354.5396, 2.7283,  0, 0, 0
L 98.2344, 354.5396, 2.7283,  98.3599, 353.1243, 2.5451,  0, 0, 0
L 98.3599, 353.1243, 2.5451,  98.7626, 348.5865, 1.5976,  0, 0, 0
L 98.7626, 348.5865, 1.5976,  98.8879, 347.1710, 1.4144,  0, 0, 0
L 98.8879, 347.1710, 1.4144,  99.3115, 342.5136, 0.3757,  0, 0, 0
L 99.3115, 342.5136, 0.3757,  99.4405, 341.0563, 0.1816,  0, 0, 0
L 99.4405, 341.0563, 0.1816,  99.8164, 336.8091, -0.7269,  0, 0, 0
L 99.8164, 336.8091, -0.7269,  99.9417, 335.3933, -1.0272,  0, 0, 0
L 99.9417, 335.3933, -1.0272,  100.3176, 331.1460, -1.4928,  0, 0, 0
L 100.3176, 331.1460, -1.4928,  100.4467, 329.6886, -1.0074,  0, 0, 0
L 100.4467, 329.6886, -1.0074,  100.8302, 325.3581, 0.4354,  0, 0, 0
L 100.8302, 325.3581, 0.4354,  100.9593, 323.9007, 0.9207,  0, 0, 0
L 100.9593, 323.9007, 0.9207,  101.3700, 319.2644, 2.4646,  0, 0, 0
L 101.3700, 319.2644, 2.4646,  101.5085, 317.7003, 2.9856,  0, 0, 0
L 101.5085, 317.7003, 2.9856,  101.9151, 313.1104, 4.5144,  0, 0, 0
L 101.9151, 313.1104, 4.5144,  102.0585, 311.4910, 5.0539,  0, 0, 0
L 102.0585, 311.4910, 5.0539,  102.4403, 307.1780, 6.4915,  0, 0, 0
L 102.4403, 307.1780, 6.4915,  102.5810, 305.5916, 7.0191,  0, 0, 0
L 102.5810, 305.5916, 7.0191,  102.9804, 301.0810, 8.5219,  0, 0, 0
L 102.9804, 301.0810, 8.5219,  103.1240, 299.4606, 9.0614,  0, 0, 0
L 103.1240, 299.4606, 9.0614,  103.5084, 295.1174, 10.5093,  0, 0, 0
L 103.5084, 295.1174, 10.5093,  103.6390, 293.6470, 10.9975,  0, 0, 0
L 103.6390, 293.6470, 10.9975,  103.4287, 285.6738, 12.6361,  0, 0, 0
L 103.4287, 285.6738, 12.6361,  102.9482, 284.2426, 12.2928,  0, 0, 0
L 102.9482, 284.2426, 12.2928,  93.6769, 256.7101, -5.9165,  0, 0, 0
L 93.6769, 256.7101, -5.9165,  71.2414, 190.0851, -46.9021,  0, 0, 0
L 71.2414, 190.0851, -46.9021,  71.9163, 188.7375, -48.0495,  0, 0, 0
L 71.9163, 188.7375, -48.0495,  85.0797, 162.4103, -58.0636,  0, 0, 0
L 85.0797, 162.4103, -58.0636,  106.1013, 120.3666, -73.9322,  0, 0, 0
L 106.1013, 120.3666, -73.9322,  106.2162, 118.5806, -74.5564,  0, 0, 0
L 106.2162, 118.5806, -74.5564,  105.7494, 113.9758, -76.2876,  0, 0, 0
L 105.7494, 113.9758, -76.2876,  105.4751, 112.2884, -76.9139,  0, 0, 0
L 105.4751, 112.2884, -76.9139,  105.0704, 110.4569, -77.6080,  0, 0, 0
L 105.0704, 110.4569, -77.6080,  104.7208, 109.2536, -78.0558,  0, 0, 0
L 104.7208, 109.2536, -78.0558,  104.0298, 107.4226, -78.7686,  0, 0, 0
L 104.0298, 107.4226, -78.7686,  103.3170, 105.9927, -79.3379,  0, 0, 0
L 103.3170, 105.9927, -79.3379,  102.5023, 104.6737, -79.8261,  0, 0, 0
L 102.5023, 104.6737, -79.8261,  101.5220, 103.3426, -80.3091,  0, 0, 0
L 101.5220, 103.3426, -80.3091,  100.4897, 102.1906, -80.4620,  0, 0, 0
L 100.4897, 102.1906, -80.4620,  99.0246, 100.9195, -80.3912,  0, 0, 0
L 99.0246, 100.9195, -80.3912,  92.3399, 95.4830, -81.1527,  0, 0, 0
L 92.3399, 95.4830, -81.1527,  91.9801, 97.3372, -79.1828,  0, 0, 0
L 91.9801, 97.3372, -79.1828,  91.5050, 100.8827, -77.3826,  0, 0, 0
L 91.5050, 100.8827, -77.3826,  91.2131, 102.8497, -76.4307,  0, 0, 0
L 91.2131, 102.8497, -76.4307,  90.8167, 104.7241, -75.5116,  0, 0, 0
L 90.8167, 104.7241, -75.5116,  90.4158, 106.2377, -74.7958,  0, 0, 0
L 90.4158, 106.2377, -74.7958,  89.9298, 107.7208, -74.1009,  0, 0, 0
L 89.9298, 107.7208, -74.1009,  88.1434, 108.2213, -71.8215,  0, 0, 0
L 88.1434, 108.2213, -71.8215,  86.5721, 107.2491, -71.9120,  0, 0, 0
L 86.5721, 107.2491, -71.9120,  -75.5925, 6.9012, -116.8560,  0, 0, 0
L -75.5925, 6.9012, -116.8560,  -77.3787, 6.7414, -116.8757,  0, 0, 0
L -77.3787, 6.7414, -116.8757,  -97.0525, 5.2266, -116.8892,  0, 0, 0
L -97.0525, 5.2266, -116.8892,  -180.5784, -1.1941, -116.8832,  0, 0, 0
L -180.5784, -1.1941, -116.8832,  -182.1861, -0.6248, -116.9055,  0, 0, 0
L -182.1861, -0.6248, -116.9055,  -183.7908, -0.2122, -116.9064,  0, 0, 0
L -183.7908, -0.2122, -116.9064,  -320.0000, 34.8142, -116.9043,  0, 0, 0
L -320.0000, 34.8142, -116.9043,  -348.8945, 27.3837, -116.9043,  0, 0, 0
L -348.8945, 27.3837, -116.9043,  -459.4613, -1.0475, -116.9044,  0, 0, 0
L -459.4613, -1.0475, -116.9044,  -460.7491, -2.1305, -117.0979,  0, 0, 0
L -460.7491, -2.1305, -117.0979,  -559.4040, -84.9998, -117.0975,  0, 0, 0
L -559.4040, -84.9998, -117.0975,  -561.0148, -85.5820, -116.9255,  0, 0, 0
L -561.0148, -85.5820, -116.9255,  -589.1885, -95.6440, -116.9254,  0, 0, 0
L -589.1885, -95.6440, -116.9254,  -616.0876, -105.2514, -116.9259,  0, 0, 0
L -616.0876, -105.2514, -116.9259,  -617.9500, -105.2910, -116.8827,  0, 0, 0
L -617.9500, -105.2910, -116.8827,  -627.8919, -106.0012, -116.8827,  0, 0, 0
L -627.8919, -106.0012, -116.8827,  -672.5448, -109.1836, -116.8830,  0, 0, 0
L -672.5448, -109.1836, -116.8830,  -682.0898, -108.4312, -116.8829,  0, 0, 0
L -682.0898, -108.4312, -116.8829,  -701.4230, -107.0503, -116.8830,  0, 0, 0
L -701.4230, -107.0503, -116.8830,  -728.3464, -105.1273, -116.8830,  0, 0, 0
L -728.3464, -105.1273, -116.8830,  -729.6608, -104.4863, -116.9581,  0, 0, 0
L -729.6608, -104.4863, -116.9581,  -733.8516, -102.5055, -116.9565,  0, 0, 0
L 76.3512, 180.9264, -51.3357,  1169.1904, 180.0327, -51.6682,  0, 127, 127
L 1169.1904, 180.0327, -51.6682,  1169.5938, 175.9833, -52.8139,  0, 0, 0
L 1169.5938, 175.9833, -52.8139,  1169.7043, 174.7161, -53.0664,  0, 0, 0
L 1169.7043, 174.7161, -53.0664,  1170.1906, 171.1622, -54.4483,  0, 0, 0
L 1170.1906, 171.1622, -54.4483,  1170.4034, 169.8592, -55.0877,  0, 0, 0
L 1170.4034, 169.8592, -55.0877,  1170.8485, 166.7003, -56.3598,  0, 0, 0
L 1170.8485, 166.7003, -56.3598,  1170.3942, 164.8017, -57.1061,  0, 0, 0
L 1170.3942, 164.8017, -57.1061,  1169.8287, 163.2130, -57.7165,  0, 0, 0
L 1169.8287, 163.2130, -57.7165,  1163.2856, 144.7875, -64.6952,  0, 0, 0
L 1163.2856, 144.7875, -64.6952,  1156.6205, 125.9803, -71.7875,  0, 0, 0
L 1156.6205, 125.9803, -71.7875,  1156.0206, 124.2864, -72.4138,  0, 0, 0
L 1156.0206, 124.2864, -72.4138,  1155.9259, 122.4345, -73.0943,  0, 0, 0
L 1155.9259, 122.4345, -73.0943,  1156.2931, 118.4079, -74.5854,  0, 0, 0
L 1156.2931, 118.4079, -74.5854,  1156.6051, 116.9690, -75.1154,  0, 0, 0
L 1156.6051, 116.9690, -75.1154,  1157.1686, 115.1591, -75.8511,  0, 0, 0
L 1157.1686, 115.1591, -75.8511,  1157.9364, 113.3399, -76.5165,  0, 0, 0
L 1157.9364, 113.3399, -76.5165,  1158.8304, 111.6240, -77.1790,  0, 0, 0
L 1158.8304, 111.6240, -77.1790,  1159.8419, 109.9324, -77.8371,  0, 0, 0
L 1159.8419, 109.9324, -77.8371,  1160.7813, 108.5120, -78.3914,  0, 0, 0
L 1160.7813, 108.5120, -78.3914,  1161.6165, 107.0021, -78.9253,  0, 0, 0
L 1161.6165, 107.0021, -78.9253,  1162.1460, 105.4190, -79.5295,  0, 0, 0
L 1162.1460, 105.4190, -79.5295,  1168.3977, 86.7711, -86.5225,  0, 0, 0
L 1168.3977, 86.7711, -86.5225,  1181.0963, 48.8917, -100.7146,  0, 0, 0
L 1181.0963, 48.8917, -100.7146,  1181.2333, 47.0000, -101.5069,  0, 0, 0
L 1181.2333, 47.0000, -101.5069,  1181.7329, 38.9248, -104.5509,  0, 0, 0
L 1181.7329, 38.9248, -104.5509,  1181.8375, 37.1869, -105.1951,  0, 0, 0
L 1181.8375, 37.1869, -105.1951,  1182.3052, 29.5691, -108.0544,  0, 0, 0
L 1182.3052, 29.5691, -108.0544,  1182.4146, 27.8333, -108.7169,  0, 0, 0
L 1182.4146, 27.8333, -108.7169,  1182.8873, 18.6280, -111.8235,  0, 0, 0
L 1182.8873, 18.6280, -111.8235,  1182.9537, 17.0851, -112.2941,  0, 0, 0
L 1182.9537, 17.0851, -112.2941,  1183.3879, 7.8605, -115.2488,  0, 0, 0
L 1183.3879, 7.8605, -115.2488,  1183.6079, 6.0298, -115.8180,  0, 0, 0
L 1183.6079, 6.0298, -115.8180,  1184.1079, 1.7424, -117.1799,  0, 0, 0
L 1184.1079, 1.7424, -117.1799,  1184.3274, -0.1423, -117.7773,  0, 0, 0
L 1184.3274, -0.1423, -117.7773,  1184.7698, -3.9674, -118.9788,  0, 0, 0
L 1184.7698, -3.9674, -118.9788,  1184.9839, -5.7982, -119.5625,  0, 0, 0
L 1184.9839, -5.7982, -119.5625,  1185.4767, -10.0713, -120.8984,  0, 0, 0
L 1185.4767, -10.0713, -120.8984,  1185.6935, -11.9109, -121.4913,  0, 0, 0
L 1185.6935, -11.9109, -121.4913,  1186.1573, -15.9679, -122.7480,  0, 0, 0
L 1186.1573, -15.9679, -122.7480,  1185.8021, -17.5841, -123.2301,  0, 0, 0
L 1185.8021, -17.5841, -123.2301,  1185.2070, -19.2732, -123.7485,  0, 0, 0
L 1185.2070, -19.2732, -123.7485,  1175.2954, -47.3504, -132.6486,  0, 0, 0
L 1175.2954, -47.3504, -132.6486,  1154.1035, -107.3896, -151.5943,  0, 0, 0
L 1154.1035, -107.3896, -151.5943,  1152.8063, -108.7404, -151.9918,  0, 0, 0
L 1152.8063, -108.7404, -151.9918,  1139.1842, -123.0468, -151.9945,  0, 0, 0
L 1139.1842, -123.0468, -151.9945,  1101.4688, -162.6200, -151.9990,  0, 0, 0
L 1101.4688, -162.6200, -151.9990,  1080.9734, -184.0222, -151.9990,  0, 0, 0
L 1080.9734, -184.0222, -151.9990,  1082.2341, -182.8426, -151.9982,  0, 0, 0
L 1082.2341, -182.8426, -151.9982,  1083.4398, -181.5768, -151.9978,  0, 0, 0
L 1083.4398, -181.5768, -151.9978,  1076.3558, -189.0137, -151.9952,  0, 0, 0
L 1076.3558, -189.0137, -151.9952,  1075.0585, -189.9147, -151.9990,  0, 0, 0
L 1075.0585, -189.9147, -151.9990,  1073.0271, -191.3229, -151.9990,  0, 0, 0
L 1073.0271, -191.3229, -151.9990,  1071.9730, -192.4151, -151.9990,  0, 0, 0
L 1071.9730, -192.4151, -151.9990,  1070.4055, -194.0110, -151.9990,  0, 0, 0
L 1070.4055, -194.0110, -151.9990,  1068.8585, -195.1424, -151.9955,  0, 0, 0
L 1068.8585, -195.1424, -151.9955,  910.1425, -311.2754, -151.9941,  0, 0, 0
L 910.1425, -311.2754, -151.9941,  909.5521, -312.9854, -151.9990,  0, 0, 0
L 909.5521, -312.9854, -151.9990,  909.1014, -314.6900, -151.9990,  0, 0, 0
L 909.1014, -314.6900, -151.9990,  908.7083, -316.3468, -151.9990,  0, 0, 0
L 908.7083, -316.3468, -151.9990,  908.3403, -318.1025, -151.9990,  0, 0, 0
L 908.3403, -318.1025, -151.9990,  907.8807, -322.9245, -151.9983,  0, 0, 0
L 907.8807, -322.9245, -151.9983,  907.5389, -324.7461, -151.9955,  0, 0, 0
L 907.5389, -324.7461, -151.9955,  907.0507, -327.3499, -151.9944,  0, 0, 0
L 907.0507, -327.3499, -151.9944,  906.6830, -329.3109, -151.9939,  0, 0, 0
L 906.6830, -329.3109, -151.9939,  906.2119, -331.8243, -151.9929,  0, 0, 0
L 906.2119, -331.8243, -151.9929,  905.8442, -333.7853, -151.9925,  0, 0, 0
L 905.8442, -333.7853, -151.9925,  905.4451, -335.9137, -151.9911,  0, 0, 0
L 905.4451, -335.9137, -151.9911,  905.1243, -337.6244, -151.9910,  0, 0, 0
L 905.1243, -337.6244, -151.9910,  904.7142, -339.8119, -151.9917,  0, 0, 0
L 904.7142, -339.8119, -151.9917,  904.4092, -341.4384, -151.9918,  0, 0, 0
L 904.4092, -341.4384, -151.9918,  903.9238, -344.0270, -151.9922,  0, 0, 0
L 903.9238, -344.0270, -151.9922,  903.6199, -345.6476, -151.9919,  0, 0, 0
L 903.6199, -345.6476, -151.9919,  903.1345, -348.2366, -151.9923,  0, 0, 0
L 903.1345, -348.2366, -151.9923,  902.8432, -349.7905, -151.9923,  0, 0, 0
L 902.8432, -349.7905, -151.9923,  902.4100, -352.1007, -151.9916,  0, 0, 0
L 902.4100, -352.1007, -151.9916,  902.1273, -353.6085, -151.9924,  0, 0, 0
L 902.1273, -353.6085, -151.9924,  901.6315, -356.2525, -151.9924,  0, 0, 0
L 901.6315, -356.2525, -151.9924,  901.3020, -358.0092, -151.9907,  0, 0, 0
L 901.3020, -358.0092, -151.9907,  900.8099, -360.6345, -151.9924,  0, 0, 0
L 900.8099, -360.6345, -151.9924,  900.5153, -362.2060, -151.9921,  0, 0, 0
L 900.5153, -362.2060, -151.9921,  900.1085, -364.3755, -151.9914,  0, 0, 0
L 900.1085, -364.3755, -151.9914,  899.7930, -366.0580, -151.9921,  0, 0, 0
L 899.7930, -366.0580, -151.9921,  899.3857, -368.2301, -151.9918,  0, 0, 0
L 899.3857, -368.2301, -151.9918,  899.0750, -369.8872, -151.9921,  0, 0, 0
L 899.0750, -369.8872, -151.9921,  898.6520, -372.1429, -151.9914,  0, 0, 0
L 898.6520, -372.1429, -151.9914,  898.3463, -373.7740, -151.9921,  0, 0, 0
L 898.3463, -373.7740, -151.9921,  897.9435, -375.9221, -151.9924,  0, 0, 0
L 897.9435, -375.9221, -151.9924,  897.6119, -377.6901, -151.9900,  0, 0, 0
L 897.6119, -377.6901, -151.9900,  897.2040, -379.8664, -151.9924,  0, 0, 0
L 897.2040, -379.8664, -151.9924,  896.9080, -381.4445, -151.9921,  0, 0, 0
L 896.9080, -381.4445, -151.9921,  896.4948, -383.6487, -151.9921,  0, 0, 0
L 896.4948, -383.6487, -151.9921,  896.1937, -385.2544, -151.9921,  0, 0, 0
L 896.1937, -385.2544, -151.9921,  895.7905, -387.4046, -151.9921,  0, 0, 0
L 895.7905, -387.4046, -151.9921,  895.4946, -388.9833, -151.9924,  0, 0, 0
L 895.4946, -388.9833, -151.9924,  895.0862, -391.1610, -151.9921,  0, 0, 0
L 895.0862, -391.1610, -151.9921,  894.7902, -392.7399, -151.9925,  0, 0, 0
L 894.7902, -392.7399, -151.9925,  894.3767, -394.9451, -151.9921,  0, 0, 0
L 894.3767, -394.9451, -151.9921,  894.0806, -396.5241, -151.9921,  0, 0, 0
L 894.0806, -396.5241, -151.9921,  893.6671, -398.7297, -151.9921,  0, 0, 0
L 893.6671, -398.7297, -151.9921,  893.3655, -400.3379, -151.9922,  0, 0, 0
L 893.3655, -400.3379, -151.9922,  892.9509, -402.5497, -151.9922,  0, 0, 0
L 892.9509, -402.5497, -151.9922,  892.6534, -404.1357, -151.9923,  0, 0, 0
L 892.6534, -404.1357, -151.9923,  892.2274, -406.4082, -151.9923,  0, 0, 0
L 892.2274, -406.4082, -151.9923,  891.8777, -408.2728, -151.9927,  0, 0, 0
L 891.8777, -408.2728, -151.9927,  891.4709, -410.4428, -151.9924,  0, 0, 0
L 891.4709, -410.4428, -151.9924,  891.1718, -412.0382, -151.9927,  0, 0, 0
L 891.1718, -412.0382, -151.9927,  890.7638, -414.2137, -151.9921,  0, 0, 0
L 890.7638, -414.2137, -151.9921,  890.4537, -415.8677, -151.9925,  0, 0, 0
L 890.4537, -415.8677, -151.9925,  890.0501, -418.0201, -151.9929,  0, 0, 0
L 890.0501, -418.0201, -151.9929,  889.7444, -419.6506, -151.9926,  0, 0, 0
L 889.7444, -419.6506, -151.9926,  889.3397, -421.8093, -151.9926,  0, 0, 0
L 889.3397, -421.8093, -151.9926,  889.0381, -423.4177, -151.9930,  0, 0, 0
L 889.0381, -423.4177, -151.9930,  888.6263, -425.6134, -151.9925,  0, 0, 0
L 888.6263, -425.6134, -151.9925,  888.3235, -427.2289, -151.9928,  0, 0, 0
L 888.3235, -427.2289, -151.9928,  887.8261, -429.8815, -151.9932,  0, 0, 0
L 887.8261, -429.8815, -151.9932,  887.5270, -431.4769, -151.9936,  0, 0, 0
L 887.5270, -431.4769, -151.9936,  887.0801, -433.8599, -151.9931,  0, 0, 0
L 887.0801, -433.8599, -151.9931,  886.7747, -435.4890, -151.9931,  0, 0, 0
L 886.7747, -435.4890, -151.9931,  886.1932, -437.2645, -151.9990,  0, 0, 0
L 886.1932, -437.2645, -151.9990,  885.3702, -439.0030, -151.9990,  0, 0, 0
L 885.3702, -439.0030, -151.9990,  884.8353, -440.7156, -151.9990,  0, 0, 0
L 884.8353, -440.7156, -151.9990,  884.8525, -442.4771, -151.9990,  0, 0, 0
L 884.8525, -442.4771, -151.9990,  884.4830, -446.2825, -151.9781,  0, 0, 0
L 884.4830, -446.2825, -151.9781,  884.0604, -447.8575, -151.9782,  0, 0, 0
L 884.0604, -447.8575, -151.9782,  841.9531, -604.8098, -151.9641,  0, 0, 0
L 841.9531, -604.8098, -151.9641,  842.2666, -606.5762, -151.9990,  0, 0, 0
L 842.2666, -606.5762, -151.9990,  842.6845, -608.5101, -151.9990,  0, 0, 0
L 842.6845, -608.5101, -151.9990,  843.0704, -610.2950, -151.9990,  0, 0, 0
L 843.0704, -610.2950, -151.9990,  843.5341, -612.4398, -151.9990,  0, 0, 0
L 843.5341, -612.4398, -151.9990,  843.8629, -613.9606, -151.9990,  0, 0, 0
L 843.8629, -613.9606, -151.9990,  844.2642, -615.8167, -151.9990,  0, 0, 0
L 844.2642, -615.8167, -151.9990,  844.6553, -617.6276, -151.9990,  0, 0, 0
L 844.6553, -617.6276, -151.9990,  845.1268, -619.8140, -151.9990,  0, 0, 0
L 845.1268, -619.8140, -151.9990,  845.5162, -621.6196, -151.9990,  0, 0, 0
L 845.5162, -621.6196, -151.9990,  846.0062, -623.8917, -151.9990,  0, 0, 0
L 846.0062, -623.8917, -151.9990,  846.4211, -625.8155, -151.9990,  0, 0, 0
L 846.4211, -625.8155, -151.9990,  846.9163, -628.1119, -151.9990,  0, 0, 0
L 846.9163, -628.1119, -151.9990,  847.3333, -630.0453, -151.9990,  0, 0, 0
L 847.3333, -630.0453, -151.9990,  847.8312, -632.3540, -151.9990,  0, 0, 0
L 847.8312, -632.3540, -151.9990,  848.1785, -633.9648, -151.9990,  0, 0, 0
L 848.1785, -633.9648, -151.9990,  848.6625, -636.2092, -151.9990,  0, 0, 0
L 848.6625, -636.2092, -151.9990,  849.0300, -637.9132, -151.9990,  0, 0, 0
L 849.0300, -637.9132, -151.9990,  849.4878, -640.0361, -151.9990,  0, 0, 0
L 849.4878, -640.0361, -151.9990,  849.8793, -641.8513, -151.9990,  0, 0, 0
L 849.8793, -641.8513, -151.9990,  850.2633, -643.6321, -151.9990,  0, 0, 0
L 850.2633, -643.6321, -151.9990,  884.8347, -803.9409, -151.9990,  0, 0, 0
L 884.8347, -803.9409, -151.9990,  884.9120, -805.5137, -151.9990,  0, 0, 0
L 884.9120, -805.5137, -151.9990,  885.0952, -808.5084, -151.9990,  0, 0, 0
L 885.0952, -808.5084, -151.9990,  886.1345, -810.1799, -151.9990,  0, 0, 0
L 886.1345, -810.1799, -151.9990,  887.0787, -811.8575, -151.9990,  0, 0, 0
L 887.0787, -811.8575, -151.9990,  888.0631, -813.4236, -151.9990,  0, 0, 0
L 888.0631, -813.4236, -151.9990,  897.5549, -828.4221, -151.9990,  0, 0, 0
L 897.5549, -828.4221, -151.9990,  902.7803, -836.5815, -151.9990,  0, 0, 0
L 902.7803, -836.5815, -151.9990,  913.5196, -853.4049, -151.9990,  0, 0, 0
L 913.5196, -853.4049, -151.9990,  918.8490, -861.8139, -151.9990,  0, 0, 0
L 918.8490, -861.8139, -151.9990,  924.1378, -870.2377, -151.9990,  0, 0, 0
L 924.1378, -870.2377, -151.9990,  929.3561, -878.7320, -151.9990,  0, 0, 0
L 929.3561, -878.7320, -151.9990,  939.8168, -895.6638, -151.9990,  0, 0, 0
L 939.8168, -895.6638, -151.9990,  940.8191, -897.3777, -151.9990,  0, 0, 0
L 940.8191, -897.3777, -151.9990,  944.3503, -903.2539, -151.9990,  0, 0, 0
L 944.3503, -903.2539, -151.9990,  948.6340, -910.1669, -151.9990,  0, 0, 0
L 948.6340, -910.1669, -151.9990,  950.0689, -911.3928, -149.5459,  0, 0, 0
L 950.0689, -911.3928, -149.5459,  951.7013, -912.1172, -149.3317,  0, 0, 0
L 951.7013, -912.1172, -149.3317,  953.5487, -912.6652, -149.4782,  0, 0, 0
L 953.5487, -912.6652, -149.4782,  955.3801, -913.0107, -150.1420,  0, 0, 0
L 955.3801, -913.0107, -150.1420,  957.0903, -913.0192, -150.8052,  0, 0, 0
L 957.0903, -913.0192, -150.8052,  986.7450, -913.0501, -151.9932,  0, 0, 0
L 986.7450, -913.0501, -151.9932,  1016.6024, -913.0501, -151.9932,  0, 0, 0
L 1016.6024, -913.0501, -151.9932,  1188.9102, -912.9143, -151.9628,  0, 0, 0
L 1188.9102, -912.9143, -151.9628,  1190.4384, -912.5393, -151.9521,  0, 0, 0
L 1190.4384, -912.5393, -151.9521,  1191.9607, -911.9298, -151.8015,  0, 0, 0
L 1191.9607, -911.9298, -151.8015,  1193.2557, -911.0061, -151.9868,  0, 0, 0
L 1193.2557, -911.0061, -151.9868,  1194.5868, -910.0018, -151.9901,  0, 0, 0
L 1194.5868, -910.0018, -151.9901,  1195.6659, -908.7811, -151.9990,  0, 0, 0
L 1195.6659, -908.7811, -151.9990,  1196.7657, -907.4225, -151.9990,  0, 0, 0
L 1196.7657, -907.4225, -151.9990,  1197.7837, -906.0090, -151.9990,  0, 0, 0
L 1197.7837, -906.0090, -151.9990,  1198.6986, -904.5698, -151.9990,  0, 0, 0
L 1198.6986, -904.5698, -151.9990,  1199.4910, -903.1620, -151.9990,  0, 0, 0
L 1199.4910, -903.1620, -151.9990,  1200.2212, -901.7186, -151.9990,  0, 0, 0
L 1200.2212, -901.7186, -151.9990,  1200.9097, -900.2175, -151.9990,  0, 0, 0
L 1200.9097, -900.2175, -151.9990,  1201.5275, -898.7437, -151.9990,  0, 0, 0
L 1201.5275, -898.7437, -151.9990,  1202.2655, -897.4141, -151.9990,  0, 0, 0
L 1202.2655, -897.4141, -151.9990,  1203.1873, -895.8906, -151.9990,  0, 0, 0
L 1203.1873, -895.8906, -151.9990,  1209.7643, -884.9515, -151.9990,  0, 0, 0
L 1209.7643, -884.9515, -151.9990,  1224.9492, -859.6361, -151.9990,  0, 0, 0
L 1224.9492, -859.6361, -151.9990,  1234.4762, -843.8180, -151.9449,  0, 0, 0
L 1234.4762, -843.8180, -151.9449,  1234.5353, -845.7690, -151.9989,  0, 0, 0
L 1234.5353, -845.7690, -151.9989,  1234.0734, -852.6279, -151.9990,  0, 0, 0
L 1234.0734, -852.6279, -151.9990,  1233.8055, -850.6953, -151.9990,  0, 0, 0
L 1233.8055, -850.6953, -151.9990,  1234.0691, -845.7975, -151.8757,  0, 0, 0
L 1234.0691, -845.7975, -151.8757,  1234.5898, -847.5733, -151.9989,  0, 0, 0
L 1234.5898, -847.5733, -151.9989,  1234.6416, -849.2856, -151.9989,  0, 0, 0
L 1234.6416, -849.2856, -151.9989,  1235.1378, -865.6919, -151.9989,  0, 0, 0
L 1235.1378, -865.6919, -151.9989,  1235.1980, -867.6781, -151.9989,  0, 0, 0
L 1235.1980, -867.6781, -151.9989,  1235.6980, -884.2073, -151.8829,  0, 0, 0
L 1235.6980, -884.2073, -151.8829,  1235.7516, -885.9771, -151.3715,  0, 0, 0
L 1235.7516, -885.9771, -151.3715,  1236.2499, -902.4492, -151.9989,  0, 0, 0
L 1236.2499, -902.4492, -151.9989,  1236.3058, -904.2994, -151.9989,  0, 0, 0
L 1236.3058, -904.2994, -151.9989,  1236.8004, -920.6857, -151.9990,  0, 0, 0
L 1236.8004, -920.6857, -151.9990,  1236.8589, -922.6193, -151.9990,  0, 0, 0
L 1236.8589, -922.6193, -151.9990,  1237.3523, -938.9480, -151.9990,  0, 0, 0
L 1237.3523, -938.9480, -151.9990,  1237.4125, -940.9399, -151.9990,  0, 0, 0
L 1237.4125, -940.9399, -151.9990,  1237.9086, -957.3514, -151.9990,  0, 0, 0
L 1237.9086, -957.3514, -151.9990,  1237.9680, -959.3187, -151.9990,  0, 0, 0
L 1237.9680, -959.3187, -151.9990,  1238.4615, -975.6566, -149.2575,  0, 0, 0
L 1238.4615, -975.6566, -149.2575,  1238.5186, -977.5437, -148.8574,  0, 0, 0
L 1238.5186, -977.5437, -148.8574,  1239.0143, -993.9503, -145.2363,  0, 0, 0
L 1239.0143, -993.9503, -145.2363,  1239.0735, -995.9094, -144.7501,  0, 0, 0
L 1239.0735, -995.9094, -144.7501,  1239.5634, -1012.1265, -143.2612,  0, 0, 0
L 1239.5634, -1012.1265, -143.2612,  1239.6169, -1013.8990, -143.3896,  0, 0, 0
L 1239.6169, -1013.8990, -143.3896,  1240.1062, -1030.0813, -147.5565,  0, 0, 0
L 1240.1062, -1030.0813, -147.5565,  1240.1639, -1031.9906, -148.1578,  0, 0, 0
L 1240.1639, -1031.9906, -148.1578,  1240.6561, -1048.2650, -151.9990,  0, 0, 0
L 1240.6561, -1048.2650, -151.9990,  1240.7068, -1049.9458, -151.9990,  0, 0, 0
L 1240.7068, -1049.9458, -151.9990,  1241.2037, -1066.3796, -151.9990,  0, 0, 0
L 1241.2037, -1066.3796, -151.9990,  1241.2634, -1068.3517, -151.9990,  0, 0, 0
L 1241.2634, -1068.3517, -151.9990,  1241.7532, -1084.5250, -151.9990,  0, 0, 0
L 1241.7532, -1084.5250, -151.9990,  1241.8129, -1086.4976, -151.9990,  0, 0, 0
L 1241.8129, -1086.4976, -151.9990,  1242.2993, -1102.5630, -151.9990,  0, 0, 0
L 1242.2993, -1102.5630, -151.9990,  1242.3490, -1104.2069, -151.9990,  0, 0, 0
L 1242.3490, -1104.2069, -151.9990,  1242.8375, -1120.3375, -151.9990,  0, 0, 0
L 1242.8375, -1120.3375, -151.9990,  1242.8965, -1122.2881, -151.9990,  0, 0, 0
L 1242.8965, -1122.2881, -151.9990,  1243.3877, -1138.5063, -151.9990,  0, 0, 0
L 1243.3877, -1138.5063, -151.9990,  1243.4460, -1140.4352, -151.9990,  0, 0, 0
L 1243.4460, -1140.4352, -151.9990,  1243.9391, -1156.7197, -151.9990,  0, 0, 0
L 1243.9391, -1156.7197, -151.9990,  1243.9995, -1158.7144, -151.9990,  0, 0, 0
L 1243.9995, -1158.7144, -151.9990,  1244.4905, -1174.9326, -151.9990,  0, 0, 0
L 1244.4905, -1174.9326, -151.9990,  1244.5503, -1176.9050, -151.9990,  0, 0, 0
L 1244.5503, -1176.9050, -151.9990,  1245.0472, -1193.3206, -151.9990,  0, 0, 0
L 1245.0472, -1193.3206, -151.9990,  1245.0978, -1194.9865, -151.9990,  0, 0, 0
L 1245.0978, -1194.9865, -151.9990,  1245.5892, -1211.2202, -151.9990,  0, 0, 0
L 1245.5892, -1211.2202, -151.9990,  1245.6494, -1213.2053, -151.9990,  0, 0, 0
L 1245.6494, -1213.2053, -151.9990,  1246.1411, -1229.4442, -151.9990,  0, 0, 0
L 1246.1411, -1229.4442, -151.9990,  1246.1995, -1231.3727, -151.9990,  0, 0, 0
L 1246.1995, -1231.3727, -151.9990,  1246.6893, -1247.5487, -151.9990,  0, 0, 0
L 1246.6893, -1247.5487, -151.9990,  1246.7487, -1249.5125, -151.9990,  0, 0, 0
L 1246.7487, -1249.5125, -151.9990,  1247.2457, -1265.9237, -151.9990,  0, 0, 0
L 1247.2457, -1265.9237, -151.9990,  1247.3041, -1267.8494, -151.9990,  0, 0, 0
L 1247.3041, -1267.8494, -151.9990,  1247.7975, -1284.1459, -151.9990,  0, 0, 0
L 1247.7975, -1284.1459, -151.9990,  1247.8577, -1286.1343, -151.9990,  0, 0, 0
L 1247.8577, -1286.1343, -151.9990,  1248.3516, -1302.4471, -151.9990,  0, 0, 0
L 1248.3516, -1302.4471, -151.9990,  1248.4047, -1304.2002, -151.9990,  0, 0, 0
L 1248.4047, -1304.2002, -151.9990,  1248.8960, -1320.4261, -151.9990,  0, 0, 0
L 1248.8960, -1320.4261, -151.9990,  1248.9464, -1322.0940, -151.9990,  0, 0, 0
L 1248.9464, -1322.0940, -151.9990,  1249.4344, -1338.2151, -151.9990,  0, 0, 0
L 1249.4344, -1338.2151, -151.9990,  1249.4863, -1339.9255, -151.9990,  0, 0, 0
L 1249.4863, -1339.9255, -151.9990,  1249.9797, -1356.2198, -151.9990,  0, 0, 0
L 1249.9797, -1356.2198, -151.9990,  1250.0321, -1357.9519, -151.9990,  0, 0, 0
L 1250.0321, -1357.9519, -151.9990,  1250.5209, -1374.0951, -151.9990,  0, 0, 0
L 1250.5209, -1374.0951, -151.9990,  1250.5734, -1375.8270, -151.9990,  0, 0, 0
L 1250.5734, -1375.8270, -151.9990,  1251.0621, -1391.9709, -151.9990,  0, 0, 0
L 1251.0621, -1391.9709, -151.9990,  1251.1152, -1393.7242, -151.9990,  0, 0, 0
L 1251.1152, -1393.7242, -151.9990,  1251.6034, -1409.8459, -151.9990,  0, 0, 0
L 1251.6034, -1409.8459, -151.9990,  1251.6589, -1411.6848, -151.9990,  0, 0, 0
L 1251.6589, -1411.6848, -151.9990,  1252.1582, -1428.1702, -151.9990,  0, 0, 0
L 1252.1582, -1428.1702, -151.9990,  1252.2107, -1429.9021, -151.9990,  0, 0, 0
L 1252.2107, -1429.9021, -151.9990,  1252.7079, -1446.3234, -151.9989,  0, 0, 0
L 1252.7079, -1446.3234, -151.9989,  1252.7610, -1448.0767, -151.9989,  0, 0, 0
L 1252.7610, -1448.0767, -151.9989,  1253.2505, -1464.2830, -151.9989,  0, 0, 0
L 1253.2505, -1464.2830, -151.9989,  1253.3015, -1465.9719, -151.9989,  0, 0, 0
L 1253.3015, -1465.9719, -151.9989,  1253.7906, -1482.1772, -151.9989,  0, 0, 0
L 1253.7906, -1482.1772, -151.9989,  1253.8411, -1483.8448, -151.9989,  0, 0, 0
L 1253.8411, -1483.8448, -151.9989,  1254.3361, -1500.2415, -151.9989,  0, 0, 0
L 1254.3361, -1500.2415, -151.9989,  1254.3864, -1501.9091, -151.9989,  0, 0, 0
L 1254.3864, -1501.9091, -151.9989,  1254.8794, -1518.2416, -151.9989,  0, 0, 0
L 1254.8794, -1518.2416, -151.9989,  1254.9336, -1520.0374, -151.9989,  0, 0, 0
L 1254.9336, -1520.0374, -151.9989,  1255.4248, -1536.3066, -151.9989,  0, 0, 0
L 1255.4248, -1536.3066, -151.9989,  1255.4757, -1537.9957, -151.9989,  0, 0, 0
L 1255.4757, -1537.9957, -151.9989,  1255.9753, -1554.5426, -151.9989,  0, 0, 0
L 1255.9753, -1554.5426, -151.9989,  1256.0256, -1556.2100, -151.9989,  0, 0, 0
L 1256.0256, -1556.2100, -151.9989,  1256.5245, -1572.7360, -151.9989,  0, 0, 0
L 1256.5245, -1572.7360, -151.9989,  1256.5768, -1574.4677, -151.9989,  0, 0, 0
L 1256.5768, -1574.4677, -151.9989,  1257.0731, -1590.9076, -151.9989,  0, 0, 0
L 1257.0731, -1590.9076, -151.9989,  1257.1228, -1592.5537, -151.9989,  0, 0, 0
L 1257.1228, -1592.5537, -151.9989,  1257.6223, -1609.1010, -151.9989,  0, 0, 0
L 1257.6223, -1609.1010, -151.9989,  1257.6740, -1610.8113, -151.9989,  0, 0, 0
L 1257.6740, -1610.8113, -151.9989,  1258.1735, -1627.3582, -151.9989,  0, 0, 0
L 1258.1735, -1627.3582, -151.9989,  1258.2238, -1629.0256, -151.9989,  0, 0, 0
L 1258.2238, -1629.0256, -151.9989,  1258.7213, -1645.4971, -151.9989,  0, 0, 0
L 1258.7213, -1645.4971, -151.9989,  1258.7782, -1647.3850, -151.9989,  0, 0, 0
L 1258.7782, -1647.3850, -151.9989,  1259.2705, -1663.6964, -151.9989,  0, 0, 0
L 1259.2705, -1663.6964, -151.9989,  1259.3190, -1665.3058, -151.9989,  0, 0, 0
L 1259.3190, -1665.3058, -151.9989,  1259.8131, -1681.6708, -151.9989,  0, 0, 0
L 1259.8131, -1681.6708, -151.9989,  1259.8633, -1683.3318, -151.9989,  0, 0, 0
L 1259.8633, -1683.3318, -151.9989,  1260.3574, -1699.7045, -151.9989,  0, 0, 0
L 1260.3574, -1699.7045, -151.9989,  1260.4078, -1701.3713, -151.9989,  0, 0, 0
L 1260.4078, -1701.3713, -151.9989,  1260.9041, -1717.7880, -151.9989,  0, 0, 0
L 1260.9041, -1717.7880, -151.9989,  1260.9619, -1719.6912, -151.9989,  0, 0, 0
L 1260.9619, -1719.6912, -151.9989,  1261.4557, -1735.9224, -151.9989,  0, 0, 0
L 1261.4557, -1735.9224, -151.9989,  1261.5137, -1737.8254, -151.9989,  0, 0, 0
L 1261.5137, -1737.8254, -151.9989,  1261.9996, -1753.8000, -151.9989,  0, 0, 0
L 1261.9996, -1753.8000, -151.9989,  1262.0588, -1755.7461, -151.9989,  0, 0, 0
L 1262.0588, -1755.7461, -151.9989,  1262.5514, -1771.9348, -151.9989,  0, 0, 0
L 1262.5514, -1771.9348, -151.9989,  1262.6106, -1773.8809, -151.9989,  0, 0, 0
L 1262.6106, -1773.8809, -151.9989,  1263.1012, -1790.0060, -151.9989,  0, 0, 0
L 1263.1012, -1790.0060, -151.9989,  1263.1610, -1791.9734, -151.9989,  0, 0, 0
L 1263.1610, -1791.9734, -151.9989,  1263.6484, -1807.9908, -151.9989,  0, 0, 0
L 1263.6484, -1807.9908, -151.9989,  1263.6946, -1809.5094, -151.9989,  0, 0, 0
L 1263.6946, -1809.5094, -151.9989,  1264.1813, -1825.5046, -151.9989,  0, 0, 0
L 1264.1813, -1825.5046, -151.9989,  1264.2255, -1826.9587, -151.9989,  0, 0, 0
L 1264.2255, -1826.9587, -151.9989,  1264.7186, -1843.1682, -151.9989,  0, 0, 0
L 1264.7186, -1843.1682, -151.9989,  1264.7766, -1845.0715, -151.9989,  0, 0, 0
L 1264.7766, -1845.0715, -151.9989,  1265.2709, -1861.4272, -151.9989,  0, 0, 0
L 1265.2709, -1861.4272, -151.9989,  1265.3167, -1862.9453, -151.9989,  0, 0, 0
L 1265.3167, -1862.9453, -151.9989,  1265.8110, -1879.3228, -151.9989,  0, 0, 0
L 1265.8110, -1879.3228, -151.9989,  1265.8693, -1881.2468, -151.9989,  0, 0, 0
L 1265.8693, -1881.2468, -151.9989,  1266.3558, -1897.3669, -151.9989,  0, 0, 0
L 1266.3558, -1897.3669, -151.9989,  1266.4127, -1899.2485, -151.9989,  0, 0, 0
L 1266.4127, -1899.2485, -151.9989,  1266.9064, -1915.6039, -151.9989,  0, 0, 0
L 1266.9064, -1915.6039, -151.9989,  1266.9639, -1917.5066, -151.9989,  0, 0, 0
L 1266.9639, -1917.5066, -151.9989,  1267.4530, -1933.7117, -151.9989,  0, 0, 0
L 1267.4530, -1933.7117, -151.9989,  1267.4963, -1935.1440, -151.9989,  0, 0, 0
L 1267.4963, -1935.1440, -151.9989,  1267.9907, -1951.5204, -151.9989,  0, 0, 0
L 1267.9907, -1951.5204, -151.9989,  1268.0481, -1953.4231, -151.9989,  0, 0, 0
L 1268.0481, -1953.4231, -151.9989,  1268.5413, -1969.7574, -151.9989,  0, 0, 0
L 1268.5413, -1969.7574, -151.9989,  1268.5986, -1971.6602, -151.9989,  0, 0, 0
L 1268.5986, -1971.6602, -151.9989,  1268.2076, -1978.8514, -151.9989,  0, 0, 0
L 1268.2076, -1978.8514, -151.9989,  1266.3555, -1978.8513, -151.9989,  0, 0, 0
L 1266.3555, -1978.8513, -151.9989,  873.1454, -1978.5319, -151.9990,  0, 0, 0
L 873.1454, -1978.5319, -151.9990,  873.1469, -1976.7036, -151.9989,  0, 0, 0
L 873.1469, -1976.7036, -151.9989,  873.5728, -1505.1482, -151.9990,  0, 0, 0
L 873.5728, -1505.1482, -151.9990,  875.2407, -1505.1865, -151.9990,  0, 0, 0
L 873.1484, -1505.1483, -151.9957,  887.1880, -1505.1328, -151.9978,  0, 0, 0
L 888.1459, -1504.0751, -151.9988,  888.1083, -1487.6990, -151.9990,  0, 0, 0
L 888.1083, -1487.6990, -151.9977,  869.8722, -1487.5205, -151.9990,  0, 0, 0
L 870.2514, -1487.1155, -151.9990,  869.7908, -1501.8514, -151.9989,  0, 0, 0
L 869.7908, -1501.8514, -151.9989,  867.8987, -1501.8513, -151.9989,  0, 0, 0
L 867.8987, -1501.8513, -151.9989,  732.1484, -1501.7417, -151.9990,  0, 0, 0
L 732.1484, -1501.7417, -151.9990,  732.1485, -1499.8794, -151.9989,  0, 0, 0
L 732.1485, -1499.8794, -151.9989,  731.6783, -1487.0541, -151.9990,  0, 0, 0
L 731.6783, -1487.0541, -151.9990,  729.8325, -1486.8512, -151.9989,  0, 0, 0
L 729.8325, -1486.8512, -151.9989,  728.0158, -1486.8513, -151.9989,  0, 0, 0
L 728.0158, -1486.8513, -151.9989,  714.3999, -1486.9672, -151.9633,  0, 0, 0
L 714.3999, -1486.9672, -151.9633,  713.8512, -1488.7588, -151.2972,  0, 0, 0
L 713.8512, -1488.7588, -151.2972,  713.8511, -1490.5469, -151.1393,  0, 0, 0
L 713.8511, -1490.5469, -151.1393,  713.4287, -1501.8514, -151.9989,  0, 0, 0
L 713.4287, -1501.8514, -151.9989,  711.5814, -1501.8513, -151.9989,  0, 0, 0
L 711.5814, -1501.8513, -151.9989,  588.1465, -1501.7531, -151.9990,  0, 0, 0
L 588.1465, -1501.7531, -151.9990,  588.1479, -1499.8411, -151.9990,  0, 0, 0
L 588.1479, -1499.8411, -151.9990,  587.6693, -1487.0543, -151.9989,  0, 0, 0
L 587.6693, -1487.0543, -151.9989,  585.7700, -1486.8514, -151.9989,  0, 0, 0
L 585.7700, -1486.8514, -151.9989,  583.8564, -1486.8513, -151.9989,  0, 0, 0
L 583.8564, -1486.8513, -151.9989,  570.5751, -1486.9252, -151.9989,  0, 0, 0
L 570.5751, -1486.9252, -151.9989,  569.8513, -1488.5764, -151.9989,  0, 0, 0
L 569.8513, -1488.5764, -151.9989,  569.8512, -1490.3875, -151.9989,  0, 0, 0
L 569.8512, -1490.3875, -151.9989,  569.4532, -1501.8514, -151.9989,  0, 0, 0
L 569.4532, -1501.8514, -151.9989,  567.5107, -1501.8513, -151.9989,  0, 0, 0
L 567.5107, -1501.8513, -151.9989,  480.1462, -1501.7792, -67.9093,  0, 0, 0
L 480.1462, -1501.7792, -67.9093,  480.1480, -1499.8002, -68.6204,  0, 0, 0
L 311.3673, -1509.1836, 0.0010,  366.2862, -1509.4594, 0.0010,  0, 0, 0
L 366.2862, -1509.4594, 0.0010,  366.6069, -1506.6738, 0.0010,  0, 0, 0
L 366.6069, -1506.6738, 0.0010,  312.0965, -1506.2908, 0.0010,  0, 0, 0
L 312.0965, -1506.2908, 0.0010,  311.4704, -1509.5985, 0.0010,  0, 0, 0
L 457.7596, -1505.1385, 0.0010,  382.4026, -1505.0939, 0.0010,  0, 0, 0
L 382.4026, -1505.0939, 0.0010,  381.8914, -1509.5162, 0.0010,  0, 0, 0
L 381.8914, -1509.5162, 0.0010,  453.4072, -1511.1475, 0.0010,  0, 0, 0
L 1168.2570, 187.9323, -48.7022,  1167.8821, 190.9706, -47.5614,  0, 0, 0
L 1167.8821, 190.9706, -47.5614,  1167.6947, 192.4890, -46.9913,  0, 0, 0
L 1167.6947, 192.4890, -46.9913,  1167.3131, 195.5823, -45.8299,  0, 0, 0
L 1167.3131, 195.5823, -45.8299,  1167.1167, 197.1747, -45.2319,  0, 0, 0
L 1167.1167, 197.1747, -45.2319,  1166.7161, 200.5578, -43.9609,  0, 0, 0
L 1166.7161, 200.5578, -43.9609,  1166.6016, 202.2938, -43.3086,  0, 0, 0
L 1166.6016, 202.2938, -43.3086,  1166.2493, 207.6868, -41.2826,  0, 0, 0
L 1166.2493, 207.6868, -41.2826,  1165.8521, 209.2211, -40.7061,  0, 0, 0
L 1165.8521, 209.2211, -40.7061,  1165.5922, 210.8493, -40.0944,  0, 0, 0
L 1165.5922, 210.8493, -40.0944,  1165.2131, 217.7402, -37.5056,  0, 0, 0
L 1165.2131, 217.7402, -37.5056,  1164.6322, 218.9244, -37.0606,  0, 0, 0
L 1164.6322, 218.9244, -37.0606,  1163.7856, 220.2740, -36.5534,  0, 0, 0
L 1163.7856, 220.2740, -36.5534,  1162.7617, 221.9337, -35.9297,  0, 0, 0
L 1162.7617, 221.9337, -35.9297,  1163.0271, 223.1879, -35.4585,  0, 0, 0
L 1163.0271, 223.1879, -35.4585,  1163.4995, 225.4208, -34.6197,  0, 0, 0
L 1163.4995, 225.4208, -34.6197,  1163.6304, 226.8252, -34.0917,  0, 0, 0
L 1163.6304, 226.8252, -34.0917,  1163.1932, 229.8752, -32.9448,  0, 0, 0
L 1163.1932, 229.8752, -32.9448,  1162.9752, 231.6198, -32.2887,  0, 0, 0
L 1162.9752, 231.6198, -32.2887,  1162.5913, 238.1592, -29.8332,  0, 0, 0
L 1162.5913, 238.1592, -29.8332,  1161.9198, 239.3211, -29.3940,  0, 0, 0
L 1161.9198, 239.3211, -29.3940,  1161.5212, 241.1638, -28.7016,  0, 0, 0
L 1161.5212, 241.1638, -28.7016,  1161.3186, 242.1269, -28.3397,  0, 0, 0
L 1161.3186, 242.1269, -28.3397,  1160.8649, 244.3188, -27.5162,  0, 0, 0
L 1160.8649, 244.3188, -27.5162,  1160.6521, 245.3098, -27.1438,  0, 0, 0
L 1160.6521, 245.3098, -27.1438,  1160.2449, 247.0843, -26.4768,  0, 0, 0
L 1160.2449, 247.0843, -26.4768,  1159.7770, 248.5577, -25.9223,  0, 0, 0
L 1159.7770, 248.5577, -25.9223,  1159.0869, 250.3619, -25.2425,  0, 0, 0
L 1159.0869, 250.3619, -25.2425,  1158.4709, 251.2368, -24.9116,  0, 0, 0
L 1158.4709, 251.2368, -24.9116,  1157.0181, 253.0667, -24.2235,  0, 0, 0
L 1157.0181, 253.0667, -24.2235,  1156.4707, 254.0598, -23.8500,  0, 0, 0
L 1156.4707, 254.0598, -23.8500,  1155.9819, 255.1151, -23.4532,  0, 0, 0
L 1155.9819, 255.1151, -23.4532,  1155.5277, 256.2191, -23.0380,  0, 0, 0
L 1155.5277, 256.2191, -23.0380,  1155.1202, 257.2902, -22.6352,  0, 0, 0
L 1155.1202, 257.2902, -22.6352,  1154.7173, 258.4215, -22.2098,  0, 0, 0
L 1154.7173, 258.4215, -22.2098,  1154.3794, 259.4116, -21.8374,  0, 0, 0
L 1154.3794, 259.4116, -21.8374,  1154.0164, 260.5050, -21.4263,  0, 0, 0
L 1154.0164, 260.5050, -21.4263,  1153.2963, 262.7239, -20.5918,  0, 0, 0
L 1153.2963, 262.7239, -20.5918,  1152.5851, 264.9473, -19.7557,  0, 0, 0
L 1152.5851, 264.9473, -19.7557,  1152.2219, 266.1255, -19.3126,  0, 0, 0
L 1152.2219, 266.1255, -19.3126,  1151.8951, 267.2866, -18.8760,  0, 0, 0
L 1151.8951, 267.2866, -18.8760,  1151.6248, 268.3270, -18.4847,  0, 0, 0
L 1151.6248, 268.3270, -18.4847,  1151.3799, 269.3200, -18.1113,  0, 0, 0
L 1151.3799, 269.3200, -18.1113,  1150.9222, 271.2603, -17.3817,  0, 0, 0
L 1150.9222, 271.2603, -17.3817,  1150.6929, 272.2574, -17.0067,  0, 0, 0
L 1150.6929, 272.2574, -17.0067,  1150.2393, 274.2531, -16.2562,  0, 0, 0
L 1150.2393, 274.2531, -16.2562,  1150.0138, 275.2512, -15.8809,  0, 0, 0
L 1150.0138, 275.2512, -15.8809,  1149.5582, 277.2734, -15.1204,  0, 0, 0
L 1149.5582, 277.2734, -15.1204,  1149.3336, 278.2718, -14.7449,  0, 0, 0
L 1149.3336, 278.2718, -14.7449,  1148.8514, 280.3147, -13.9767,  0, 0, 0
L 1148.8514, 280.3147, -13.9767,  1148.5712, 281.4346, -13.5556,  0, 0, 0
L 1148.5712, 281.4346, -13.5556,  1148.2921, 282.5277, -13.1445,  0, 0, 0
L 1148.2921, 282.5277, -13.1445,  1147.4401, 285.8035, -11.9126,  0, 0, 0
L 1147.4401, 285.8035, -11.9126,  1145.4166, 293.4923, -9.5010,  0, 0, 0
L 1145.4166, 293.4923, -9.5010,  1145.1260, 294.5553, -9.2931,  0, 0, 0
L 1145.1260, 294.5553, -9.2931,  1144.8080, 295.6924, -9.0706,  0, 0, 0
L 1144.8080, 295.6924, -9.0706,  1143.9180, 298.8033, -8.4620,  0, 0, 0
L 1143.9180, 298.8033, -8.4620,  1141.3280, 307.7552, -6.7107,  0, 0, 0
L 1141.3280, 307.7552, -6.7107,  1137.9608, 319.4025, -4.4320,  0, 0, 0
L 1137.9608, 319.4025, -4.4320,  1137.4144, 321.4112, -4.0390,  0, 0, 0
L 1137.4144, 321.4112, -4.0390,  1136.9067, 323.3350, -3.6627,  0, 0, 0
L 1136.9067, 323.3350, -3.6627,  1136.4482, 325.1758, -3.3025,  0, 0, 0
L 1136.4482, 325.1758, -3.3025,  1136.0143, 327.0227, -2.9412,  0, 0, 0
L 1136.0143, 327.0227, -2.9412,  1135.5925, 329.0140, -2.5516,  0, 0, 0
L 1135.5925, 329.0140, -2.5516,  1135.2253, 330.9687, -2.1692,  0, 0, 0
L 1135.2253, 330.9687, -2.1692,  1134.9100, 332.7921, -1.8125,  0, 0, 0
L 1134.9100, 332.7921, -1.8125,  1134.6110, 334.6185, -1.4552,  0, 0, 0
L 1134.6110, 334.6185, -1.4552,  1134.2098, 336.6597, -1.0559,  0, 0, 0
L 1134.2098, 336.6597, -1.0559,  1133.8391, 338.4711, -0.7014,  0, 0, 0
L 1133.8391, 338.4711, -0.7014,  1131.9659, 347.5685, 1.0804,  0, 0, 0
L 1131.9659, 347.5685, 1.0804,  1130.4407, 354.9088, 2.5178,  0, 0, 0
L 1130.4407, 354.9088, 2.5178,  1129.9174, 355.9842, 2.7261,  0, 0, 0
L 1129.9174, 355.9842, 2.7261,  1129.6572, 357.5014, 3.0149,  0, 0, 0
L 1129.6572, 357.5014, 3.0149,  1129.2424, 358.8537, 3.2792,  0, 0, 0
L 1129.2424, 358.8537, 3.2792,  1128.8649, 363.0898, 4.1071,  0, 0, 0
L 1128.8649, 363.0898, 4.1071,  1128.6761, 364.4588, 4.3740,  0, 0, 0
L 1128.6761, 364.4588, 4.3740,  1128.3252, 367.0057, 4.8689,  0, 0, 0
L 1128.3252, 367.0057, 4.8689,  1128.1444, 368.3162, 5.1241,  0, 0, 0
L 1128.1444, 368.3162, 5.1241,  1127.7700, 371.0311, 5.6549,  0, 0, 0
L 1127.7700, 371.0311, 5.6549,  1127.5808, 372.4041, 5.9234,  0, 0, 0
L 1127.5808, 372.4041, 5.9234,  1127.2144, 375.0636, 6.4433,  0, 0, 0
L 1127.2144, 375.0636, 6.4433,  1127.0325, 376.3828, 6.7013,  0, 0, 0
L 1127.0325, 376.3828, 6.7013,  1126.6675, 379.0313, 7.2191,  0, 0, 0
L 1126.6675, 379.0313, 7.2191,  1126.4537, 380.5795, 7.5218,  0, 0, 0
L 1126.4537, 380.5795, 7.5218,  1126.0817, 383.2804, 8.0499,  0, 0, 0
L 1126.0817, 383.2804, 8.0499,  1125.9047, 384.5650, 8.3011,  0, 0, 0
L 1125.9047, 384.5650, 8.3011,  1125.5443, 387.1792, 8.8122,  0, 0, 0
L 1125.5443, 387.1792, 8.8122,  1125.3549, 388.5529, 9.0808,  0, 0, 0
L 1125.3549, 388.5529, 9.0808,  1124.9822, 391.2561, 9.6093,  0, 0, 0
L 1124.9822, 391.2561, 9.6093,  1124.7867, 392.6743, 9.8866,  0, 0, 0
L 1124.7867, 392.6743, 9.8866,  1124.4081, 395.4220, 10.4238,  0, 0, 0
L 1124.4081, 395.4220, 10.4238,  1124.2188, 396.7958, 10.6924,  0, 0, 0
L 1124.2188, 396.7958, 10.6924,  1123.8398, 399.5435, 11.2296,  0, 0, 0
L 1123.8398, 399.5435, 11.2296,  1123.6198, 401.1389, 11.5416,  0, 0, 0
L 1123.6198, 401.1389, 11.5416,  1123.1736, 404.3742, 12.1741,  0, 0, 0
L 1123.1736, 404.3742, 12.1741,  1122.9537, 405.9697, 12.4861,  0, 0, 0
L 1122.9537, 405.9697, 12.4861,  1122.5193, 409.1162, 13.1013,  0, 0, 0
L 1122.5193, 409.1162, 13.1013,  1122.3051, 410.6673, 13.4045,  0, 0, 0
L 1122.3051, 410.6673, 13.4045,  1121.8519, 413.9487, 14.0461,  0, 0, 0
L 1121.8519, 413.9487, 14.0461,  1121.6124, 415.6824, 14.3851,  0, 0, 0
L 1121.6124, 415.6824, 14.3851,  1121.1445, 419.0708, 15.0476,  0, 0, 0
L 1121.1445, 419.0708, 15.0476,  1120.9226, 420.6784, 15.3619,  0, 0, 0
L 1120.9226, 420.6784, 15.3619,  1120.4597, 424.0300, 16.0010,  0, 0, 0
L 1120.4597, 424.0300, 16.0010,  1120.2128, 425.8182, 16.0010,  0, 0, 0
L 1120.2128, 425.8182, 16.0010,  1119.7935, 428.8587, 16.0010,  0, 0, 0
L 1119.7935, 428.8587, 16.0010,  1119.5774, 430.4238, 16.0010,  0, 0, 0
L 1119.5774, 430.4238, 16.0010,  1119.1577, 433.4648, 16.0010,  0, 0, 0
L 1119.1577, 433.4648, 16.0010,  1118.9479, 434.9853, 16.0010,  0, 0, 0
L 1118.9479, 434.9853, 16.0010,  1118.5219, 438.0710, 16.0010,  0, 0, 0
L 1118.5219, 438.0710, 16.0010,  1118.3182, 439.5468, 16.0010,  0, 0, 0
L 1118.3182, 439.5468, 16.0010,  1117.9047, 442.5432, 16.0010,  0, 0, 0
L 1117.9047, 442.5432, 16.0010,  1117.6886, 444.1085, 16.0010,  0, 0, 0
L 1117.6886, 444.1085, 16.0010,  1117.2751, 447.1048, 16.0010,  0, 0, 0
L 1117.2751, 447.1048, 16.0010,  1117.0714, 448.5807, 16.0010,  0, 0, 0
L 1117.0714, 448.5807, 16.0010,  1116.6580, 451.5770, 16.0010,  0, 0, 0
L 1116.6580, 451.5770, 16.0010,  1116.4541, 453.0529, 16.0010,  0, 0, 0
L 1116.4541, 453.0529, 16.0010,  1116.0466, 456.0045, 16.0010,  0, 0, 0
L 1116.0466, 456.0045, 16.0010,  1115.8555, 457.3909, 16.0010,  0, 0, 0
L 1115.8555, 457.3909, 16.0010,  1115.4604, 460.2531, 16.0010,  0, 0, 0
L 1115.4604, 460.2531, 16.0010,  1115.2566, 461.7289, 16.0010,  0, 0, 0
L 1115.2566, 461.7289, 16.0010,  1114.8268, 464.8427, 16.0010,  0, 0, 0
L 1114.8268, 464.8427, 16.0010,  1114.6302, 466.2682, 16.0010,  0, 0, 0
L 1114.6302, 466.2682, 16.0010,  1114.2898, 468.7365, 16.0010,  0, 0, 0
L 1114.2898, 468.7365, 16.0010,  1114.0968, 470.1331, 16.0010,  0, 0, 0
L 1114.0968, 470.1331, 16.0010,  1114.4347, 476.3153, 16.0010,  0, 0, 0
L 1114.4347, 476.3153, 16.0010,  1114.6049, 477.5484, 16.0010,  0, 0, 0
L 1114.6049, 477.5484, 16.0010,  1115.0950, 481.1017, 16.0010,  0, 0, 0
L 1115.0950, 481.1017, 16.0010,  1115.2756, 482.4114, 16.0010,  0, 0, 0
L 1115.2756, 482.4114, 16.0010,  1115.7617, 485.9352, 16.0010,  0, 0, 0
L 1115.7617, 485.9352, 16.0010,  1115.9294, 487.1514, 16.0010,  0, 0, 0
L 1115.9294, 487.1514, 16.0010,  1116.4293, 490.7756, 16.0010,  0, 0, 0
L 1116.4293, 490.7756, 16.0010,  1116.5867, 491.9149, 16.0010,  0, 0, 0
L 1116.5867, 491.9149, 16.0010,  1116.9319, 494.4187, 16.0010,  0, 0, 0
L 1116.9319, 494.4187, 16.0010,  1117.1024, 495.6559, 16.0010,  0, 0, 0
L 1117.1024, 495.6559, 16.0010,  1117.5985, 499.2512, 16.0010,  0, 0, 0
L 1117.5985, 499.2512, 16.0010,  1117.7643, 500.4537, 16.0010,  0, 0, 0
L 1117.7643, 500.4537, 16.0010,  1118.0964, 502.8613, 16.0010,  0, 0, 0
L 1118.0964, 502.8613, 16.0010,  1118.2748, 504.1552, 16.0010,  0, 0, 0
L 1118.2748, 504.1552, 16.0010,  1118.7734, 507.7700, 16.0010,  0, 0, 0
L 1118.7734, 507.7700, 16.0010,  1118.9396, 508.9751, 16.0010,  0, 0, 0
L 1118.9396, 508.9751, 16.0010,  1119.4384, 512.5905, 16.0010,  0, 0, 0
L 1119.4384, 512.5905, 16.0010,  1119.6045, 513.7957, 16.0010,  0, 0, 0
L 1119.6045, 513.7957, 16.0010,  1119.9678, 516.4291, 16.0010,  0, 0, 0
L 1119.9678, 516.4291, 16.0010,  1120.1462, 517.7236, 16.0010,  0, 0, 0
L 1120.1462, 517.7236, 16.0010,  1120.4850, 520.1785, 16.0010,  0, 0, 0
L 1120.4850, 520.1785, 16.0010,  1120.6511, 521.3837, 16.0010,  0, 0, 0
L 1120.6511, 521.3837, 16.0010,  1121.0022, 523.9293, 16.0010,  0, 0, 0
L 1121.0022, 523.9293, 16.0010,  1121.1749, 525.1812, 16.0010,  0, 0, 0
L 1121.1749, 525.1812, 16.0010,  1121.5143, 527.6417, 16.0010,  0, 0, 0
L 1121.5143, 527.6417, 16.0010,  1121.6871, 528.8947, 16.0010,  0, 0, 0
L 1121.6871, 528.8947, 16.0010,  1122.0262, 531.3528, 16.0010,  0, 0, 0
L 1122.0262, 531.3528, 16.0010,  1122.1986, 532.6035, 16.0010,  0, 0, 0
L 1122.1986, 532.6035, 16.0010,  1122.0372, 535.0142, 16.0010,  0, 0, 0
L 1122.0372, 535.0142, 16.0010,  1121.3497, 536.2542, 16.0010,  0, 0, 0
L 1121.3497, 536.2542, 16.0010,  1121.1489, 537.8312, 16.0769,  0, 0, 0
L 1121.1489, 537.8312, 16.0769,  1121.3871, 546.5095, 20.0853,  0, 0, 0
L 1121.3871, 546.5095, 20.0853,  1122.0376, 547.5209, 20.9876,  0, 0, 0
L 1122.0376, 547.5209, 20.9876,  1124.7550, 551.7809, 20.6872,  0, 0, 0
L 1124.7550, 551.7809, 20.6872,  1123.2838, 552.5723, 16.8677,  0, 0, 0
L 1123.2838, 552.5723, 16.8677,  1121.7117, 552.8990, 16.0698,  0, 0, 0
L 1121.7117, 552.8990, 16.0698,  1119.2178, 553.4964, 16.0678,  0, 0, 0
L 1119.2178, 553.4964, 16.0678,  1118.2013, 554.0331, 16.1640,  0, 0, 0
L 1118.2013, 554.0331, 16.1640,  1116.1926, 555.2643, 16.1878,  0, 0, 0
L 1116.1926, 555.2643, 16.1878,  1115.2573, 556.2519, 16.0774,  0, 0, 0
L 1115.2573, 556.2519, 16.0774,  1113.0385, 558.3778, 16.0760,  0, 0, 0
L 1113.0385, 558.3778, 16.0760,  1112.0455, 559.4228, 16.1201,  0, 0, 0
L 1112.0455, 559.4228, 16.1201,  1110.9872, 560.8140, 16.2260,  0, 0, 0
L 1110.9872, 560.8140, 16.2260,  1110.2219, 562.5510, 18.4240,  0, 0, 0
L 1110.2219, 562.5510, 18.4240,  1109.9777, 563.4642, 19.4379,  0, 0, 0
L 1109.9777, 563.4642, 19.4379,  1110.7582, 565.1167, 19.8019,  0, 0, 0
L 1110.7582, 565.1167, 19.8019,  1111.4648, 566.5597, 19.8019,  0, 0, 0
L 1111.4648, 566.5597, 19.8019,  1112.1666, 568.1600, 19.6704,  0, 0, 0
L 1112.1666, 568.1600, 19.6704,  1112.7050, 569.9926, 19.3910,  0, 0, 0
L 1112.7050, 569.9926, 19.3910,  1113.0208, 571.5084, 18.9839,  0, 0, 0
L 1113.0208, 571.5084, 18.9839,  1113.2760, 573.0890, 18.3751,  0, 0, 0
L 1113.2760, 573.0890, 18.3751,  1113.5359, 574.6985, 17.5498,  0, 0, 0
L 1113.5359, 574.6985, 17.5498,  1113.8986, 576.2485, 16.5614,  0, 0, 0
L 1113.8986, 576.2485, 16.5614,  1114.4768, 577.8703, 16.0010,  0, 0, 0
L 1114.4768, 577.8703, 16.0010,  1115.0970, 579.2345, 16.0010,  0, 0, 0
L 1115.0970, 579.2345, 16.0010,  1115.7759, 580.5269, 16.0010,  0, 0, 0
L 1115.7759, 580.5269, 16.0010,  1116.5714, 581.8072, 16.0010,  0, 0, 0
L 1116.5714, 581.8072, 16.0010,  1117.3107, 582.8542, 16.0010,  0, 0, 0
L 1117.3107, 582.8542, 16.0010,  1118.0667, 583.8363, 16.0010,  0, 0, 0
L 1118.0667, 583.8363, 16.0010,  1118.9167, 584.8644, 16.0010,  0, 0, 0
L 1118.9167, 584.8644, 16.0010,  1119.7043, 585.7675, 16.0010,  0, 0, 0
L 1119.7043, 585.7675, 16.0010,  1120.5781, 586.7189, 16.0010,  0, 0, 0
L 1120.5781, 586.7189, 16.0010,  1121.4442, 587.6155, 16.0010,  0, 0, 0
L 1121.4442, 587.6155, 16.0010,  1122.2998, 588.4583, 16.0010,  0, 0, 0
L 1122.2998, 588.4583, 16.0010,  1123.2174, 589.3026, 16.0010,  0, 0, 0
L 1123.2174, 589.3026, 16.0010,  1124.1807, 590.0906, 16.0010,  0, 0, 0
L 1124.1807, 590.0906, 16.0010,  1125.1960, 590.8041, 16.0010,  0, 0, 0
L 1125.1960, 590.8041, 16.0010,  1126.2128, 591.4315, 16.0010,  0, 0, 0
L 1126.2128, 591.4315, 16.0010,  1132.2899, 594.9715, 16.0010,  0, 0, 0
L 1132.2899, 594.9715, 16.0010,  1132.6295, 595.9166, 16.0010,  0, 0, 0
L 1132.6295, 595.9166, 16.0010,  1142.6996, 623.8713, 16.0010,  0, 0, 0
L 1142.6996, 623.8713, 16.0010,  1152.7455, 651.7846, 16.0010,  0, 0, 0
L 1152.7455, 651.7846, 16.0010,  1164.8367, 685.3842, 16.0010,  0, 0, 0
L 1164.8367, 685.3842, 16.0010,  1165.2675, 686.6035, 16.0010,  0, 0, 0
L 1165.2675, 686.6035, 16.0010,  1165.6738, 688.1138, 16.0010,  0, 0, 0
L 1165.6738, 688.1138, 16.0010,  1165.3859, 689.0901, 16.0010,  0, 0, 0
L 1165.3859, 689.0901, 16.0010,  1164.9926, 690.1818, 16.0010,  0, 0, 0
L 1164.9926, 690.1818, 16.0010,  1140.9166, 757.0598, 16.4521,  0, 0, 0
L 1140.9166, 757.0598, 16.4521,  1139.2074, 756.8464, 17.5934,  0, 0, 0
L 1139.2074, 756.8464, 17.5934,  1138.0929, 756.6007, 17.9855,  0, 0, 0
L 1138.0929, 756.6007, 17.9855,  1135.6652, 756.0417, 21.8107,  0, 0, 0
L 1135.6652, 756.0417, 21.8107,  1129.8958, 756.6609, 25.3331,  0, 0, 0
L 1129.8958, 756.6609, 25.3331,  1128.4640, 758.3383, 27.6056,  0, 0, 0
L 1128.4640, 758.3383, 27.6056,  1127.1053, 760.6736, 28.0871,  0, 0, 0
L 1127.1053, 760.6736, 28.0871,  1125.4424, 763.5378, 28.2668,  0, 0, 0
L 1125.4424, 763.5378, 28.2668,  1126.1058, 764.8168, 29.0414,  0, 0, 0
L 1126.1058, 764.8168, 29.0414,  1133.5498, 779.1652, 32.1262,  0, 0, 0
L 1133.5498, 779.1652, 32.1262,  1134.0302, 780.4163, 31.9300,  0, 0, 0
L 1134.0302, 780.4163, 31.9300,  1133.5436, 783.8629, 31.4971,  0, 0, 0
L 1133.5436, 783.8629, 31.4971,  1133.4048, 785.0021, 31.4842,  0, 0, 0
L 1133.4048, 785.0021, 31.4842,  1133.8782, 797.3542, 29.7398,  0, 0, 0
L 1133.8782, 797.3542, 29.7398,  1133.9735, 798.5333, 29.4606,  0, 0, 0
L 1133.9735, 798.5333, 29.4606,  1134.0933, 800.6491, 28.6501,  0, 0, 0
L 1134.0933, 800.6491, 28.6501,  1134.6918, 801.6453, 27.9878,  0, 0, 0
L 1134.6918, 801.6453, 27.9878,  1135.0900, 802.7574, 27.1916,  0, 0, 0
L 1135.0900, 802.7574, 27.1916,  1140.0809, 816.6339, 18.1212,  0, 0, 0
L 1140.0809, 816.6339, 18.1212,  1150.1019, 844.4496, 16.0011,  0, 0, 0
L 1150.1019, 844.4496, 16.0011,  1160.0903, 872.1979, 16.0010,  0, 0, 0
L 1160.0903, 872.1979, 16.0010,  1165.7789, 888.0009, 16.0010,  0, 0, 0
L 1165.7789, 888.0009, 16.0010,  1165.2120, 889.5719, 16.0010,  0, 0, 0
L 1165.2120, 889.5719, 16.0010,  1155.3722, 916.8900, 16.0010,  0, 0, 0
L 1155.3722, 916.8900, 16.0010,  1145.2303, 945.0565, 16.0012,  0, 0, 0
L 1145.2303, 945.0565, 16.0012,  1135.1158, 973.1964, 19.8583,  0, 0, 0
L 1135.1158, 973.1964, 19.8583,  1132.0800, 981.7837, 21.7798,  0, 0, 0
L 1132.0800, 981.7837, 21.7798,  1132.2377, 983.0904, 24.5128,  0, 0, 0
L 1132.2377, 983.0904, 24.5128,  1131.7650, 988.9642, 26.0593,  0, 0, 0
L 1131.7650, 988.9642, 26.0593,  1131.3169, 990.2337, 26.0018,  0, 0, 0
L 1131.3169, 990.2337, 26.0018,  1130.8202, 991.5532, 25.7583,  0, 0, 0
L 1130.8202, 991.5532, 25.7583,  1130.3373, 992.7643, 25.3703,  0, 0, 0
L 1130.3373, 992.7643, 25.3703,  1129.8889, 993.8462, 24.9220,  0, 0, 0
L 1129.8889, 993.8462, 24.9220,  1129.5338, 994.8687, 24.9101,  0, 0, 0
L 1129.5338, 994.8687, 24.9101,  1129.1487, 995.9158, 24.7703,  0, 0, 0
L 1129.1487, 995.9158, 24.7703,  1128.7460, 996.9530, 24.5040,  0, 0, 0
L 1128.7460, 996.9530, 24.5040,  1128.3252, 997.9816, 24.1121,  0, 0, 0
L 1128.3252, 997.9816, 24.1121,  1127.9773, 1001.5406, 21.8960,  0, 0, 0
L 1127.9773, 1001.5406, 21.8960,  1127.8137, 1002.7174, 20.9244,  0, 0, 0
L 1127.8137, 1002.7174, 20.9244,  1127.3406, 1006.1098, 17.3783,  0, 0, 0
L 1127.3406, 1006.1098, 17.3783,  1127.0726, 1008.0604, 16.0010,  0, 0, 0
L 1127.0726, 1008.0604, 16.0010,  1126.6938, 1010.8079, 16.0010,  0, 0, 0
L 1126.6938, 1010.8079, 16.0010,  1126.4430, 1012.6261, 16.0010,  0, 0, 0
L 1126.4430, 1012.6261, 16.0010,  1126.0571, 1015.4232, 16.0010,  0, 0, 0
L 1126.0571, 1015.4232, 16.0010,  1125.8019, 1017.2739, 16.0010,  0, 0, 0
L 1125.8019, 1017.2739, 16.0010,  1125.4269, 1019.9926, 16.0010,  0, 0, 0
L 1125.4269, 1019.9926, 16.0010,  1125.1770, 1021.8051, 16.0010,  0, 0, 0
L 1125.1770, 1021.8051, 16.0010,  1124.7911, 1024.6021, 16.0010,  0, 0, 0
L 1124.7911, 1024.6021, 16.0010,  1124.5282, 1026.5082, 16.0010,  0, 0, 0
L 1124.5282, 1026.5082, 16.0010,  1124.1415, 1029.3113, 16.0010,  0, 0, 0
L 1124.1415, 1029.3113, 16.0010,  1123.8788, 1031.2169, 16.0010,  0, 0, 0
L 1123.8788, 1031.2169, 16.0010,  1123.4667, 1034.2029, 16.0010,  0, 0, 0
L 1123.4667, 1034.2029, 16.0010,  1123.3297, 1035.1960, 16.0010,  0, 0, 0
L 1123.3297, 1035.1960, 16.0010,  1122.9275, 1038.1128, 16.0010,  0, 0, 0
L 1122.9275, 1038.1128, 16.0010,  1122.6565, 1040.0765, 16.0010,  0, 0, 0
L 1122.6565, 1040.0765, 16.0010,  1122.2639, 1042.9242, 16.0010,  0, 0, 0
L 1122.2639, 1042.9242, 16.0010,  1122.1255, 1043.9270, 16.0010,  0, 0, 0
L 1122.1255, 1043.9270, 16.0010,  1121.6884, 1047.0966, 16.0010,  0, 0, 0
L 1121.6884, 1047.0966, 16.0010,  1121.4229, 1049.0225, 16.0010,  0, 0, 0
L 1121.4229, 1049.0225, 16.0010,  1121.0131, 1051.9915, 16.0010,  0, 0, 0
L 1121.0131, 1051.9915, 16.0010,  1120.7467, 1053.9227, 16.0010,  0, 0, 0
L 1120.7467, 1053.9227, 16.0010,  1120.3193, 1057.0211, 16.0010,  0, 0, 0
L 1120.3193, 1057.0211, 16.0010,  1120.0466, 1058.9990, 16.0010,  0, 0, 0
L 1120.0466, 1058.9990, 16.0010,  1119.6302, 1062.0170, 16.0010,  0, 0, 0
L 1119.6302, 1062.0170, 16.0010,  1119.4991, 1062.9689, 16.0010,  0, 0, 0
L 1119.4991, 1062.9689, 16.0010,  1119.0879, 1065.9495, 16.0010,  0, 0, 0
L 1119.0879, 1065.9495, 16.0010,  1118.9508, 1066.9432, 16.0010,  0, 0, 0
L 1118.9508, 1066.9432, 16.0010,  1118.5282, 1070.0073, 16.0010,  0, 0, 0
L 1118.5282, 1070.0073, 16.0010,  1118.3969, 1070.9597, 16.0010,  0, 0, 0
L 1118.3969, 1070.9597, 16.0010,  1117.9799, 1073.9827, 16.0010,  0, 0, 0
L 1117.9799, 1073.9827, 16.0010,  1117.8485, 1074.9352, 16.0010,  0, 0, 0
L 1117.8485, 1074.9352, 16.0010,  1117.4258, 1077.9995, 16.0010,  0, 0, 0
L 1117.4258, 1077.9995, 16.0010,  1117.2944, 1078.9519, 16.0010,  0, 0, 0
L 1117.2944, 1078.9519, 16.0010,  1116.8774, 1081.9749, 16.0010,  0, 0, 0
L 1116.8774, 1081.9749, 16.0010,  1116.7461, 1082.9272, 16.0010,  0, 0, 0
L 1116.7461, 1082.9272, 16.0010,  1116.3291, 1085.9502, 16.0010,  0, 0, 0
L 1116.3291, 1085.9502, 16.0010,  1116.1749, 1087.0682, 16.0010,  0, 0, 0
L 1116.1749, 1087.0682, 16.0010,  1115.7523, 1090.1326, 16.0010,  0, 0, 0
L 1115.7523, 1090.1326, 16.0010,  1115.4839, 1092.0787, 16.0010,  0, 0, 0
L 1115.4839, 1092.0787, 16.0010,  1115.0784, 1095.0187, 16.0010,  0, 0, 0
L 1115.0784, 1095.0187, 16.0010,  1114.8157, 1096.9235, 16.0010,  0, 0, 0
L 1114.8157, 1096.9235, 16.0010,  1114.3696, 1100.1555, 16.0010,  0, 0, 0
L 1114.3696, 1100.1555, 16.0010,  1114.2139, 1101.2855, 16.0010,  0, 0, 0
L 1114.2139, 1101.2855, 16.0010,  1113.9026, 1103.5430, 16.0010,  0, 0, 0
L 1113.9026, 1103.5430, 16.0010,  1113.2117, 1104.4395, 16.0010,  0, 0, 0
L 1113.2117, 1104.4395, 16.0010,  1095.7220, 1127.1823, 16.0011,  0, 0, 0
L 1095.7220, 1127.1823, 16.0011,  1035.8689, 1204.9802, 16.0010,  0, 0, 0
L 1035.8689, 1204.9802, 16.0010,  1035.4562, 1205.9170, 16.1033,  0, 0, 0
L 1035.4562, 1205.9170, 16.1033,  1034.5786, 1207.5551, 16.1271,  0, 0, 0
L 1034.5786, 1207.5551, 16.1271,  1033.2463, 1209.9774, 16.1328,  0, 0, 0
L 1033.2463, 1209.9774, 16.1328,  1033.0535, 1211.0461, 16.0172,  0, 0, 0
L 1033.0535, 1211.0461, 16.0172,  1032.7813, 1212.1351, 16.0010,  0, 0, 0
L 1032.7813, 1212.1351, 16.0010,  1013.9408, 1287.4982, 16.0010,  0, 0, 0
L 1013.9408, 1287.4982, 16.0010,  1012.7490, 1289.0857, 16.0010,  0, 0, 0
L 1012.7490, 1289.0857, 16.0010,  995.1691, 1312.5309, 16.0010,  0, 0, 0
L 995.1691, 1312.5309, 16.0010,  956.0899, 1364.6312, 16.0010,  0, 0, 0
L 956.0899, 1364.6312, 16.0010,  955.3406, 1365.5529, 16.0010,  0, 0, 0
L 955.3406, 1365.5529, 16.0010,  954.4939, 1366.3750, 16.0010,  0, 0, 0
L 954.4939, 1366.3750, 16.0010,  952.5800, 1366.4932, 16.0010,  0, 0, 0
L 952.5800, 1366.4932, 16.0010,  951.1357, 1366.3066, 16.0010,  0, 0, 0
L 951.1357, 1366.3066, 16.0010,  932.1049, 1363.6813, 16.0010,  0, 0, 0
L 932.1049, 1363.6813, 16.0010,  839.4567, 1350.9023, 16.0010,  0, 0, 0
L 839.4567, 1350.9023, 16.0010,  836.6619, 1348.7479, 16.0010,  0, 0, 0
L 836.6619, 1348.7479, 16.0010,  738.3404, 1273.1180, 16.0010,  0, 0, 0
L 738.3404, 1273.1180, 16.0010,  737.1054, 1272.3342, 16.1256,  0, 0, 0
L 737.1054, 1272.3342, 16.1256,  732.8466, 1270.1775, 16.2966,  0, 0, 0
L 732.8466, 1270.1775, 16.2966,  731.4255, 1269.9211, 16.0010,  0, 0, 0
L 731.4255, 1269.9211, 16.0010,  723.2389, 1267.8741, 16.0010,  0, 0, 0
L 723.2389, 1267.8741, 16.0010,  655.5006, 1250.9399, 16.0010,  0, 0, 0
L 655.5006, 1250.9399, 16.0010,  654.0087, 1249.8187, 16.0010,  0, 0, 0
L 654.0087, 1249.8187, 16.0010,  576.5020, 1191.6232, 16.0010,  0, 0, 0
L 576.5020, 1191.6232, 16.0010,  574.8333, 1191.3214, 16.2020,  0, 0, 0
L 574.8333, 1191.3214, 16.2020,  572.4590, 1190.8119, 16.2820,  0, 0, 0
L 572.4590, 1190.8119, 16.2820,  556.3615, 1191.8259, 16.0012,  0, 0, 0
L 556.3615, 1191.8259, 16.0012,  538.1450, 1192.7806, 16.0012,  0, 0, 0
L 538.1450, 1192.7806, 16.0012,  498.1151, 1194.8977, 16.0010,  0, 0, 0
L 498.1151, 1194.8977, 16.0010,  496.7885, 1195.3672, 16.0010,  0, 0, 0
L 496.7885, 1195.3672, 16.0010,  487.6526, 1197.6528, 16.0010,  0, 0, 0
L 487.6526, 1197.6528, 16.0010,  420.2552, 1214.5001, 16.0010,  0, 0, 0
L 420.2552, 1214.5001, 16.0010,  417.2117, 1215.2937, 16.2114,  0, 0, 0
L 417.2117, 1215.2937, 16.2114,  415.7265, 1215.1221, 16.2068,  0, 0, 0
L 415.7265, 1215.1221, 16.2068,  414.3391, 1215.3806, 16.0238,  0, 0, 0
L 414.3391, 1215.3806, 16.0238,  406.4333, 1216.2917, 16.0010,  0, 0, 0
L 406.4333, 1216.2917, 16.0010,  311.8172, 1227.2775, 16.0010,  0, 0, 0
L 311.8172, 1227.2775, 16.0010,  302.4847, 1228.5620, 16.0010,  0, 0, 0
L 302.4847, 1228.5620, 16.0010,  198.5753, 1242.8191, 16.0010,  0, 0, 0
L 198.5753, 1242.8191, 16.0010,  197.3101, 1242.1926, 16.0933,  0, 0, 0
L 197.3101, 1242.1926, 16.0933,  196.0472, 1241.5603, 16.0831,  0, 0, 0
L 196.0472, 1241.5603, 16.0831,  194.7987, 1241.1528, 16.0010,  0, 0, 0
L 194.7987, 1241.1528, 16.0010,  186.5712, 1237.9891, 16.0010,  0, 0, 0
L 186.5712, 1237.9891, 16.0010,  95.6814, 1203.0302, 16.0010,  0, 0, 0
L 95.6814, 1203.0302, 16.0010,  94.8177, 1202.0201, 16.0010,  0, 0, 0
L 94.8177, 1202.0201, 16.0010,  75.7671, 1179.7908, 16.0010,  0, 0, 0
P 304.0533, -701.6641, -151.9990,  0, 0, 0,  2,  Impassive_sea_spirit
