L -579, -1498, 13, -610, -1464, 7, 0, 0, 0
L -610, -1464, 7, -640, -1473, 10, 0, 0, 0
L -640, -1473, 10, -648, -1464, 10, 0, 0, 0
L -648, -1464, 10, -656, -1468, 17, 0, 0, 0
L -641, -1474, 16, -661, -1480, 17, 0, 0, 0
L -661, -1480, 17, -661, -1481, 28, 0, 0, 0
L -683, -1458, 5, -672, -1462, 13, 0, 0, 0
L -672, -1462, 13, -674, -1476, 21, 0, 0, 0
L -674, -1476, 21, -697, -1483, 17, 0, 0, 0
L -697, -1483, 17, -675, -1527, 18, 0, 0, 0
L -582, -1497, 29, -600, -1512, 29, 0, 0, 0
L -600, -1512, 29, -649, -1524, 29, 0, 0, 0
L -649, -1524, 29, -677, -1522, 24, 0, 0, 0
L -677, -1522, 24, -687, -1507, 5, 0, 0, 0
L -687, -1507, 5, -705, -1491, 5, 0, 0, 0
L -705, -1491, 5, -727, -1464, 12, 0, 0, 0
L -727, -1464, 12, -724, -1452, 8, 0, 0, 0
L -724, -1452, 8, -720, -1421, 6, 0, 0, 0
L -720, -1421, 6, -716, -1405, 10, 0, 0, 0
L -716, -1405, 10, -688, -1382, 3, 0, 0, 0
L -688, -1382, 3, -669, -1376, 3, 0, 0, 0
L -669, -1376, 3, -665, -1362, 3, 0, 0, 0
L -665, -1362, 3, -656, -1360, 4, 0, 0, 0
L -656, -1360, 4, -652, -1360, 4, 0, 0, 0
L -635, -1359, 4, -622, -1361, 3, 0, 0, 0
L -622, -1361, 3, -627, -1372, 4, 0, 0, 0
L -627, -1372, 4, -616, -1382, 3, 0, 0, 0
L -616, -1382, 3, -601, -1385, 7, 0, 0, 0
L -601, -1385, 7, -556, -1413, 19, 0, 0, 0
L -556, -1413, 19, -568, -1430, 4, 0, 0, 0
L -568, -1430, 4, -570, -1441, 4, 0, 0, 0
L -570, -1441, 4, -571, -1470, 11, 0, 0, 0
L -571, -1470, 11, -579, -1484, 10, 0, 0, 0
L -579, -1484, 10, -579, -1498, 13, 0, 0, 0
L -625, -1388, 3, -616, -1392, 3, 0, 0, 0
L -616, -1392, 3, -615, -1399, 3, 0, 0, 0
L -615, -1399, 3, -611, -1403, 3, 0, 0, 0
L -611, -1403, 3, -614, -1415, 3, 0, 0, 0
L -614, -1415, 3, -612, -1424, 3, 0, 0, 0
L -612, -1424, 3, -618, -1427, 3, 0, 0, 0
L -618, -1427, 3, -625, -1424, 4, 0, 0, 0
L -625, -1424, 4, -621, -1414, 8, 0, 0, 0
L -621, -1414, 8, -627, -1412, 4, 0, 0, 0
L -627, -1412, 4, -631, -1391, 4, 0, 0, 0
L -631, -1391, 4, -627, -1389, 4, 0, 0, 0
L -652, -1392, 4, -649, -1397, 4, 0, 0, 0
L -649, -1397, 4, -655, -1404, 3, 0, 0, 0
L -655, -1404, 3, -661, -1411, 5, 0, 0, 0
L -661, -1411, 5, -659, -1411, 3, 0, 0, 0
L -659, -1411, 3, -655, -1422, 3, 0, 0, 0
L -655, -1422, 3, -657, -1424, 5, 0, 0, 0
L -657, -1424, 5, -655, -1428, 3, 0, 0, 0
L -655, -1428, 3, -655, -1435, 7, 0, 0, 0
L -655, -1435, 7, -664, -1438, 6, 0, 0, 0
L -664, -1438, 6, -669, -1433, 3, 0, 0, 0
L -669, -1433, 3, -668, -1427, 3, 0, 0, 0
L -668, -1427, 3, -674, -1422, 3, 0, 0, 0
L -674, -1422, 3, -670, -1411, 3, 0, 0, 0
L -670, -1411, 3, -671, -1402, 3, 0, 0, 0
L -671, -1402, 3, -664, -1397, 3, 0, 0, 0
L -664, -1397, 3, -662, -1391, 3, 0, 0, 0
L -662, -1391, 3, -655, -1390, 4, 0, 0, 0
L -655, -1390, 4, -651, -1393, 4, 0, 0, 0
L -652, -1360, 4, -652, -1345, 3, 0, 0, 0
L -652, -1345, 3, -655, -1342, 3, 0, 0, 0
L -655, -1342, 3, -655, -1300, 3, 0, 0, 0
L -655, -1300, 3, -648, -1300, 3, 0, 0, 0
L -648, -1300, 3, -648, -1286, 4, 0, 0, 0
L -648, -1286, 4, -665, -1284, 7, 0, 0, 0
L -665, -1284, 7, -682, -1284, 15, 0, 0, 0
L -682, -1284, 15, -689, -1278, 16, 0, 0, 0
L -689, -1278, 16, -685, -1271, 10, 0, 0, 0
L -685, -1271, 10, -686, -1256, 5, 0, 0, 0
L -686, -1256, 5, -712, -1237, 11, 0, 0, 0
L -712, -1237, 11, -718, -1228, 16, 0, 0, 0
L -718, -1228, 16, -734, -1224, 13, 0, 0, 0
L -734, -1224, 13, -766, -1203, 18, 0, 0, 0
L -766, -1203, 18, -769, -1164, 16, 0, 0, 0
L -769, -1164, 16, -736, -1140, 16, 0, 0, 0
L -736, -1140, 16, -718, -1140, 7, 0, 0, 0
L -718, -1140, 7, -697, -1106, 12, 0, 0, 0
L -697, -1106, 12, -693, -1106, 10, 0, 0, 0
L -693, -1106, 10, -681, -1081, 13, 0, 0, 0
L -681, -1081, 13, -675, -1082, 5, 0, 0, 0
L -675, -1082, 5, -648, -1080, 4, 0, 0, 0
L -648, -1080, 4, -648, -1067, 4, 0, 0, 0
L -648, -1067, 4, -688, -1066, 5, 0, 0, 0
L -688, -1066, 5, -689, -1048, 5, 0, 0, 0
L -689, -1048, 5, -700, -1036, 13, 0, 0, 0
L -700, -1036, 13, -719, -1008, 14, 0, 0, 0
L -719, -1008, 14, -731, -1007, 9, 0, 0, 0
L -731, -1007, 9, -739, -1004, 10, 0, 0, 0
L -739, -1004, 10, -771, -981, 16, 0, 0, 0
L -771, -981, 16, -771, -947, 17, 0, 0, 0
L -771, -947, 17, -748, -935, 26, 0, 0, 0
L -748, -935, 26, -728, -921, 16, 0, 0, 0
L -728, -921, 16, -716, -919, 5, 0, 0, 0
L -716, -919, 5, -699, -900, 11, 0, 0, 0
L -699, -900, 11, -695, -883, 11, 0, 0, 0
L -695, -883, 11, -690, -876, 13, 0, 0, 0
L -690, -876, 13, -689, -862, 20, 0, 0, 0
L -689, -862, 20, -670, -862, 12, 0, 0, 0
L -670, -862, 12, -658, -866, 15, 0, 0, 0
L -658, -866, 15, -621, -862, 3, 0, 0, 0
L -621, -862, 3, -602, -863, 3, 0, 0, 0
L -602, -863, 3, -605, -883, 13, 0, 0, 0
L -605, -883, 13, -606, -891, 14, 0, 0, 0
L -606, -891, 14, -632, -915, 7, 0, 0, 0
L -632, -915, 7, -631, -945, 16, 0, 0, 0
L -631, -945, 16, -635, -955, 3, 0, 0, 0
L -635, -955, 3, -621, -955, 3, 0, 0, 0
L -621, -955, 3, -620, -952, 3, 0, 0, 0
L -620, -952, 3, -606, -952, 3, 0, 0, 0
L -606, -952, 3, -606, -959, 3, 0, 0, 0
L -606, -959, 3, -592, -959, 3, 0, 0, 0
L -592, -959, 3, -592, -952, 3, 0, 0, 0
L -592, -952, 3, -561, -952, 3, 0, 0, 0
L -561, -952, 3, -528, -919, 5, 0, 0, 0
L -528, -919, 5, -505, -881, 16, 0, 0, 0
L -505, -881, 16, -505, -846, 4, 0, 0, 0
L -505, -846, 4, -498, -846, 4, 0, 0, 0
L -498, -846, 4, -498, -832, 3, 0, 0, 0
L -498, -832, 3, -505, -832, 3, 0, 0, 0
L -505, -832, 3, -505, -785, 3, 0, 0, 0
L -505, -785, 3, -502, -785, 3, 0, 0, 0
L -502, -785, 3, -502, -772, 3, 0, 0, 0
L -502, -772, 3, -510, -772, 3, 0, 0, 0
L -510, -772, 3, -526, -777, 3, 0, 0, 0
L -526, -777, 3, -565, -777, 3, 0, 0, 0
L -565, -777, 3, -593, -709, 3, 0, 0, 0
L -593, -709, 3, -592, -709, 3, 0, 0, 0
L -592, -709, 3, -590, -697, 3, 0, 0, 0
L -590, -697, 3, -604, -697, 3, 0, 0, 0
L -604, -697, 3, -604, -700, 3, 0, 0, 0
L -604, -700, 3, -650, -700, 3, 0, 0, 0
L -650, -700, 3, -650, -693, 3, 0, 0, 0
L -650, -693, 3, -694, -697, 3, 0, 0, 0
L -694, -697, 3, -693, -709, 4, 0, 0, 0
L -693, -709, 4, -689, -724, 12, 0, 0, 0
L -689, -724, 12, -689, -742, 17, 0, 0, 0
L -689, -742, 17, -679, -748, 4, 0, 0, 0
L -679, -748, 4, -660, -764, 16, 0, 0, 0
L -660, -764, 16, -660, -790, 17, 0, 0, 0
L -660, -790, 17, -709, -787, 14, 0, 0, 0
L -709, -787, 14, -722, -790, 10, 0, 0, 0
L -722, -790, 10, -747, -790, 16, 0, 0, 0
L -747, -790, 16, -748, -775, 13, 0, 0, 0
L -748, -775, 13, -777, -731, 7, 0, 0, 0
L -777, -731, 7, -795, -730, 12, 0, 0, 0
L -795, -730, 12, -826, -707, 16, 0, 0, 0
L -826, -707, 16, -828, -670, 15, 0, 0, 0
L -828, -670, 15, -793, -645, 12, 0, 0, 0
L -793, -645, 12, -778, -645, 8, 0, 0, 0
L -778, -645, 8, -749, -601, 13, 0, 0, 0
L -749, -601, 13, -747, -586, 19, 0, 0, 0
L -747, -586, 19, -706, -585, 4, 0, 0, 0
L -706, -585, 4, -706, -571, 3, 0, 0, 0
L -706, -571, 3, -714, -571, 5, 0, 0, 0
L -714, -571, 5, -724, -570, 11, 0, 0, 0
L -724, -570, 11, -724, -501, 10, 0, 0, 0
L -724, -501, 10, -717, -501, 5, 0, 0, 0
L -717, -501, 5, -714, -465, 15, 0, 0, 0
L -714, -465, 15, -659, -465, 6, 0, 0, 0
L -659, -465, 6, -656, -456, 7, 0, 0, 0
L -656, -456, 7, -638, -456, 3, 0, 0, 0
L -638, -456, 3, -640, -446, 3, 0, 0, 0
L -640, -446, 3, -640, -410, 3, 0, 0, 0
L -640, -410, 3, -623, -409, 3, 0, 0, 0
L -623, -409, 3, -623, -396, 3, 0, 0, 0
L -623, -396, 3, -630, -396, 3, 0, 0, 0
L -630, -396, 3, -629, -349, 5, 0, 0, 0
L -629, -349, 5, -627, -349, 3, 0, 0, 0
L -627, -349, 3, -626, -336, 3, 0, 0, 0
L -626, -336, 3, -639, -335, 3, 0, 0, 0
L -639, -335, 3, -662, -317, 3, 0, 0, 0
L -662, -317, 3, -659, -314, 3, 0, 0, 0
L -659, -314, 3, -654, -312, 3, 0, 0, 0
L -654, -312, 3, -655, -305, 3, 0, 0, 0
L -655, -305, 3, -663, -296, 3, 0, 0, 0
L -663, -296, 3, -645, -295, 3, 0, 0, 0
L -645, -295, 3, -645, -290, 3, 0, 0, 0
L -645, -290, 3, -663, -290, 3, 0, 0, 0
L -663, -290, 3, -662, -273, 3, 0, 0, 0
L -662, -273, 3, -633, -254, 3, 0, 0, 0
L -633, -254, 3, -622, -254, 3, 0, 0, 0
L -622, -254, 3, -623, -241, 3, 0, 0, 0
L -623, -241, 3, -657, -240, 4, 0, 0, 0
L -657, -240, 4, -671, -220, 7, 0, 0, 0
L -671, -220, 7, -671, -166, 4, 0, 0, 0
L -671, -166, 4, -664, -166, 3, 0, 0, 0
L -664, -166, 3, -663, -152, 5, 0, 0, 0
L -663, -152, 5, -671, -152, 5, 0, 0, 0
L -671, -152, 5, -671, -85, 36, 0, 0, 0
L -671, -85, 36, -652, -79, 42, 0, 0, 0
L -652, -79, 42, -646, -88, 39, 0, 0, 0
L -646, -88, 39, -646, -106, 29, 0, 0, 0
L -646, -106, 29, -646, -152, 5, 0, 0, 0
L -646, -152, 5, -653, -152, 5, 0, 0, 0
L -653, -152, 5, -653, -166, 3, 0, 0, 0
L -653, -166, 3, -646, -166, 3, 0, 0, 0
L -646, -166, 3, -626, -187, 7, 0, 0, 0
L -626, -187, 7, -594, -186, 17, 0, 0, 0
L -594, -186, 17, -593, -174, 4, 0, 0, 0
L -593, -174, 4, -587, -166, 3, 0, 0, 0
L -587, -166, 3, -580, -166, 3, 0, 0, 0
L -580, -166, 3, -581, -152, 3, 0, 0, 0
L -581, -152, 3, -587, -152, 3, 0, 0, 0
L -587, -152, 3, -587, -106, 3, 0, 0, 0
L -587, -106, 3, -584, -106, 3, 0, 0, 0
L -584, -106, 3, -587, -58, 11, 0, 0, 0
L -587, -58, 11, -587, -31, 14, 0, 0, 0
L -587, -31, 14, -574, -34, 10, 0, 0, 0
L -574, -34, 10, -566, -22, 13, 0, 0, 0
L -566, -22, 13, -579, -5, 12, 0, 0, 0
L -579, -5, 12, -559, 33, 15, 0, 0, 0
L -559, 33, 15, -554, 44, 19, 0, 0, 0
L -554, 44, 19, -545, 34, 19, 0, 0, 0
L -545, 34, 19, -534, 42, 19, 0, 0, 0
L -534, 42, 19, -527, 28, 3, 0, 0, 0
L -527, 28, 3, -515, 39, 3, 0, 0, 0
L -515, 39, 3, -493, 29, 3, 0, 0, 0
L -493, 29, 3, -491, 13, 6, 0, 0, 0
L -491, 13, 6, -478, 13, 3, 0, 0, 0
L -478, 13, 3, -478, 16, 3, 0, 0, 0
L -478, 16, 3, -431, 16, 3, 0, 0, 0
L -431, 16, 3, -431, 9, 3, 0, 0, 0
L -431, 9, 3, -417, 9, 3, 0, 0, 0
L -417, 9, 3, -417, 22, 3, 0, 0, 0
L -417, 22, 3, -400, 48, 3, 0, 0, 0
L -400, 48, 3, -381, 50, 8, 0, 0, 0
L -381, 50, 8, -381, 41, 23, 0, 0, 0
L -381, 41, 23, -381, 32, 7, 0, 0, 0
L -381, 32, 7, -377, 32, 8, 0, 0, 0
L -377, 32, 8, -377, 39, 23, 0, 0, 0
L -377, 39, 23, -362, 50, 3, 0, 0, 0
L -362, 50, 3, -349, 38, 8, 0, 0, 0
L -349, 38, 8, -336, 23, 3, 0, 0, 0
L -336, 23, 3, -336, 13, 3, 0, 0, 0
L -336, 13, 3, -323, 13, 3, 0, 0, 0
L -323, 13, 3, -323, 16, 3, 0, 0, 0
L -323, 16, 3, -276, 16, 3, 0, 0, 0
L -276, 16, 3, -276, 9, 3, 0, 0, 0
L -276, 9, 3, -262, 9, 3, 0, 0, 0
L -262, 9, 3, -261, 68, 16, 0, 0, 0
L -261, 68, 16, -203, 69, 3, 0, 0, 0
L -203, 69, 3, -202, 82, 1, 0, 0, 0
L -202, 82, 1, -209, 82, 1, 0, 0, 0
L -209, 82, 1, -209, 192, -41, 0, 0, 0
L -209, 192, -41, -202, 192, -41, 0, 0, 0
L -202, 192, -41, -202, 205, -45, 0, 0, 0
L -202, 205, -45, -209, 205, -45, 0, 0, 0
L -209, 205, -45, -209, 232, -47, 0, 0, 0
L -209, 232, -47, -209, 315, -88, 0, 0, 0
L -209, 315, -88, -202, 315, -88, 0, 0, 0
L -202, 315, -88, -202, 328, -90, 0, 0, 0
L -202, 328, -90, -236, 329, -79, 0, 0, 0
L -236, 329, -79, -251, 353, -78, 0, 0, 0
L -251, 353, -78, -251, 403, -90, 0, 0, 0
L -251, 403, -90, -244, 403, -90, 0, 0, 0
L -244, 403, -90, -244, 417, -90, 0, 0, 0
L -244, 417, -90, -251, 417, -90, 0, 0, 0
L -251, 417, -90, -249, 463, -89, 0, 0, 0
L -249, 463, -89, -248, 463, -90, 0, 0, 0
L -248, 463, -90, -248, 477, -90, 0, 0, 0
L -248, 477, -90, -260, 475, -88, 0, 0, 0
L -260, 475, -88, -259, 472, -86, 0, 0, 0
L -259, 472, -86, -303, 472, -80, 0, 0, 0
L -303, 472, -80, -309, 478, -84, 0, 0, 0
L -309, 478, -84, -307, 510, -84, 0, 0, 0
L -307, 510, -84, -305, 542, -91, 0, 0, 0
L -305, 542, -91, -306, 560, -105, 0, 0, 0
L -306, 560, -105, -323, 602, -100, 0, 0, 0
L -323, 602, -100, -253, 618, -110, 0, 0, 0
L -253, 618, -110, -233, 619, -123, 0, 0, 0
L -233, 619, -123, -216, 599, -121, 0, 0, 0
L -216, 599, -121, -198, 576, -108, 0, 0, 0
L -198, 576, -108, -201, 552, -102, 0, 0, 0
L -201, 552, -102, -216, 475, -85, 0, 0, 0
L -216, 475, -85, -229, 477, -90, 0, 0, 0
L -229, 477, -90, -229, 463, -90, 0, 0, 0
L -229, 463, -90, -226, 463, -88, 0, 0, 0
L -226, 463, -88, -226, 417, -90, 0, 0, 0
L -226, 417, -90, -233, 417, -90, 0, 0, 0
L -233, 417, -90, -233, 403, -90, 0, 0, 0
L -233, 403, -90, -148, 402, -78, 0, 0, 0
L -148, 402, -78, -131, 402, -76, 0, 0, 0
L -131, 402, -76, -132, 391, -82, 0, 0, 0
L -132, 391, -82, -142, 370, -90, 0, 0, 0
L -142, 370, -90, -143, 348, -89, 0, 0, 0
L -143, 348, -89, -159, 329, -82, 0, 0, 0
L -159, 329, -82, -192, 328, -89, 0, 0, 0
L -192, 328, -89, -192, 315, -85, 0, 0, 0
L -192, 315, -85, -185, 316, -81, 0, 0, 0
L -185, 316, -81, -185, 205, -45, 0, 0, 0
L -185, 205, -45, -191, 205, -45, 0, 0, 0
L -191, 205, -45, -192, 192, -41, 0, 0, 0
L -192, 192, -41, -185, 192, -41, 0, 0, 0
L -185, 192, -41, -185, 96, -1, 0, 0, 0
L -185, 96, -1, -189, 82, 1, 0, 0, 0
L -189, 82, 1, -192, 82, 1, 0, 0, 0
L -192, 82, 1, -192, 69, 3, 0, 0, 0
L -192, 69, 3, -132, 68, 19, 0, 0, 0
L -132, 68, 19, -131, 9, 3, 0, 0, 0
L -131, 9, 3, -118, 9, 3, 0, 0, 0
L -118, 9, 3, -118, 16, 3, 0, 0, 0
L -118, 16, 3, -84, 16, 3, 0, 0, 0
L -84, 16, 3, -84, 13, 3, 0, 0, 0
L -84, 13, 3, -71, 12, 5, 0, 0, 0
L -71, 12, 5, -73, 24, 5, 0, 0, 0
L -73, 24, 5, -76, 24, 5, 0, 0, 0
L -76, 24, 5, -76, 56, 4, 0, 0, 0
L -76, 56, 4, -69, 56, 4, 0, 0, 0
L -69, 56, 4, -69, 69, 3, 0, 0, 0
L -69, 69, 3, -104, 72, 4, 0, 0, 0
L -104, 72, 4, -115, 86, 5, 0, 0, 0
L -115, 86, 5, -118, 111, 4, 0, 0, 0
L -118, 111, 4, -125, 129, 4, 0, 0, 0
L -125, 129, 4, -128, 141, 4, 0, 0, 0
L -128, 141, 4, -128, 143, 4, 0, 0, 0
L -128, 143, 4, -113, 143, 8, 0, 0, 0
L -113, 143, 8, -97, 143, 13, 0, 0, 0
L -97, 143, 13, -93, 144, 15, 0, 0, 0
L -93, 144, 15, -79, 126, 8, 0, 0, 0
L -79, 126, 8, -49, 125, 5, 0, 0, 0
L -49, 125, 5, -34, 144, 3, 0, 0, 0
L -34, 144, 3, -26, 144, 3, 0, 0, 0
L -26, 144, 3, -27, 158, 5, 0, 0, 0
L -27, 158, 5, -34, 158, 5, 0, 0, 0
L -34, 158, 5, -33, 169, 9, 0, 0, 0
L -33, 169, 9, -34, 267, 48, 0, 0, 0
L -34, 267, 48, -27, 267, 48, 0, 0, 0
L -27, 267, 48, -27, 281, 50, 0, 0, 0
L -27, 281, 50, -67, 276, 51, 0, 0, 0
L -67, 276, 51, -67, 367, 50, 0, 0, 0
L -67, 367, 50, -42, 367, 50, 0, 0, 0
L -42, 367, 50, -42, 364, 50, 0, 0, 0
L -42, 364, 50, -30, 362, 50, 0, 0, 0
L -30, 362, 50, -31, 375, 50, 0, 0, 0
L -31, 375, 50, -33, 375, 50, 0, 0, 0
L -33, 375, 50, -33, 422, 53, 0, 0, 0
L -33, 422, 53, -26, 422, 50, 0, 0, 0
L -26, 422, 50, -26, 436, 50, 0, 0, 0
L -26, 436, 50, -33, 435, 55, 0, 0, 0
L -33, 435, 55, -33, 483, 50, 0, 0, 0
L -33, 483, 50, -30, 483, 50, 0, 0, 0
L -30, 483, 50, -30, 496, 50, 0, 0, 0
L -30, 496, 50, -39, 496, 50, 0, 0, 0
L -39, 496, 50, -42, 491, 50, 0, 0, 0
L -42, 491, 50, -66, 491, 57, 0, 0, 0
L -66, 491, 57, -66, 582, 50, 0, 0, 0
L -66, 582, 50, -48, 581, 50, 0, 0, 0
L -48, 581, 50, -46, 578, 50, 0, 0, 0
L -46, 578, 50, -26, 577, 50, 0, 0, 0
L -26, 577, 50, -25, 591, 52, 0, 0, 0
L -25, 591, 52, -43, 592, 62, 0, 0, 0
L -43, 592, 62, -43, 706, 61, 0, 0, 0
L -43, 706, 61, 39, 706, 60, 0, 0, 0
L 39, 706, 60, 39, 752, 55, 0, 0, 0
L 39, 752, 55, 57, 753, 50, 0, 0, 0
L 57, 753, 50, 57, 766, 50, 0, 0, 0
L 57, 766, 50, 50, 766, 51, 0, 0, 0
L 50, 766, 51, 50, 812, 51, 0, 0, 0
L 50, 812, 51, 52, 815, 51, 0, 0, 0
L 52, 815, 51, 49, 822, 58, 0, 0, 0
L 49, 822, 58, 45, 827, 57, 0, 0, 0
L 45, 827, 57, 29, 823, 60, 0, 0, 0
L 29, 823, 60, 2, 829, 63, 0, 0, 0
L 2, 829, 63, -4, 843, 57, 0, 0, 0
L -4, 843, 57, -11, 848, 55, 0, 0, 0
L -11, 848, 55, -17, 872, 54, 0, 0, 0
L -17, 872, 54, -13, 875, 60, 0, 0, 0
L -13, 875, 60, -15, 893, 57, 0, 0, 0
L -15, 893, 57, -19, 897, 60, 0, 0, 0
L -19, 897, 60, -16, 938, 59, 0, 0, 0
L -16, 938, 59, 23, 944, 52, 0, 0, 0
L 23, 944, 52, 32, 942, 50, 0, 0, 0
L 32, 942, 50, 40, 953, 50, 0, 0, 0
L 40, 953, 50, 54, 956, 50, 0, 0, 0
L 54, 956, 50, 58, 953, 50, 0, 0, 0
L 58, 953, 50, 68, 952, 50, 0, 0, 0
L 68, 952, 50, 73, 950, 50, 0, 0, 0
L 73, 950, 50, 80, 950, 62, 0, 0, 0
L 80, 950, 62, 113, 952, 54, 0, 0, 0
L 113, 952, 54, 136, 958, 51, 0, 0, 0
L 136, 958, 51, 139, 958, 53, 0, 0, 0
L 139, 958, 53, 144, 955, 54, 0, 0, 0
L 144, 955, 54, 148, 935, 56, 0, 0, 0
L 148, 935, 56, 146, 932, 55, 0, 0, 0
L 146, 932, 55, 143, 926, 53, 0, 0, 0
L 143, 926, 53, 143, 917, 52, 0, 0, 0
L 143, 917, 52, 153, 911, 58, 0, 0, 0
L 153, 911, 58, 158, 906, 60, 0, 0, 0
L 158, 906, 60, 162, 893, 66, 0, 0, 0
L 162, 893, 66, 157, 869, 56, 0, 0, 0
L 157, 869, 56, 144, 840, 66, 0, 0, 0
L 144, 840, 66, 118, 833, 67, 0, 0, 0
L 118, 833, 67, 83, 823, 51, 0, 0, 0
L 83, 823, 51, 82, 826, 51, 0, 0, 0
L 82, 826, 51, 75, 829, 51, 0, 0, 0
L 75, 829, 51, 73, 820, 51, 0, 0, 0
L 73, 820, 51, 74, 812, 55, 0, 0, 0
L 74, 812, 55, 74, 766, 50, 0, 0, 0
L 74, 766, 50, 67, 766, 50, 0, 0, 0
L 67, 766, 50, 67, 753, 50, 0, 0, 0
L 67, 753, 50, 85, 752, 50, 0, 0, 0
L 79, 910, 54, 70, 919, 50, 0, 0, 0
L 70, 919, 50, 62, 915, 54, 0, 0, 0
L 62, 915, 54, 58, 918, 51, 0, 0, 0
L 58, 918, 51, 53, 918, 52, 0, 0, 0
L 53, 918, 52, 53, 920, 51, 0, 0, 0
L 53, 920, 51, 41, 926, 50, 0, 0, 0
L 41, 926, 50, 31, 918, 50, 0, 0, 0
L 31, 918, 50, 38, 901, 52, 0, 0, 0
L 38, 901, 52, 45, 901, 52, 0, 0, 0
L 45, 901, 52, 54, 907, 52, 0, 0, 0
L 54, 907, 52, 55, 906, 52, 0, 0, 0
L 55, 906, 52, 58, 901, 52, 0, 0, 0
L 58, 901, 52, 73, 901, 57, 0, 0, 0
L 73, 901, 57, 76, 909, 60, 0, 0, 0
L 101, 872, 50, 113, 877, 54, 0, 0, 0
L 113, 877, 54, 121, 876, 54, 0, 0, 0
L 121, 876, 54, 125, 874, 55, 0, 0, 0
L 125, 874, 55, 122, 868, 61, 0, 0, 0
L 122, 868, 61, 122, 865, 54, 0, 0, 0
L 122, 865, 54, 115, 854, 54, 0, 0, 0
L 115, 854, 54, 101, 858, 50, 0, 0, 0
L 101, 858, 50, 100, 871, 50, 0, 0, 0
L 67, 874, 51, 63, 863, 50, 0, 0, 0
L 63, 863, 50, 65, 852, 50, 0, 0, 0
L 65, 852, 50, 46, 848, 52, 0, 0, 0
L 46, 848, 52, 45, 859, 52, 0, 0, 0
L 45, 859, 52, 41, 861, 52, 0, 0, 0
L 41, 861, 52, 42, 867, 52, 0, 0, 0
L 42, 867, 52, 47, 869, 52, 0, 0, 0
L 47, 869, 52, 47, 873, 52, 0, 0, 0
L 47, 873, 52, 58, 873, 52, 0, 0, 0
L 58, 873, 52, 65, 876, 52, 0, 0, 0
L 65, 876, 52, 68, 872, 50, 0, 0, 0
L 85, 752, 50, 85, 685, 62, 0, 0, 0
L 85, 685, 62, 7, 641, 53, 0, 0, 0
L 7, 641, 53, 6, 643, 54, 0, 0, 0
L 6, 643, 54, 0, 633, 62, 0, 0, 0
L 0, 633, 62, 1, 592, 50, 0, 0, 0
L 1, 592, 50, -15, 591, 50, 0, 0, 0
L -15, 591, 50, -15, 577, 50, 0, 0, 0
L -15, 577, 50, 24, 582, 51, 0, 0, 0
L 24, 582, 51, 24, 491, 50, 0, 0, 0
L 24, 491, 50, 0, 491, 50, 0, 0, 0
L 0, 491, 50, -1, 495, 50, 0, 0, 0
L -1, 495, 50, -12, 496, 50, 0, 0, 0
L -12, 496, 50, -12, 483, 50, 0, 0, 0
L -12, 483, 50, -9, 483, 50, 0, 0, 0
L -9, 483, 50, -9, 436, 51, 0, 0, 0
L -9, 436, 51, -16, 436, 50, 0, 0, 0
L -16, 436, 50, -16, 422, 50, 0, 0, 0
L -16, 422, 50, -9, 422, 52, 0, 0, 0
L -9, 422, 52, -9, 375, 50, 0, 0, 0
L -9, 375, 50, -12, 375, 50, 0, 0, 0
L -12, 375, 50, -12, 362, 50, 0, 0, 0
L -12, 362, 50, 0, 363, 50, 0, 0, 0
L 0, 363, 50, 8, 367, 50, 0, 0, 0
L 8, 367, 50, 23, 367, 53, 0, 0, 0
L 23, 367, 53, 23, 276, 50, 0, 0, 0
L 23, 276, 50, -5, 276, 50, 0, 0, 0
L -5, 276, 50, -5, 279, 50, 0, 0, 0
L -5, 279, 50, -17, 281, 50, 0, 0, 0
L -17, 281, 50, -17, 267, 48, 0, 0, 0
L -17, 267, 48, -9, 267, 48, 0, 0, 0
L -9, 267, 48, -9, 158, 6, 0, 0, 0
L -9, 158, 6, -16, 158, 5, 0, 0, 0
L -16, 158, 5, -17, 144, 3, 0, 0, 0
L -17, 144, 3, -9, 144, 3, 0, 0, 0
L -9, 144, 3, -9, 89, 4, 0, 0, 0
L -9, 89, 4, -22, 72, 4, 0, 0, 0
L -22, 72, 4, -28, 70, 4, 0, 0, 0
L -28, 70, 4, -34, 96, 4, 0, 0, 0
L -34, 96, 4, -38, 100, 5, 0, 0, 0
L -38, 100, 5, -50, 97, 10, 0, 0, 0
L -50, 97, 10, -43, 70, 12, 0, 0, 0
L -43, 70, 12, -59, 69, 3, 0, 0, 0
L -59, 69, 3, -59, 56, 4, 0, 0, 0
L -59, 56, 4, -51, 57, 8, 0, 0, 0
L -51, 57, 8, -49, 23, 8, 0, 0, 0
L -49, 23, 8, -52, 24, 7, 0, 0, 0
L -52, 24, 7, -53, 11, 3, 0, 0, 0
L -53, 11, 3, -41, 12, 3, 0, 0, 0
L -41, 12, 3, -41, 15, 3, 0, 0, 0
L -41, 15, 3, -6, 12, 3, 0, 0, 0
L -6, 12, 3, -6, 5, 3, 0, 0, 0
L -6, 5, 3, 6, 5, 3, 0, 0, 0
L 6, 5, 3, 6, 12, 6, 0, 0, 0
L 6, 12, 6, 108, 12, -56, 0, 0, 0
L 108, 12, -56, 108, 5, -56, 0, 0, 0
L 108, 5, -56, 121, 5, -56, 0, 0, 0
L 121, 5, -56, 123, 19, -56, 0, 0, 0
L 123, 19, -56, 141, 45, -56, 0, 0, 0
L 141, 45, -56, 150, 45, -46, 0, 0, 0
L 150, 45, -46, 157, 39, -44, 0, 0, 0
L 157, 39, -44, 157, 27, -51, 0, 0, 0
L 157, 27, -51, 162, 27, -54, 0, 0, 0
L 162, 27, -54, 162, 35, -56, 0, 0, 0
L 162, 35, -56, 171, 45, -51, 0, 0, 0
L 171, 45, -51, 185, 44, -45, 0, 0, 0
L 185, 44, -45, 200, 23, -47, 0, 0, 0
L 200, 23, -47, 203, 8, -56, 0, 0, 0
L 203, 8, -56, 216, 8, -56, 0, 0, 0
L 216, 8, -56, 218, 11, -56, 0, 0, 0
L 218, 11, -56, 263, 10, -56, 0, 0, 0
L 263, 10, -56, 263, 4, -56, 0, 0, 0
L 263, 4, -56, 276, 4, -56, 0, 0, 0
L 276, 4, -56, 278, 39, -46, 0, 0, 0
L 278, 39, -46, 296, 52, -48, 0, 0, 0
L 296, 52, -48, 317, 53, -46, 0, 0, 0
L 317, 53, -46, 351, 53, -49, 0, 0, 0
L 351, 53, -49, 349, 42, -50, 0, 0, 0
L 349, 42, -50, 350, 26, -48, 0, 0, 0
L 350, 26, -48, 350, -9, -41, 0, 0, 0
L 350, -9, -41, 339, -11, -48, 0, 0, 0
L 339, -11, -48, 334, -20, -55, 0, 0, 0
L 334, -20, -55, 350, -34, -56, 0, 0, 0
L 350, -34, -56, 347, -50, -46, 0, 0, 0
L 347, -50, -46, 296, -54, -46, 0, 0, 0
L 296, -54, -46, 282, -43, -53, 0, 0, 0
L 282, -43, -53, 297, -25, -55, 0, 0, 0
L 297, -25, -55, 277, -31, -46, 0, 0, 0
L 277, -31, -46, 276, -5, -56, 0, 0, 0
L 276, -5, -56, 263, -5, -56, 0, 0, 0
L 263, -5, -56, 262, -12, -55, 0, 0, 0
L 262, -12, -55, 216, -12, -51, 0, 0, 0
L 216, -12, -51, 216, -9, -56, 0, 0, 0
L 216, -9, -56, 203, -9, -56, 0, 0, 0
L 203, -9, -56, 203, -17, -56, 0, 0, 0
L 203, -17, -56, 201, -19, -56, 0, 0, 0
L 201, -19, -56, 200, -24, -56, 0, 0, 0
L 200, -24, -56, 184, -45, -56, 0, 0, 0
L 184, -45, -56, 166, -45, -54, 0, 0, 0
L 166, -45, -54, 162, -43, -44, 0, 0, 0
L 162, -43, -44, 162, -27, -50, 0, 0, 0
L 162, -27, -50, 157, -27, -52, 0, 0, 0
L 157, -27, -52, 157, -41, -50, 0, 0, 0
L 157, -41, -50, 145, -39, -48, 0, 0, 0
L 145, -39, -48, 132, -33, -46, 0, 0, 0
L 132, -33, -46, 121, -16, -56, 0, 0, 0
L 121, -16, -56, 121, -5, -56, 0, 0, 0
L 121, -5, -56, 108, -5, -56, 0, 0, 0
L 108, -5, -56, 108, -12, -56, 0, 0, 0
L 108, -12, -56, 79, -12, -56, 0, 0, 0
L 79, -12, -56, 6, -12, 7, 0, 0, 0
L 6, -12, 7, 6, -5, 3, 0, 0, 0
L 6, -5, 3, -6, -5, 3, 0, 0, 0
L -6, -5, 3, -6, -12, 5, 0, 0, 0
L -6, -12, 5, -34, -10, 6, 0, 0, 0
L -34, -10, 6, -48, -4, 9, 0, 0, 0
L -48, -4, 9, -61, -4, 14, 0, 0, 0
L -61, -4, 14, -86, -8, 9, 0, 0, 0
L -86, -8, 9, -90, -11, 8, 0, 0, 0
L -90, -11, 8, -118, -9, 5, 0, 0, 0
L -118, -9, 5, -118, -1, 3, 0, 0, 0
L -118, -1, 3, -131, -1, 3, 0, 0, 0
L -131, -1, 3, -132, -61, 14, 0, 0, 0
L -132, -61, 14, -192, -62, 3, 0, 0, 0
L -192, -62, 3, -192, -76, 1, 0, 0, 0
L -192, -76, 1, -185, -76, 1, 0, 0, 0
L -185, -76, 1, -185, -185, -41, 0, 0, 0
L -185, -185, -41, -192, -185, -41, 0, 0, 0
L -192, -185, -41, -192, -199, -43, 0, 0, 0
L -192, -199, -43, -185, -199, -43, 0, 0, 0
L -185, -199, -43, -187, -251, -41, 0, 0, 0
L -187, -251, -41, -187, -275, -37, 0, 0, 0
L -187, -275, -37, -191, -280, -39, 0, 0, 0
L -191, -280, -39, -191, -317, -38, 0, 0, 0
L -191, -317, -38, -169, -331, -30, 0, 0, 0
L -169, -331, -30, -160, -341, -18, 0, 0, 0
L -160, -341, -18, -169, -344, -30, 0, 0, 0
L -169, -344, -30, -164, -354, -30, 0, 0, 0
L -164, -354, -30, -155, -357, -30, 0, 0, 0
L -155, -357, -30, -148, -373, -30, 0, 0, 0
L -148, -373, -30, -148, -384, -39, 0, 0, 0
L -148, -384, -39, -157, -390, -39, 0, 0, 0
L -157, -390, -39, -153, -413, -39, 0, 0, 0
L -153, -413, -39, -150, -423, -32, 0, 0, 0
L -150, -423, -32, -151, -440, -39, 0, 0, 0
L -151, -440, -39, -152, -463, -42, 0, 0, 0
L -152, -463, -42, -162, -475, -42, 0, 0, 0
L -162, -475, -42, -153, -486, -42, 0, 0, 0
L -153, -486, -42, -159, -494, -44, 0, 0, 0
L -159, -494, -44, -178, -518, -48, 0, 0, 0
L -178, -518, -48, -163, -541, -48, 0, 0, 0
L -163, -541, -48, -155, -554, -42, 0, 0, 0
L -155, -554, -42, -156, -564, -42, 0, 0, 0
L -156, -564, -42, -177, -575, -42, 0, 0, 0
L -177, -575, -42, -194, -587, -107, 0, 0, 0
L -194, -587, -107, -197, -592, -101, 0, 0, 0
L -197, -592, -101, -200, -609, -101, 0, 0, 0
L -200, -609, -101, -244, -619, -101, 0, 0, 0
L -244, -619, -101, -254, -620, -101, 0, 0, 0
L -254, -620, -101, -263, -616, -101, 0, 0, 0
L -263, -616, -101, -277, -622, -121, 0, 0, 0
L -277, -622, -121, -284, -622, -121, 0, 0, 0
L -284, -622, -121, -293, -615, -121, 0, 0, 0
L -293, -615, -121, -307, -616, -124, 0, 0, 0
L -307, -616, -124, -311, -606, -121, 0, 0, 0
L -311, -606, -121, -317, -608, -121, 0, 0, 0
L -317, -608, -121, -319, -575, -105, 0, 0, 0
L -319, -575, -105, -312, -578, -107, 0, 0, 0
L -312, -578, -107, -303, -556, -88, 0, 0, 0
L -303, -556, -88, -307, -493, -64, 0, 0, 0
L -307, -493, -64, -312, -491, -62, 0, 0, 0
L -312, -491, -62, -307, -483, -61, 0, 0, 0
L -307, -483, -61, -315, -466, -61, 0, 0, 0
L -315, -466, -61, -299, -439, -61, 0, 0, 0
L -299, -439, -61, -308, -431, -60, 0, 0, 0
L -308, -431, -60, -318, -422, -43, 0, 0, 0
L -318, -422, -43, -314, -415, -43, 0, 0, 0
L -314, -415, -43, -298, -398, -31, 0, 0, 0
L -298, -398, -31, -296, -369, -40, 0, 0, 0
L -296, -369, -40, -304, -351, -43, 0, 0, 0
L -304, -351, -43, -317, -352, -43, 0, 0, 0
L -317, -352, -43, -330, -335, -43, 0, 0, 0
L -330, -335, -43, -322, -300, -43, 0, 0, 0
L -322, -300, -43, -311, -309, -43, 0, 0, 0
L -311, -309, -43, -280, -278, -43, 0, 0, 0
L -280, -278, -43, -271, -278, -39, 0, 0, 0
L -271, -278, -39, -265, -287, -35, 0, 0, 0
L -265, -287, -35, -243, -281, -35, 0, 0, 0
L -243, -281, -35, -230, -280, -41, 0, 0, 0
L -230, -280, -41, -232, -272, -27, 0, 0, 0
L -232, -272, -27, -234, -258, -28, 0, 0, 0
L -234, -258, -28, -217, -255, -28, 0, 0, 0
L -217, -255, -28, -208, -254, -28, 0, 0, 0
L -208, -254, -28, -209, -237, -39, 0, 0, 0
L -209, -237, -39, -209, -199, -43, 0, 0, 0
L -209, -199, -43, -202, -199, -43, 0, 0, 0
L -218, -438, -54, -214, -438, -55, 0, 0, 0
L -214, -438, -55, -213, -473, -54, 0, 0, 0
L -213, -473, -54, -219, -474, -54, 0, 0, 0
L -219, -474, -54, -218, -438, -54, 0, 0, 0
L -296, -464, -53, -299, -460, -54, 0, 0, 0
L -299, -460, -54, -284, -433, -54, 0, 0, 0
L -284, -433, -54, -278, -435, -54, 0, 0, 0
L -278, -435, -54, -294, -464, -54, 0, 0, 0
L -270, -382, -37, -275, -380, -37, 0, 0, 0
L -275, -380, -37, -275, -292, -36, 0, 0, 0
L -275, -292, -36, -269, -292, -37, 0, 0, 0
L -269, -292, -37, -265, -324, -39, 0, 0, 0
L -265, -324, -39, -265, -359, -39, 0, 0, 0
L -265, -359, -39, -270, -382, -37, 0, 0, 0
L -270, -382, -37, -276, -380, -37, 0, 0, 0
L -202, -199, -43, -202, -185, -41, 0, 0, 0
L -202, -185, -41, -209, -185, -41, 0, 0, 0
L -209, -185, -41, -209, -76, 1, 0, 0, 0
L -209, -76, 1, -202, -76, 1, 0, 0, 0
L -202, -76, 1, -202, -62, 3, 0, 0, 0
L -202, -62, 3, -261, -61, 3, 0, 0, 0
L -261, -61, 3, -261, -34, 3, 0, 0, 0
L -261, -34, 3, -251, -32, 3, 0, 0, 0
L -251, -32, 3, -250, -20, 6, 0, 0, 0
L -250, -20, 6, -261, -17, 8, 0, 0, 0
L -261, -17, 8, -262, -1, 3, 0, 0, 0
L -262, -1, 3, -276, -1, 3, 0, 0, 0
L -276, -1, 3, -276, -8, 3, 0, 0, 0
L -276, -8, 3, -323, -8, 7, 0, 0, 0
L -323, -8, 7, -323, -5, 5, 0, 0, 0
L -323, -5, 5, -336, -5, 3, 0, 0, 0
L -336, -5, 3, -337, -18, 3, 0, 0, 0
L -337, -18, 3, -356, -41, 8, 0, 0, 0
L -356, -41, 8, -366, -41, 12, 0, 0, 0
L -366, -41, 12, -377, -39, 14, 0, 0, 0
L -377, -39, 14, -377, -23, 5, 0, 0, 0
L -377, -23, 5, -381, -23, 5, 0, 0, 0
L -381, -23, 5, -381, -37, 13, 0, 0, 0
L -381, -37, 13, -390, -41, 17, 0, 0, 0
L -390, -41, 17, -397, -38, 3, 0, 0, 0
L -397, -38, 3, -418, -11, 3, 0, 0, 0
L -418, -11, 3, -417, 0, 3, 0, 0, 0
L -417, 0, 3, -431, 0, 3, 0, 0, 0
L -431, 0, 3, -431, -4, 3, 0, 0, 0
L -431, -4, 3, -478, -7, 3, 0, 0, 0
L -478, -7, 3, -478, -4, 3, 0, 0, 0
L -478, -4, 3, -493, -3, 8, 0, 0, 0
L -493, -3, 8, -490, -15, 8, 0, 0, 0
L -490, -15, 8, -486, -31, 3, 0, 0, 0
L -486, -31, 3, -486, -49, 13, 0, 0, 0
L -486, -49, 13, -497, -56, 19, 0, 0, 0
L -497, -56, 19, -507, -59, 19, 0, 0, 0
L -507, -59, 19, -500, -73, 19, 0, 0, 0
L -500, -73, 19, -509, -76, 19, 0, 0, 0
L -509, -76, 19, -518, -80, 10, 0, 0, 0
L -518, -80, 10, -554, -95, 3, 0, 0, 0
L -554, -95, 3, -554, -94, 3, 0, 0, 0
L -554, -94, 3, -566, -92, 3, 0, 0, 0
L -566, -92, 3, -563, -116, 10, 0, 0, 0
L -563, -116, 10, -563, -152, 3, 0, 0, 0
L -563, -152, 3, -570, -152, 3, 0, 0, 0
L -570, -152, 3, -570, -166, 3, 0, 0, 0
L -570, -166, 3, -551, -167, 4, 0, 0, 0
L -551, -167, 4, -552, -172, 13, 0, 0, 0
L -552, -172, 13, -560, -196, 9, 0, 0, 0
L -560, -196, 9, -563, -207, 10, 0, 0, 0
L -563, -207, 10, -564, -222, 11, 0, 0, 0
L -564, -222, 11, -577, -240, 5, 0, 0, 0
L -577, -240, 5, -612, -241, 3, 0, 0, 0
L -612, -241, 3, -612, -254, 3, 0, 0, 0
L -612, -254, 3, -600, -254, 3, 0, 0, 0
L -600, -254, 3, -572, -273, 3, 0, 0, 0
L -572, -273, 3, -571, -284, 3, 0, 0, 0
L -571, -284, 3, -580, -285, 3, 0, 0, 0
L -580, -285, 3, -582, -290, 3, 0, 0, 0
L -582, -290, 3, -591, -291, 3, 0, 0, 0
L -591, -291, 3, -583, -295, 3, 0, 0, 0
L -583, -295, 3, -579, -301, 3, 0, 0, 0
L -579, -301, 3, -571, -306, 3, 0, 0, 0
L -571, -306, 3, -572, -317, 3, 0, 0, 0
L -572, -317, 3, -597, -336, 3, 0, 0, 0
L -597, -336, 3, -608, -336, 3, 0, 0, 0
L -608, -336, 3, -609, -356, 11, 0, 0, 0
L -609, -356, 11, -605, -396, 4, 0, 0, 0
L -605, -396, 4, -612, -396, 3, 0, 0, 0
L -612, -396, 3, -612, -409, 3, 0, 0, 0
L -612, -409, 3, -595, -410, 3, 0, 0, 0
L -595, -410, 3, -595, -478, 10, 0, 0, 0
L -595, -478, 10, -669, -519, 6, 0, 0, 0
L -669, -519, 6, -679, -522, 13, 0, 0, 0
L -679, -522, 13, -678, -570, 3, 0, 0, 0
L -678, -570, 3, -696, -571, 3, 0, 0, 0
L -696, -571, 3, -696, -585, 4, 0, 0, 0
L -696, -585, 4, -665, -586, 3, 0, 0, 0
L -665, -586, 3, -660, -599, 13, 0, 0, 0
L -660, -599, 13, -663, -616, 9, 0, 0, 0
L -663, -616, 9, -689, -637, 5, 0, 0, 0
L -689, -637, 5, -691, -673, 13, 0, 0, 0
L -691, -673, 13, -693, -679, 3, 0, 0, 0
L -693, -679, 3, -679, -679, 3, 0, 0, 0
L -679, -679, 3, -679, -676, 3, 0, 0, 0
L -679, -676, 3, -664, -676, 3, 0, 0, 0
L -664, -676, 3, -664, -683, 3, 0, 0, 0
L -664, -683, 3, -650, -683, 3, 0, 0, 0
L -650, -683, 3, -650, -676, 5, 0, 0, 0
L -650, -676, 5, -645, -677, 13, 0, 0, 0
L -645, -677, 13, -604, -676, 5, 0, 0, 0
L -604, -676, 5, -604, -679, 3, 0, 0, 0
L -604, -679, 3, -590, -679, 3, 0, 0, 0
L -590, -679, 3, -590, -676, 3, 0, 0, 0
L -590, -676, 3, -519, -676, 3, 0, 0, 0
L -519, -676, 3, -442, -715, 3, 0, 0, 0
L -442, -715, 3, -451, -732, 3, 0, 0, 0
L -451, -732, 3, -460, -737, 3, 0, 0, 0
L -460, -737, 3, -458, -748, 3, 0, 0, 0
L -458, -748, 3, -471, -777, 3, 0, 0, 0
L -471, -777, 3, -472, -777, 3, 0, 0, 0
L -472, -777, 3, -472, -774, 3, 0, 0, 0
L -472, -774, 3, -484, -772, 3, 0, 0, 0
L -579, -683, 3, -519, -690, -3, 0, 0, 0
L -519, -690, -3, -456, -719, -3, 0, 0, 0
L -456, -719, -3, -476, -767, -3, 0, 0, 0
L -476, -767, -3, -504, -767, -2, 0, 0, 0
L -540, -767, -2, -559, -767, -3, 0, 0, 0
L -559, -767, -3, -583, -702, -2, 0, 0, 0
L -484, -772, 3, -484, -785, 3, 0, 0, 0
L -484, -785, 3, -481, -785, 3, 0, 0, 0
L -481, -785, 3, -481, -832, 7, 0, 0, 0
L -481, -832, 7, -488, -832, 3, 0, 0, 0
L -488, -832, 3, -488, -846, 4, 0, 0, 0
L -488, -846, 4, -480, -846, 4, 0, 0, 0
L -480, -846, 4, -477, -882, 5, 0, 0, 0
L -477, -882, 5, -513, -941, 4, 0, 0, 0
L -513, -941, 4, -563, -980, 3, 0, 0, 0
L -563, -980, 3, -593, -976, 14, 0, 0, 0
L -593, -976, 14, -594, -973, 12, 0, 0, 0
L -594, -973, 12, -592, -969, 3, 0, 0, 0
L -592, -969, 3, -606, -970, 3, 0, 0, 0
L -606, -970, 3, -606, -973, 4, 0, 0, 0
L -606, -973, 4, -623, -973, 12, 0, 0, 0
L -623, -973, 12, -636, -973, 3, 0, 0, 0
L -636, -973, 3, -635, -985, 4, 0, 0, 0
L -635, -985, 4, -631, -1008, 4, 0, 0, 0
L -631, -1008, 4, -630, -1017, 4, 0, 0, 0
L -630, -1017, 4, -602, -1038, 13, 0, 0, 0
L -602, -1038, 13, -602, -1053, 8, 0, 0, 0
L -602, -1053, 8, -630, -1066, 6, 0, 0, 0
L -630, -1066, 6, -638, -1067, 4, 0, 0, 0
L -638, -1067, 4, -638, -1080, 4, 0, 0, 0
L -638, -1080, 4, -602, -1081, 16, 0, 0, 0
L -602, -1081, 16, -604, -1110, 12, 0, 0, 0
L -604, -1110, 12, -618, -1121, 15, 0, 0, 0
L -618, -1121, 15, -630, -1131, 8, 0, 0, 0
L -630, -1131, 8, -640, -1150, 4, 0, 0, 0
L -640, -1150, 4, -631, -1157, 12, 0, 0, 0
L -631, -1157, 12, -631, -1163, 4, 0, 0, 0
L -631, -1163, 4, -633, -1163, 4, 0, 0, 0
L -633, -1163, 4, -635, -1174, 3, 0, 0, 0
L -635, -1174, 3, -621, -1174, 3, 0, 0, 0
L -621, -1174, 3, -621, -1171, 3, 0, 0, 0
L -621, -1171, 3, -606, -1171, 3, 0, 0, 0
L -606, -1171, 3, -606, -1178, 3, 0, 0, 0
L -606, -1178, 3, -592, -1179, 3, 0, 0, 0
L -592, -1179, 3, -592, -1171, 6, 0, 0, 0
L -592, -1171, 6, -489, -1171, -46, 0, 0, 0
L -489, -1171, -46, -491, -1179, -54, 0, 0, 0
L -491, -1179, -54, -477, -1178, -54, 0, 0, 0
L -477, -1178, -54, -477, -1175, -52, 0, 0, 0
L -477, -1175, -52, -479, -1171, -46, 0, 0, 0
L -479, -1171, -46, -446, -1171, -51, 0, 0, 0
L -446, -1171, -51, -413, -1140, -45, 0, 0, 0
L -413, -1140, -45, -391, -1101, -54, 0, 0, 0
L -391, -1101, -54, -390, -1063, -46, 0, 0, 0
L -390, -1063, -46, -383, -1065, -55, 0, 0, 0
L -383, -1065, -55, -384, -1052, -55, 0, 0, 0
L -384, -1052, -55, -419, -1051, -53, 0, 0, 0
L -419, -1051, -53, -418, -1022, -48, 0, 0, 0
L -418, -1022, -48, -392, -1002, -48, 0, 0, 0
L -392, -1002, -48, -389, -995, -47, 0, 0, 0
L -389, -995, -47, -383, -962, -48, 0, 0, 0
L -383, -962, -48, -383, -931, -46, 0, 0, 0
L -383, -931, -46, -378, -922, -55, 0, 0, 0
L -378, -922, -55, -380, -913, -55, 0, 0, 0
L -380, -913, -55, -379, -904, -55, 0, 0, 0
L -379, -904, -55, -388, -897, -54, 0, 0, 0
L -388, -897, -54, -398, -891, -46, 0, 0, 0
L -398, -891, -46, -419, -873, -47, 0, 0, 0
L -419, -873, -47, -419, -847, -38, 0, 0, 0
L -419, -847, -38, -395, -848, -51, 0, 0, 0
L -395, -848, -51, -373, -851, -54, 0, 0, 0
L -373, -851, -54, -370, -859, -55, 0, 0, 0
L -370, -859, -55, -361, -860, -55, 0, 0, 0
L -361, -860, -55, -345, -859, -53, 0, 0, 0
L -345, -859, -53, -333, -860, -47, 0, 0, 0
L -333, -860, -47, -333, -873, -54, 0, 0, 0
L -333, -873, -54, -323, -873, -44, 0, 0, 0
L -323, -873, -44, -303, -904, -49, 0, 0, 0
L -303, -904, -49, -285, -906, -44, 0, 0, 0
L -285, -906, -44, -258, -926, -53, 0, 0, 0
L -258, -926, -53, -250, -943, -53, 0, 0, 0
L -250, -943, -53, -250, -960, -47, 0, 0, 0
L -250, -960, -47, -251, -967, -46, 0, 0, 0
L -251, -967, -46, -288, -992, -46, 0, 0, 0
L -288, -992, -46, -301, -992, -51, 0, 0, 0
L -301, -992, -51, -332, -1040, -46, 0, 0, 0
L -332, -1040, -46, -332, -1051, -40, 0, 0, 0
L -332, -1051, -40, -373, -1052, -55, 0, 0, 0
L -373, -1052, -55, -373, -1065, -55, 0, 0, 0
L -373, -1065, -55, -365, -1065, -55, 0, 0, 0
L -365, -1065, -55, -367, -1071, -54, 0, 0, 0
L -367, -1071, -54, -365, -1102, -36, 0, 0, 0
L -365, -1102, -36, -368, -1111, -50, 0, 0, 0
L -368, -1111, -50, -398, -1160, -50, 0, 0, 0
L -398, -1160, -50, -447, -1200, -56, 0, 0, 0
L -447, -1200, -56, -477, -1197, -56, 0, 0, 0
L -477, -1197, -56, -477, -1188, -56, 0, 0, 0
L -477, -1188, -56, -491, -1189, -56, 0, 0, 0
L -491, -1189, -56, -491, -1196, -56, 0, 0, 0
L -491, -1196, -56, -514, -1196, -56, 0, 0, 0
L -514, -1196, -56, -592, -1196, 3, 0, 0, 0
L -592, -1196, 3, -592, -1188, 3, 0, 0, 0
L -592, -1188, 3, -606, -1189, 3, 0, 0, 0
L -606, -1189, 3, -606, -1196, 3, 0, 0, 0
L -606, -1196, 3, -622, -1196, 3, 0, 0, 0
L -622, -1196, 3, -622, -1193, 3, 0, 0, 0
L -622, -1193, 3, -636, -1193, 3, 0, 0, 0
L -636, -1193, 3, -636, -1202, 4, 0, 0, 0
L -636, -1202, 4, -631, -1204, 4, 0, 0, 0
L -631, -1204, 4, -631, -1219, 9, 0, 0, 0
L -631, -1219, 9, -638, -1227, 4, 0, 0, 0
L -638, -1227, 4, -630, -1240, 5, 0, 0, 0
L -630, -1240, 5, -622, -1254, 13, 0, 0, 0
L -622, -1254, 13, -602, -1258, 19, 0, 0, 0
L -602, -1258, 19, -602, -1276, 20, 0, 0, 0
L -602, -1276, 20, -605, -1285, 10, 0, 0, 0
L -605, -1285, 10, -618, -1285, 8, 0, 0, 0
L -618, -1285, 8, -638, -1286, 4, 0, 0, 0
L -638, -1286, 4, -638, -1300, 3, 0, 0, 0
L -638, -1300, 3, -631, -1300, 3, 0, 0, 0
L -631, -1300, 3, -631, -1347, 4, 0, 0, 0
L -631, -1347, 4, -634, -1347, 4, 0, 0, 0
L -634, -1347, 4, -634, -1360, 4, 0, 0, 0
L -850, 990, 1, -850, 990, 2, 1, 2, 4
L 370, -1550, 1, 370, -1550, 2, 1, 2, 4
P -200, -800, 0, 240, 240, 240, 3, The_Maw_of_the_Menagerie
P -200, -750, 0, 240, 240, 240, 3, mirb
P -648, -1495, 26, 255, 0, 255, 3, Zone
P -237, 604, -135, 0, 0, 240, 3, boss
P -174, -542, -52, 0, 0, 240, 3, boss
P 97, 934, 51, 0, 0, 240, 3, boss
P -49, 126, 3, 0, 0, 127, 2, named
P -211, -299, -45, 0, 127, 0, 2, frozen_river