L -868.0000, 26.0000, 43.0000,  -868.0000, 26.0000, 43.0000,  153, 153, 153
L -868.0000, 26.0000, 43.0000,  -867.0000, 86.0000, 43.0000,  153, 153, 153
L -867.0000, 86.0000, 43.0000,  -793.0000, 86.0000, 63.0000,  153, 153, 153
L -793.0000, 86.0000, 63.0000,  -777.0000, 87.0000, 63.0000,  153, 153, 153
L -777.0000, 87.0000, 63.0000,  -748.0000, 116.0000, 123.0000,  153, 153, 153
L -748.0000, 116.0000, 123.0000,  -724.0000, 116.0000, 143.0000,  153, 153, 153
L -724.0000, 116.0000, 143.0000,  -702.0000, 67.0000, 43.0000,  153, 153, 153
L -702.0000, 67.0000, 43.0000,  -656.0000, 66.0000, 43.0000,  153, 153, 153
L -656.0000, 66.0000, 43.0000,  -655.0000, 93.0000, 43.0000,  153, 153, 153
L -655.0000, 93.0000, 43.0000,  -631.0000, 119.0000, 43.0000,  153, 153, 153
L -631.0000, 119.0000, 43.0000,  -617.0000, 122.0000, 43.0000,  153, 153, 153
L -617.0000, 122.0000, 43.0000,  -594.0000, 99.0000, 43.0000,  153, 153, 153
L -594.0000, 99.0000, 43.0000,  -591.0000, 71.0000, 43.0000,  153, 153, 153
L -591.0000, 71.0000, 43.0000,  -546.0000, 66.0000, 49.0000,  153, 153, 153
L -546.0000, 66.0000, 49.0000,  -532.0000, 90.0000, 54.0000,  153, 153, 153
L -532.0000, 90.0000, 54.0000,  -519.0000, 94.0000, 54.0000,  153, 153, 153
L -519.0000, 94.0000, 54.0000,  -490.0000, 66.0000, 49.0000,  153, 153, 153
L -490.0000, 66.0000, 49.0000,  -475.0000, 80.0000, 51.0000,  153, 153, 153
L -475.0000, 80.0000, 51.0000,  -450.0000, 80.0000, 51.0000,  153, 153, 153
L -450.0000, 80.0000, 51.0000,  -436.0000, 53.0000, 47.0000,  153, 153, 153
L -436.0000, 53.0000, 47.0000,  -423.0000, 61.0000, 53.0000,  153, 153, 153
L -423.0000, 61.0000, 53.0000,  -394.0000, 52.0000, 52.0000,  153, 153, 153
L -394.0000, 52.0000, 52.0000,  -379.0000, 24.0000, 47.0000,  153, 153, 153
L -379.0000, 24.0000, 47.0000,  -363.0000, 37.0000, 49.0000,  153, 153, 153
L -363.0000, 37.0000, 49.0000,  -340.0000, 26.0000, 47.0000,  153, 153, 153
L -340.0000, 26.0000, 47.0000,  -351.0000, 3.0000, 44.0000,  153, 153, 153
L -351.0000, 3.0000, 44.0000,  -356.0000, 2.0000, 44.0000,  153, 153, 153
L -356.0000, 2.0000, 44.0000,  -374.0000, 13.0000, 45.0000,  153, 153, 153
L -374.0000, 13.0000, 45.0000,  -405.0000, -9.0000, 43.0000,  153, 153, 153
L -405.0000, -9.0000, 43.0000,  -410.0000, -11.0000, 43.0000,  153, 153, 153
L -410.0000, -11.0000, 43.0000,  -418.0000, 1.0000, 44.0000,  153, 153, 153
L -418.0000, 1.0000, 44.0000,  -427.0000, 2.0000, 44.0000,  153, 153, 153
L -427.0000, 2.0000, 44.0000,  -445.0000, 29.0000, 48.0000,  153, 153, 153
L -445.0000, 29.0000, 48.0000,  -461.0000, 31.0000, 99.0000,  153, 153, 153
L -461.0000, 31.0000, 99.0000,  -488.0000, 57.0000, 48.0000,  153, 153, 153
L -488.0000, 57.0000, 48.0000,  -506.0000, 30.0000, 44.0000,  153, 153, 153
L -506.0000, 30.0000, 44.0000,  -479.0000, 10.0000, 105.0000,  153, 153, 153
L -479.0000, 10.0000, 105.0000,  -479.0000, -28.0000, 45.0000,  153, 153, 153
L -479.0000, -28.0000, 45.0000,  -461.0000, -6.0000, 49.0000,  153, 153, 153
L -461.0000, -6.0000, 49.0000,  -450.0000, -3.0000, 74.0000,  153, 153, 153
L -450.0000, -3.0000, 74.0000,  -438.0000, -13.0000, 48.0000,  153, 153, 153
L -438.0000, -13.0000, 48.0000,  -437.0000, -28.0000, 49.0000,  153, 153, 153
L -437.0000, -28.0000, 49.0000,  -420.0000, -32.0000, 54.0000,  153, 153, 153
L -420.0000, -32.0000, 54.0000,  -408.0000, -44.0000, 47.0000,  153, 153, 153
L -408.0000, -44.0000, 47.0000,  -392.0000, -22.0000, 53.0000,  153, 153, 153
L -392.0000, -22.0000, 53.0000,  -362.0000, -30.0000, 52.0000,  153, 153, 153
L -362.0000, -30.0000, 52.0000,  -335.0000, -17.0000, 42.0000,  153, 153, 153
L -129.0000, -305.0000, -236.0000,  -129.0000, -305.0000, -236.0000,  153, 153, 153
L -129.0000, -305.0000, -236.0000,  -153.0000, -305.0000, -236.0000,  153, 153, 153
L -153.0000, -305.0000, -236.0000,  -168.0000, -317.0000, -236.0000,  153, 153, 153
L -168.0000, -317.0000, -236.0000,  -171.0000, -361.0000, -166.0000,  153, 153, 153
L -171.0000, -361.0000, -166.0000,  -221.0000, -361.0000, -96.0000,  153, 153, 153
L -221.0000, -361.0000, -96.0000,  -221.0000, -285.0000, 43.0000,  153, 153, 153
L -221.0000, -285.0000, 43.0000,  -221.0000, -285.0000, 43.0000,  153, 153, 153
L -213.0000, -285.0000, 43.0000,  -213.0000, -285.0000, 43.0000,  153, 153, 153
L -213.0000, -285.0000, 43.0000,  -212.0000, -351.0000, -88.0000,  153, 153, 153
L -212.0000, -351.0000, -88.0000,  -179.0000, -350.0000, -166.0000,  153, 153, 153
L -179.0000, -350.0000, -166.0000,  -181.0000, -319.0000, -236.0000,  153, 153, 153
L -181.0000, -319.0000, -236.0000,  -193.0000, -306.0000, -236.0000,  153, 153, 153
L -193.0000, -306.0000, -236.0000,  -193.0000, -297.0000, -236.0000,  153, 153, 153
L -193.0000, -297.0000, -236.0000,  -138.0000, -297.0000, -236.0000,  153, 153, 153
L -138.0000, -297.0000, -236.0000,  -137.0000, -277.0000, -236.0000,  153, 153, 153
L -137.0000, -277.0000, -236.0000,  -137.0000, -208.0000, -236.0000,  153, 153, 153
L -137.0000, -208.0000, -236.0000,  -151.0000, -207.0000, -236.0000,  153, 153, 153
L -151.0000, -207.0000, -236.0000,  -151.0000, -194.0000, -236.0000,  153, 153, 153
L -151.0000, -194.0000, -236.0000,  -187.0000, -192.0000, -236.0000,  153, 153, 153
L -187.0000, -192.0000, -236.0000,  -198.0000, -194.0000, -236.0000,  153, 153, 153
L -198.0000, -194.0000, -236.0000,  -199.0000, -211.0000, -236.0000,  153, 153, 153
L -199.0000, -211.0000, -236.0000,  -195.0000, -213.0000, -236.0000,  153, 153, 153
L -195.0000, -213.0000, -236.0000,  -171.0000, -213.0000, -236.0000,  153, 153, 153
L -171.0000, -213.0000, -236.0000,  -171.0000, -238.0000, -236.0000,  153, 153, 153
L -171.0000, -238.0000, -236.0000,  -157.0000, -241.0000, -211.0000,  153, 153, 153
L -157.0000, -241.0000, -211.0000,  -157.0000, -277.0000, -236.0000,  153, 153, 153
L -157.0000, -277.0000, -236.0000,  -193.0000, -277.0000, -234.0000,  153, 153, 153
L -193.0000, -277.0000, -234.0000,  -193.0000, -241.0000, -213.0000,  153, 153, 153
L -193.0000, -241.0000, -213.0000,  -180.0000, -240.0000, -236.0000,  153, 153, 153
L -180.0000, -240.0000, -236.0000,  -179.0000, -223.0000, -236.0000,  153, 153, 153
L -179.0000, -223.0000, -236.0000,  -187.0000, -221.0000, -236.0000,  153, 153, 153
L -187.0000, -221.0000, -236.0000,  -207.0000, -221.0000, -232.0000,  153, 153, 153
L -207.0000, -221.0000, -232.0000,  -207.0000, -209.0000, -236.0000,  153, 153, 153
L -207.0000, -209.0000, -236.0000,  -241.0000, -210.0000, -96.0000,  153, 153, 153
L -241.0000, -210.0000, -96.0000,  -240.0000, -254.0000, -96.0000,  153, 153, 153
L -240.0000, -254.0000, -96.0000,  -226.0000, -255.0000, -96.0000,  153, 153, 153
L -226.0000, -263.0000, -96.0000,  -226.0000, -263.0000, -96.0000,  153, 153, 153
L -226.0000, -263.0000, -96.0000,  -277.0000, -263.0000, -96.0000,  153, 153, 153
L -277.0000, -263.0000, -96.0000,  -277.0000, -181.0000, 43.0000,  153, 153, 153
L -277.0000, -181.0000, 43.0000,  -322.0000, -179.0000, 43.0000,  153, 153, 153
L -322.0000, -179.0000, 43.0000,  -325.0000, -193.0000, 43.0000,  153, 153, 153
L -325.0000, -193.0000, 43.0000,  -337.0000, -193.0000, 43.0000,  153, 153, 153
L -337.0000, -193.0000, 43.0000,  -339.0000, -239.0000, 43.0000,  153, 153, 153
L -347.0000, -239.0000, 43.0000,  -347.0000, -239.0000, 43.0000,  153, 153, 153
L -347.0000, -239.0000, 43.0000,  -347.0000, -195.0000, 43.0000,  153, 153, 153
L -347.0000, -195.0000, 43.0000,  -361.0000, -193.0000, 43.0000,  153, 153, 153
L -361.0000, -193.0000, 43.0000,  -361.0000, -155.0000, 43.0000,  153, 153, 153
L -361.0000, -155.0000, 43.0000,  -361.0000, -115.0000, 43.0000,  153, 153, 153
L -325.0000, -115.0000, 43.0000,  -325.0000, -115.0000, 43.0000,  153, 153, 153
L -325.0000, -115.0000, 43.0000,  -325.0000, -146.0000, 43.0000,  153, 153, 153
L -325.0000, -146.0000, 43.0000,  -325.0000, -168.0000, 43.0000,  153, 153, 153
L -325.0000, -168.0000, 43.0000,  -269.0000, -171.0000, 43.0000,  153, 153, 153
L -269.0000, -171.0000, 43.0000,  -269.0000, -251.0000, -94.0000,  153, 153, 153
L -269.0000, -251.0000, -94.0000,  -250.0000, -254.0000, -96.0000,  153, 153, 153
L -250.0000, -254.0000, -96.0000,  -249.0000, -199.0000, -96.0000,  153, 153, 153
L -249.0000, -199.0000, -96.0000,  -208.0000, -199.0000, -236.0000,  153, 153, 153
L -208.0000, -199.0000, -236.0000,  -207.0000, -181.0000, -236.0000,  153, 153, 153
L -199.0000, -181.0000, -236.0000,  -199.0000, -181.0000, -236.0000,  153, 153, 153
L -199.0000, -181.0000, -236.0000,  -199.0000, -183.0000, -236.0000,  153, 153, 153
L -199.0000, -183.0000, -236.0000,  -195.0000, -185.0000, -236.0000,  153, 153, 153
L -195.0000, -185.0000, -236.0000,  -151.0000, -183.0000, -236.0000,  153, 153, 153
L -129.0000, -199.0000, -236.0000,  -129.0000, -199.0000, -236.0000,  153, 153, 153
L -129.0000, -199.0000, -236.0000,  -129.0000, -269.0000, -236.0000,  153, 153, 153
L -129.0000, -269.0000, -236.0000,  -129.0000, -305.0000, -236.0000,  153, 153, 153
L -221.0000, -285.0000, 43.0000,  -221.0000, -285.0000, 43.0000,  153, 153, 153
L -221.0000, -285.0000, 43.0000,  -221.0000, -267.0000, 43.0000,  153, 153, 153
L -213.0000, -285.0000, 43.0000,  -213.0000, -285.0000, 43.0000,  153, 153, 153
L -213.0000, -285.0000, 43.0000,  -213.0000, -269.0000, 43.0000,  153, 153, 153
L -151.0000, -183.0000, -233.0000,  -151.0000, -183.0000, -233.0000,  153, 153, 153
L -151.0000, -183.0000, -233.0000,  -151.0000, -125.0000, -236.0000,  153, 153, 153
L -151.0000, -125.0000, -236.0000,  -165.0000, -123.0000, -236.0000,  153, 153, 153
L -165.0000, -123.0000, -236.0000,  -165.0000, -111.0000, -236.0000,  153, 153, 153
L -165.0000, -111.0000, -236.0000,  -211.0000, -109.0000, -236.0000,  153, 153, 153
L -211.0000, -109.0000, -236.0000,  -213.0000, -123.0000, -236.0000,  153, 153, 153
L -213.0000, -123.0000, -236.0000,  -268.0000, -123.0000, -236.0000,  153, 153, 153
L -268.0000, -123.0000, -236.0000,  -267.0000, -143.0000, -236.0000,  153, 153, 153
L -267.0000, -143.0000, -236.0000,  -194.0000, -142.0000, -236.0000,  153, 153, 153
L -194.0000, -142.0000, -236.0000,  -193.0000, -129.0000, -236.0000,  153, 153, 153
L -193.0000, -129.0000, -236.0000,  -185.0000, -129.0000, -236.0000,  153, 153, 153
L -185.0000, -129.0000, -236.0000,  -185.0000, -141.0000, -236.0000,  153, 153, 153
L -185.0000, -141.0000, -236.0000,  -180.0000, -143.0000, -236.0000,  153, 153, 153
L -180.0000, -143.0000, -236.0000,  -180.0000, -151.0000, -234.0000,  153, 153, 153
L -180.0000, -151.0000, -234.0000,  -185.0000, -154.0000, -236.0000,  153, 153, 153
L -185.0000, -154.0000, -236.0000,  -185.0000, -165.0000, -236.0000,  153, 153, 153
L -185.0000, -165.0000, -236.0000,  -198.0000, -166.0000, -236.0000,  153, 153, 153
L -198.0000, -166.0000, -236.0000,  -199.0000, -173.0000, -236.0000,  153, 153, 153
L -199.0000, -173.0000, -236.0000,  -199.0000, -181.0000, -236.0000,  153, 153, 153
L -207.0000, -181.0000, -236.0000,  -207.0000, -181.0000, -236.0000,  153, 153, 153
L -207.0000, -181.0000, -236.0000,  -208.0000, -166.0000, -236.0000,  153, 153, 153
L -208.0000, -166.0000, -236.0000,  -251.0000, -165.0000, -236.0000,  153, 153, 153
L -251.0000, -165.0000, -236.0000,  -264.0000, -152.0000, -236.0000,  153, 153, 153
L -264.0000, -152.0000, -236.0000,  -277.0000, -151.0000, -236.0000,  153, 153, 153
L -277.0000, -151.0000, -236.0000,  -277.0000, -113.0000, -236.0000,  153, 153, 153
L -277.0000, -113.0000, -236.0000,  -251.0000, -88.0000, -236.0000,  153, 153, 153
L -251.0000, -88.0000, -236.0000,  -213.0000, -87.0000, -236.0000,  153, 153, 153
L -213.0000, -87.0000, -236.0000,  -213.0000, -99.0000, -236.0000,  153, 153, 153
L -213.0000, -99.0000, -236.0000,  -194.0000, -101.0000, -236.0000,  153, 153, 153
L -194.0000, -101.0000, -236.0000,  -193.0000, -69.0000, -236.0000,  153, 153, 153
L -193.0000, -69.0000, -236.0000,  -207.0000, -67.0000, -236.0000,  153, 153, 153
L -207.0000, -67.0000, -236.0000,  -207.0000, -45.0000, -236.0000,  153, 153, 153
L -207.0000, -45.0000, -236.0000,  -171.0000, -45.0000, -231.0000,  153, 153, 153
L -171.0000, -45.0000, -231.0000,  -171.0000, -67.0000, -231.0000,  153, 153, 153
L -171.0000, -67.0000, -231.0000,  -183.0000, -67.0000, -236.0000,  153, 153, 153
L -183.0000, -67.0000, -236.0000,  -185.0000, -99.0000, -236.0000,  153, 153, 153
L -185.0000, -99.0000, -236.0000,  -159.0000, -101.0000, -236.0000,  153, 153, 153
L -159.0000, -101.0000, -236.0000,  -157.0000, -112.0000, -236.0000,  153, 153, 153
L -157.0000, -112.0000, -236.0000,  -143.0000, -115.0000, -236.0000,  153, 153, 153
L -143.0000, -115.0000, -236.0000,  -143.0000, -195.0000, -236.0000,  153, 153, 153
L -143.0000, -195.0000, -236.0000,  -129.0000, -199.0000, -236.0000,  153, 153, 153
L -226.0000, -255.0000, -96.0000,  -226.0000, -255.0000, -96.0000,  153, 153, 153
L -226.0000, -255.0000, -96.0000,  -213.0000, -255.0000, -90.0000,  153, 153, 153
L -213.0000, -255.0000, -90.0000,  -213.0000, -263.0000, -96.0000,  153, 153, 153
L -213.0000, -263.0000, -96.0000,  -213.0000, -270.0000, 43.0000,  153, 153, 153
L -221.0000, -268.0000, 43.0000,  -221.0000, -268.0000, 43.0000,  153, 153, 153
L -221.0000, -268.0000, 43.0000,  -222.0000, -263.0000, -96.0000,  153, 153, 153
L -222.0000, -263.0000, -96.0000,  -228.0000, -263.0000, -96.0000,  153, 153, 153
L -339.0000, -239.0000, 43.0000,  -339.0000, -239.0000, 43.0000,  153, 153, 153
L -339.0000, -239.0000, 43.0000,  -339.0000, -253.0000, 43.0000,  153, 153, 153
L -339.0000, -253.0000, 43.0000,  -321.0000, -255.0000, 43.0000,  153, 153, 153
L -321.0000, -255.0000, 43.0000,  -319.0000, -243.0000, 43.0000,  153, 153, 153
L -319.0000, -243.0000, 43.0000,  -319.0000, -232.0000, 43.0000,  153, 153, 153
L -319.0000, -232.0000, 43.0000,  -319.0000, -213.0000, 43.0000,  153, 153, 153
L -319.0000, -213.0000, 43.0000,  -297.0000, -213.0000, 43.0000,  153, 153, 153
L -297.0000, -213.0000, 43.0000,  -297.0000, -235.0000, 66.0000,  153, 153, 153
L -297.0000, -235.0000, 66.0000,  -309.0000, -235.0000, 53.0000,  153, 153, 153
L -309.0000, -235.0000, 53.0000,  -311.0000, -247.0000, 43.0000,  153, 153, 153
L -311.0000, -247.0000, 43.0000,  -311.0000, -289.0000, 43.0000,  153, 153, 153
L -311.0000, -289.0000, 43.0000,  -319.0000, -289.0000, 43.0000,  153, 153, 153
L -319.0000, -289.0000, 43.0000,  -320.0000, -263.0000, 43.0000,  153, 153, 153
L -320.0000, -263.0000, 43.0000,  -347.0000, -263.0000, 43.0000,  153, 153, 153
L -347.0000, -263.0000, 43.0000,  -347.0000, -247.0000, 43.0000,  153, 153, 153
L -347.0000, -247.0000, 43.0000,  -347.0000, -239.0000, 43.0000,  153, 153, 153
L -361.0000, -115.0000, 43.0000,  -361.0000, -115.0000, 43.0000,  153, 153, 153
L -361.0000, -115.0000, 43.0000,  -347.0000, -113.0000, 43.0000,  153, 153, 153
L -347.0000, -113.0000, 43.0000,  -347.0000, -75.0000, 43.0000,  153, 153, 153
L -347.0000, -75.0000, 43.0000,  -348.0000, -65.0000, 34.0000,  153, 153, 153
L -348.0000, -65.0000, 34.0000,  -360.0000, -72.0000, 45.0000,  153, 153, 153
L -360.0000, -72.0000, 45.0000,  -378.0000, -81.0000, 44.0000,  153, 153, 153
L -378.0000, -81.0000, 44.0000,  -390.0000, -81.0000, 44.0000,  153, 153, 153
L -390.0000, -81.0000, 44.0000,  -404.0000, -53.0000, 48.0000,  153, 153, 153
L -404.0000, -53.0000, 48.0000,  -421.0000, -67.0000, 44.0000,  153, 153, 153
L -421.0000, -67.0000, 44.0000,  -432.0000, -67.0000, 44.0000,  153, 153, 153
L -432.0000, -67.0000, 44.0000,  -446.0000, -39.0000, 45.0000,  153, 153, 153
L -446.0000, -39.0000, 45.0000,  -462.0000, -39.0000, 44.0000,  153, 153, 153
L -462.0000, -39.0000, 44.0000,  -465.0000, -69.0000, 46.0000,  153, 153, 153
L -465.0000, -69.0000, 46.0000,  -477.0000, -81.0000, 44.0000,  153, 153, 153
L -477.0000, -81.0000, 44.0000,  -488.0000, -80.0000, 44.0000,  153, 153, 153
L -488.0000, -80.0000, 44.0000,  -495.0000, -67.0000, 46.0000,  153, 153, 153
L -495.0000, -67.0000, 46.0000,  -495.0000, -67.0000, 46.0000,  153, 153, 153
L -495.0000, -67.0000, 46.0000,  -500.0000, -56.0000, 48.0000,  153, 153, 153
L -500.0000, -56.0000, 48.0000,  -502.0000, -39.0000, 47.0000,  153, 153, 153
L -502.0000, -39.0000, 47.0000,  -515.0000, -39.0000, 44.0000,  153, 153, 153
L -515.0000, -39.0000, 44.0000,  -528.0000, -15.0000, 48.0000,  153, 153, 153
L -528.0000, -15.0000, 48.0000,  -515.0000, 29.0000, 44.0000,  153, 153, 153
L -515.0000, 29.0000, 44.0000,  -546.0000, 16.0000, 44.0000,  153, 153, 153
L -546.0000, 16.0000, 44.0000,  -556.0000, 16.0000, 44.0000,  153, 153, 153
L -556.0000, 16.0000, 44.0000,  -543.0000, 55.0000, 48.0000,  153, 153, 153
L -543.0000, 55.0000, 48.0000,  -595.0000, 58.0000, 43.0000,  153, 153, 153
L -595.0000, 58.0000, 43.0000,  -601.0000, 61.0000, 46.0000,  153, 153, 153
L -601.0000, 61.0000, 46.0000,  -613.0000, 99.0000, 43.0000,  153, 153, 153
L -613.0000, 99.0000, 43.0000,  -631.0000, 100.0000, 43.0000,  153, 153, 153
L -631.0000, 100.0000, 43.0000,  -646.0000, 58.0000, 43.0000,  153, 153, 153
L -646.0000, 58.0000, 43.0000,  -702.0000, 57.0000, 43.0000,  153, 153, 153
L -702.0000, 57.0000, 43.0000,  -721.0000, 32.0000, 92.0000,  153, 153, 153
L -721.0000, 32.0000, 92.0000,  -748.0000, 32.0000, 72.0000,  153, 153, 153
L -748.0000, 32.0000, 72.0000,  -777.0000, 61.0000, 63.0000,  153, 153, 153
L -777.0000, 61.0000, 63.0000,  -841.0000, 62.0000, 43.0000,  153, 153, 153
L -841.0000, 62.0000, 43.0000,  -843.0000, 2.0000, 43.0000,  153, 153, 153
L -843.0000, 2.0000, 43.0000,  -863.0000, 2.0000, 43.0000,  153, 153, 153
L -336.0000, -18.0000, 41.0000,  -336.0000, -18.0000, 41.0000,  153, 153, 153
L -336.0000, -18.0000, 41.0000,  -319.0000, 53.0000, 43.0000,  153, 153, 153
L -319.0000, 53.0000, 43.0000,  -281.0000, 79.0000, 43.0000,  153, 153, 153
L -281.0000, 79.0000, 43.0000,  -240.0000, 53.0000, 41.0000,  153, 153, 153
L -240.0000, 53.0000, 41.0000,  -208.0000, 80.0000, 43.0000,  153, 153, 153
L -208.0000, 80.0000, 43.0000,  -196.0000, 80.0000, 45.0000,  153, 153, 153
L -196.0000, 80.0000, 45.0000,  -183.0000, 55.0000, 54.0000,  153, 153, 153
L -183.0000, 55.0000, 54.0000,  -157.0000, 51.0000, 63.0000,  153, 153, 153
L -157.0000, 51.0000, 63.0000,  -152.0000, 37.0000, 43.0000,  153, 153, 153
L -152.0000, 37.0000, 43.0000,  -145.0000, 36.0000, 40.0000,  153, 153, 153
L -145.0000, 36.0000, 40.0000,  -139.0000, 34.0000, 38.0000,  153, 153, 153
L -139.0000, 34.0000, 38.0000,  -133.0000, 38.0000, 40.0000,  153, 153, 153
L -133.0000, 38.0000, 40.0000,  -129.0000, 38.0000, 38.0000,  153, 153, 153
L -129.0000, 38.0000, 38.0000,  -129.0000, 27.0000, 34.0000,  153, 153, 153
L -129.0000, 27.0000, 34.0000,  -123.0000, 24.0000, 43.0000,  153, 153, 153
L -123.0000, 24.0000, 43.0000,  -119.0000, 20.0000, 43.0000,  153, 153, 153
L -119.0000, 20.0000, 43.0000,  -112.0000, 24.0000, 43.0000,  153, 153, 153
L -112.0000, 24.0000, 43.0000,  -109.0000, 38.0000, 43.0000,  153, 153, 153
L -109.0000, 38.0000, 43.0000,  -73.0000, 38.0000, 43.0000,  153, 153, 153
L -73.0000, 38.0000, 43.0000,  -72.0000, -2.0000, 43.0000,  153, 153, 153
L -72.0000, -2.0000, 43.0000,  -26.0000, -2.0000, 43.0000,  153, 153, 153
L -26.0000, -2.0000, 43.0000,  -25.0000, 24.0000, 88.0000,  153, 153, 153
L -25.0000, 24.0000, 88.0000,  24.0000, 24.0000, 43.0000,  153, 153, 153
L 24.0000, 24.0000, 43.0000,  24.0000, 12.0000, 43.0000,  153, 153, 153
L 24.0000, 12.0000, 43.0000,  100.0000, 13.0000, 43.0000,  153, 153, 153
L 100.0000, 13.0000, 43.0000,  99.0000, 29.0000, 43.0000,  153, 153, 153
L 100.0000, -39.0000, 43.0000,  100.0000, -39.0000, 43.0000,  153, 153, 153
L 100.0000, -39.0000, 43.0000,  100.0000, -23.0000, 43.0000,  153, 153, 153
L 100.0000, -23.0000, 43.0000,  95.0000, -11.0000, 43.0000,  153, 153, 153
L 95.0000, -11.0000, 43.0000,  81.0000, -12.0000, 43.0000,  153, 153, 153
L 81.0000, -12.0000, 43.0000,  80.0000, -37.0000, 43.0000,  153, 153, 153
L 58.0000, -37.0000, 51.0000,  58.0000, -37.0000, 51.0000,  153, 153, 153
L 58.0000, -37.0000, 51.0000,  56.0000, -11.0000, 43.0000,  153, 153, 153
L 56.0000, -11.0000, 43.0000,  25.0000, -11.0000, 43.0000,  153, 153, 153
L 25.0000, -11.0000, 43.0000,  24.0000, -25.0000, 43.0000,  153, 153, 153
L 24.0000, -25.0000, 43.0000,  -25.0000, -25.0000, 43.0000,  153, 153, 153
L -25.0000, -25.0000, 43.0000,  -25.0000, -13.0000, 43.0000,  153, 153, 153
L -25.0000, -13.0000, 43.0000,  -81.0000, -11.0000, 43.0000,  153, 153, 153
L -325.0000, -115.0000, 43.0000,  -325.0000, -115.0000, 43.0000,  153, 153, 153
L -325.0000, -115.0000, 43.0000,  -339.0000, -113.0000, 43.0000,  153, 153, 153
L -339.0000, -113.0000, 43.0000,  -339.0000, -75.0000, 43.0000,  153, 153, 153
L -339.0000, -75.0000, 43.0000,  -341.0000, -68.0000, 34.0000,  153, 153, 153
L -341.0000, -68.0000, 34.0000,  -332.0000, -65.0000, 34.0000,  153, 153, 153
L -332.0000, -65.0000, 34.0000,  -313.0000, -55.0000, 36.0000,  153, 153, 153
L -313.0000, -55.0000, 36.0000,  -305.0000, -51.0000, 43.0000,  153, 153, 153
L -305.0000, -51.0000, 43.0000,  -293.0000, -53.0000, 43.0000,  153, 153, 153
L -293.0000, -53.0000, 43.0000,  -291.0000, -98.0000, 43.0000,  153, 153, 153
L -291.0000, -98.0000, 43.0000,  -305.0000, -101.0000, 43.0000,  153, 153, 153
L -305.0000, -101.0000, 43.0000,  -305.0000, -137.0000, 43.0000,  153, 153, 153
L -305.0000, -137.0000, 43.0000,  -305.0000, -137.0000, 43.0000,  255, 255, 0
L -305.0000, -137.0000, 43.0000,  -271.0000, -137.0000, 43.0000,  255, 255, 0
L -271.0000, -137.0000, 43.0000,  -269.0000, -101.0000, 43.0000,  255, 255, 0
L -269.0000, -101.0000, 43.0000,  -281.0000, -101.0000, 43.0000,  255, 255, 0
L -281.0000, -101.0000, 43.0000,  -283.0000, -45.0000, 46.0000,  255, 255, 0
L -283.0000, -45.0000, 46.0000,  -303.0000, -45.0000, 43.0000,  255, 255, 0
L -303.0000, -45.0000, 43.0000,  -303.0000, -45.0000, 43.0000,  153, 153, 153
L -303.0000, -45.0000, 43.0000,  -313.0000, -40.0000, 38.0000,  153, 153, 153
L -313.0000, -40.0000, 38.0000,  -325.0000, -14.0000, 43.0000,  153, 153, 153
L -325.0000, -14.0000, 43.0000,  -307.0000, 16.0000, 43.0000,  153, 153, 153
L -307.0000, 16.0000, 43.0000,  -294.0000, 16.0000, 43.0000,  153, 153, 153
L -294.0000, 16.0000, 43.0000,  -291.0000, -13.0000, 33.0000,  153, 153, 153
L -291.0000, -13.0000, 33.0000,  -268.0000, -35.0000, 33.0000,  153, 153, 153
L -268.0000, -35.0000, 33.0000,  -262.0000, -38.0000, 33.0000,  153, 153, 153
L -262.0000, -38.0000, 33.0000,  -263.0000, -49.0000, 43.0000,  153, 153, 153
L -263.0000, -49.0000, 43.0000,  -263.0000, -81.0000, 43.0000,  153, 153, 153
L -263.0000, -81.0000, 43.0000,  -263.0000, -81.0000, 43.0000,  255, 255, 0
L -263.0000, -81.0000, 43.0000,  -222.0000, -82.0000, 43.0000,  255, 255, 0
L -222.0000, -82.0000, 43.0000,  -221.0000, -128.0000, 43.0000,  255, 255, 0
L -221.0000, -128.0000, 43.0000,  -235.0000, -129.0000, 43.0000,  255, 255, 0
L -235.0000, -129.0000, 43.0000,  -235.0000, -179.0000, 61.0000,  255, 255, 0
L -235.0000, -179.0000, 61.0000,  -199.0000, -179.0000, 68.0000,  255, 255, 0
L -199.0000, -179.0000, 68.0000,  -198.0000, -166.0000, 44.0000,  255, 255, 0
L -198.0000, -166.0000, 44.0000,  -171.0000, -165.0000, 43.0000,  255, 255, 0
L -171.0000, -165.0000, 43.0000,  -171.0000, -143.0000, 43.0000,  255, 255, 0
L -171.0000, -143.0000, 43.0000,  -196.0000, -143.0000, 43.0000,  255, 255, 0
L -196.0000, -143.0000, 43.0000,  -199.0000, -129.0000, 43.0000,  255, 255, 0
L -199.0000, -129.0000, 43.0000,  -212.0000, -129.0000, 46.0000,  255, 255, 0
L -212.0000, -129.0000, 46.0000,  -213.0000, -76.0000, 43.0000,  255, 255, 0
L -213.0000, -76.0000, 43.0000,  -254.0000, -73.0000, 43.0000,  255, 255, 0
L -253.0000, -73.0000, 43.0000,  -253.0000, -73.0000, 43.0000,  153, 153, 153
L -253.0000, -73.0000, 43.0000,  -255.0000, -48.0000, 43.0000,  153, 153, 153
L -255.0000, -48.0000, 43.0000,  -255.0000, -37.0000, 33.0000,  153, 153, 153
L -255.0000, -37.0000, 33.0000,  -242.0000, -28.0000, 33.0000,  153, 153, 153
L -242.0000, -28.0000, 33.0000,  -231.0000, -35.0000, 43.0000,  153, 153, 153
L -231.0000, -35.0000, 43.0000,  -231.0000, -35.0000, 43.0000,  255, 255, 0
L -231.0000, -35.0000, 43.0000,  -223.0000, -52.0000, 43.0000,  255, 255, 0
L -223.0000, -52.0000, 43.0000,  -198.0000, -53.0000, 43.0000,  255, 255, 0
L -198.0000, -53.0000, 43.0000,  -188.0000, -52.0000, 138.0000,  255, 255, 0
L -188.0000, -52.0000, 138.0000,  -164.0000, -43.0000, 230.0000,  255, 255, 0
L -164.0000, -43.0000, 230.0000,  -157.0000, -24.0000, 88.0000,  255, 255, 0
L -157.0000, -24.0000, 88.0000,  -156.0000, -12.0000, 46.0000,  255, 255, 0
L -156.0000, -12.0000, 46.0000,  -156.0000, -12.0000, 46.0000,  153, 153, 153
L -156.0000, -12.0000, 46.0000,  -146.0000, -5.0000, 55.0000,  153, 153, 153
L -146.0000, -5.0000, 55.0000,  -129.0000, -11.0000, 34.0000,  153, 153, 153
L -129.0000, -11.0000, 34.0000,  -129.0000, 0.0000, 34.0000,  153, 153, 153
L -129.0000, 0.0000, 34.0000,  -123.0000, 2.0000, 43.0000,  153, 153, 153
L -123.0000, 2.0000, 43.0000,  -119.0000, 15.0000, 43.0000,  153, 153, 153
L -119.0000, 15.0000, 43.0000,  -115.0000, 2.0000, 43.0000,  153, 153, 153
L -115.0000, 2.0000, 43.0000,  -101.0000, 2.0000, 43.0000,  153, 153, 153
L -101.0000, 2.0000, 43.0000,  -96.0000, 9.0000, 63.0000,  153, 153, 153
L -96.0000, 9.0000, 63.0000,  -91.0000, 10.0000, 83.0000,  153, 153, 153
L -91.0000, 10.0000, 83.0000,  -91.0000, 14.0000, 91.0000,  153, 153, 153
L -91.0000, 14.0000, 91.0000,  -100.0000, 21.0000, 43.0000,  153, 153, 153
L -100.0000, 21.0000, 43.0000,  -101.0000, 26.0000, 43.0000,  153, 153, 153
L -101.0000, 26.0000, 43.0000,  -101.0000, 28.0000, 43.0000,  153, 153, 153
L -101.0000, 28.0000, 43.0000,  -83.0000, 30.0000, 43.0000,  153, 153, 153
L -83.0000, 30.0000, 43.0000,  -81.0000, -11.0000, 43.0000,  153, 153, 153
L 58.0000, 2.0000, -236.0000,  58.0000, 2.0000, -236.0000,  255, 255, 0
L 58.0000, 2.0000, -236.0000,  58.0000, 84.0000, -226.0000,  255, 255, 0
L 58.0000, 84.0000, -226.0000,  40.0000, 86.0000, -226.0000,  255, 255, 0
L 40.0000, 86.0000, -226.0000,  29.0000, 86.0000, -226.0000,  255, 255, 0
L 29.0000, 86.0000, -226.0000,  24.0000, 74.0000, -226.0000,  255, 255, 0
L 24.0000, 74.0000, -226.0000,  -11.0000, 72.0000, -202.0000,  255, 255, 0
L -11.0000, 72.0000, -202.0000,  -11.0000, 108.0000, -197.0000,  255, 255, 0
L -11.0000, 108.0000, -197.0000,  24.0000, 108.0000, -188.0000,  255, 255, 0
L 24.0000, 108.0000, -188.0000,  24.0000, 97.0000, -226.0000,  255, 255, 0
L 24.0000, 97.0000, -226.0000,  33.0000, 93.0000, -226.0000,  255, 255, 0
L 33.0000, 93.0000, -226.0000,  44.0000, 108.0000, -226.0000,  255, 255, 0
L 44.0000, 108.0000, -226.0000,  57.0000, 109.0000, -226.0000,  255, 255, 0
L 57.0000, 109.0000, -226.0000,  58.0000, 112.0000, -226.0000,  255, 255, 0
L 66.0000, 112.0000, -226.0000,  66.0000, 112.0000, -226.0000,  255, 255, 0
L 66.0000, 112.0000, -226.0000,  66.0000, 96.0000, -226.0000,  255, 255, 0
L 66.0000, 96.0000, -226.0000,  169.0000, 94.0000, -236.0000,  255, 255, 0
L 169.0000, 94.0000, -236.0000,  170.0000, 136.0000, -236.0000,  255, 255, 0
L 170.0000, 136.0000, -236.0000,  182.0000, 136.0000, -236.0000,  255, 255, 0
L 182.0000, 136.0000, -236.0000,  191.0000, 136.0000, -236.0000,  255, 255, 0
L 191.0000, 136.0000, -236.0000,  206.0000, 136.0000, -236.0000,  255, 255, 0
L 206.0000, 136.0000, -236.0000,  208.0000, 108.0000, -236.0000,  255, 255, 0
L 208.0000, 108.0000, -236.0000,  253.0000, 109.0000, -236.0000,  255, 255, 0
L 253.0000, 109.0000, -236.0000,  254.0000, 124.0000, -236.0000,  255, 255, 0
L 254.0000, 124.0000, -236.0000,  267.0000, 136.0000, -236.0000,  255, 255, 0
L 267.0000, 136.0000, -236.0000,  277.0000, 136.0000, -236.0000,  255, 255, 0
L 277.0000, 136.0000, -236.0000,  290.0000, 124.0000, -236.0000,  255, 255, 0
L 290.0000, 124.0000, -236.0000,  290.0000, 86.0000, -236.0000,  255, 255, 0
L 290.0000, 86.0000, -236.0000,  276.0000, 84.0000, -236.0000,  255, 255, 0
L 276.0000, 84.0000, -236.0000,  276.0000, 2.0000, -96.0000,  255, 255, 0
L 276.0000, 2.0000, -96.0000,  248.0000, 0.0000, -96.0000,  255, 255, 0
L 249.0000, 1.0000, -96.0000,  249.0000, 1.0000, -96.0000,  153, 153, 153
L 249.0000, 1.0000, -96.0000,  248.0000, -58.0000, -96.0000,  153, 153, 153
L 248.0000, -58.0000, -96.0000,  265.0000, -59.0000, -96.0000,  153, 153, 153
L 265.0000, -59.0000, -96.0000,  268.0000, -31.0000, -96.0000,  153, 153, 153
L 268.0000, -31.0000, -96.0000,  283.0000, -31.0000, -96.0000,  153, 153, 153
L 283.0000, -31.0000, -96.0000,  294.0000, -31.0000, -96.0000,  153, 153, 153
L 294.0000, -31.0000, -96.0000,  298.0000, -18.0000, -83.0000,  153, 153, 153
L 298.0000, -18.0000, -83.0000,  332.0000, -17.0000, -74.0000,  153, 153, 153
L 332.0000, -17.0000, -74.0000,  332.0000, -49.0000, -96.0000,  153, 153, 153
L 332.0000, -49.0000, -96.0000,  296.0000, -53.0000, -96.0000,  153, 153, 153
L 296.0000, -53.0000, -96.0000,  296.0000, -41.0000, -96.0000,  153, 153, 153
L 296.0000, -41.0000, -96.0000,  292.0000, -37.0000, -96.0000,  153, 153, 153
L 292.0000, -37.0000, -96.0000,  278.0000, -39.0000, -96.0000,  153, 153, 153
L 278.0000, -39.0000, -96.0000,  276.0000, -67.0000, -96.0000,  153, 153, 153
L 276.0000, -67.0000, -96.0000,  220.0000, -68.0000, -96.0000,  153, 153, 153
L 220.0000, -68.0000, -96.0000,  220.0000, -115.0000, -96.0000,  153, 153, 153
L 220.0000, -115.0000, -96.0000,  219.0000, -124.0000, -96.0000,  153, 153, 153
L 219.0000, -124.0000, -96.0000,  221.0000, -143.0000, -106.0000,  153, 153, 153
L 221.0000, -143.0000, -106.0000,  236.0000, -143.0000, -106.0000,  153, 153, 153
L 236.0000, -143.0000, -106.0000,  248.0000, -156.0000, -106.0000,  153, 153, 153
L 248.0000, -156.0000, -106.0000,  247.0000, -181.0000, -106.0000,  153, 153, 153
L 247.0000, -181.0000, -106.0000,  236.0000, -193.0000, -106.0000,  153, 153, 153
L 236.0000, -193.0000, -106.0000,  196.0000, -193.0000, -106.0000,  153, 153, 153
L 196.0000, -193.0000, -106.0000,  186.0000, -183.0000, -106.0000,  153, 153, 153
L 186.0000, -183.0000, -106.0000,  184.0000, -155.0000, -81.0000,  153, 153, 153
L 184.0000, -155.0000, -81.0000,  196.0000, -143.0000, -106.0000,  153, 153, 153
L 196.0000, -143.0000, -106.0000,  210.0000, -143.0000, -106.0000,  153, 153, 153
L 210.0000, -143.0000, -106.0000,  212.0000, -123.0000, -96.0000,  153, 153, 153
L 212.0000, -123.0000, -96.0000,  213.0000, -113.0000, -96.0000,  153, 153, 153
L 213.0000, -113.0000, -96.0000,  212.0000, -84.0000, -96.0000,  153, 153, 153
L 212.0000, -84.0000, -96.0000,  206.0000, -81.0000, -96.0000,  153, 153, 153
L 206.0000, -81.0000, -96.0000,  170.0000, -81.0000, -96.0000,  153, 153, 153
L 170.0000, -81.0000, -96.0000,  170.0000, -52.0000, -96.0000,  153, 153, 153
L 170.0000, -52.0000, -96.0000,  170.0000, -41.0000, -96.0000,  153, 153, 153
L 170.0000, -41.0000, -96.0000,  169.0000, -25.0000, -96.0000,  153, 153, 153
L 169.0000, -25.0000, -96.0000,  142.0000, -25.0000, -36.0000,  153, 153, 153
L 142.0000, -25.0000, -36.0000,  142.0000, 0.0000, 43.0000,  153, 153, 153
L 142.0000, 0.0000, 43.0000,  141.0000, 29.0000, 43.0000,  153, 153, 153
L 141.0000, 29.0000, 43.0000,  109.0000, 29.0000, 43.0000,  153, 153, 153
L 109.0000, 29.0000, 43.0000,  108.0000, 22.0000, 43.0000,  153, 153, 153
L 108.0000, 22.0000, 43.0000,  108.0000, 11.0000, 43.0000,  153, 153, 153
L 108.0000, 11.0000, 43.0000,  108.0000, -15.0000, 43.0000,  153, 153, 153
L 108.0000, -15.0000, 43.0000,  108.0000, -25.0000, 43.0000,  153, 153, 153
L 108.0000, -25.0000, 43.0000,  108.0000, -30.0000, 43.0000,  153, 153, 153
L 108.0000, -30.0000, 43.0000,  122.0000, -31.0000, 43.0000,  153, 153, 153
L 122.0000, -31.0000, 43.0000,  123.0000, -44.0000, 43.0000,  153, 153, 153
L 123.0000, -44.0000, 43.0000,  150.0000, -45.0000, 43.0000,  153, 153, 153
L 150.0000, -45.0000, 43.0000,  150.0000, -83.0000, 43.0000,  153, 153, 153
L 150.0000, -83.0000, 43.0000,  150.0000, -99.0000, 13.0000,  153, 153, 153
L 150.0000, -99.0000, 13.0000,  164.0000, -101.0000, 45.0000,  153, 153, 153
L 164.0000, -101.0000, 45.0000,  164.0000, -137.0000, 45.0000,  153, 153, 153
L 164.0000, -137.0000, 45.0000,  128.0000, -137.0000, 45.0000,  153, 153, 153
L 128.0000, -137.0000, 45.0000,  128.0000, -101.0000, 45.0000,  153, 153, 153
L 128.0000, -101.0000, 45.0000,  140.0000, -101.0000, 13.0000,  153, 153, 153
L 140.0000, -101.0000, 13.0000,  142.0000, -55.0000, 43.0000,  153, 153, 153
L 142.0000, -55.0000, 43.0000,  118.0000, -53.0000, 43.0000,  153, 153, 153
L 118.0000, -53.0000, 43.0000,  113.0000, -40.0000, 43.0000,  153, 153, 153
L 113.0000, -40.0000, 43.0000,  100.0000, -39.0000, 43.0000,  153, 153, 153
L 58.0000, 2.0000, -236.0000,  58.0000, 2.0000, -236.0000,  255, 255, 0
L 58.0000, 2.0000, -236.0000,  122.0000, 2.0000, -236.0000,  255, 255, 0
L 122.0000, 2.0000, -236.0000,  122.0000, 14.0000, -236.0000,  255, 255, 0
L 122.0000, 14.0000, -236.0000,  178.0000, 16.0000, -230.0000,  255, 255, 0
L 178.0000, 16.0000, -230.0000,  178.0000, 125.0000, -236.0000,  255, 255, 0
L 178.0000, 125.0000, -236.0000,  180.0000, 128.0000, -236.0000,  255, 255, 0
L 180.0000, 128.0000, -236.0000,  198.0000, 122.0000, -236.0000,  255, 255, 0
L 198.0000, 122.0000, -236.0000,  198.0000, 58.0000, -223.0000,  255, 255, 0
L 198.0000, 58.0000, -223.0000,  226.0000, 58.0000, -186.0000,  255, 255, 0
L 226.0000, 58.0000, -186.0000,  228.0000, 66.0000, -170.0000,  255, 255, 0
L 228.0000, 66.0000, -170.0000,  207.0000, 66.0000, -236.0000,  255, 255, 0
L 207.0000, 66.0000, -236.0000,  206.0000, 97.0000, -236.0000,  255, 255, 0
L 206.0000, 97.0000, -236.0000,  250.0000, 100.0000, -236.0000,  255, 255, 0
L 250.0000, 100.0000, -236.0000,  254.0000, 86.0000, -236.0000,  255, 255, 0
L 254.0000, 86.0000, -236.0000,  266.0000, 86.0000, -236.0000,  255, 255, 0
L 266.0000, 86.0000, -236.0000,  268.0000, 12.0000, -96.0000,  255, 255, 0
L 268.0000, 12.0000, -96.0000,  240.0000, 10.0000, -96.0000,  255, 255, 0
L 240.0000, 10.0000, -96.0000,  240.0000, 10.0000, -96.0000,  153, 153, 153
L 240.0000, 10.0000, -96.0000,  240.0000, -15.0000, -96.0000,  153, 153, 153
L 240.0000, -15.0000, -96.0000,  204.0000, -17.0000, -96.0000,  153, 153, 153
L 204.0000, -17.0000, -96.0000,  196.0000, -17.0000, -96.0000,  153, 153, 153
L 196.0000, -17.0000, -96.0000,  180.0000, -17.0000, -96.0000,  153, 153, 153
L 180.0000, -17.0000, -96.0000,  178.0000, -1.0000, -96.0000,  153, 153, 153
L 136.0000, 140.0000, -226.0000,  136.0000, 140.0000, -226.0000,  255, 255, 0
L 136.0000, 140.0000, -226.0000,  126.0000, 130.0000, -226.0000,  255, 255, 0
L 126.0000, 130.0000, -226.0000,  112.0000, 128.0000, -226.0000,  255, 255, 0
L 112.0000, 128.0000, -226.0000,  100.0000, 141.0000, -226.0000,  255, 255, 0
L 100.0000, 141.0000, -226.0000,  94.0000, 142.0000, -226.0000,  255, 255, 0
L 94.0000, 150.0000, -226.0000,  94.0000, 150.0000, -226.0000,  255, 255, 0
L 94.0000, 150.0000, -226.0000,  101.0000, 152.0000, -226.0000,  255, 255, 0
L 101.0000, 152.0000, -226.0000,  113.0000, 164.0000, -226.0000,  255, 255, 0
L 113.0000, 164.0000, -226.0000,  124.0000, 164.0000, -226.0000,  255, 255, 0
L 124.0000, 164.0000, -226.0000,  136.0000, 152.0000, -226.0000,  255, 255, 0
L 136.0000, 152.0000, -226.0000,  136.0000, 140.0000, -226.0000,  255, 255, 0
L 86.0000, 142.0000, -226.0000,  86.0000, 142.0000, -226.0000,  255, 255, 0
L 86.0000, 142.0000, -226.0000,  79.0000, 139.0000, -226.0000,  255, 255, 0
L 79.0000, 139.0000, -226.0000,  80.0000, 128.0000, -226.0000,  255, 255, 0
L 80.0000, 128.0000, -226.0000,  69.0000, 128.0000, -226.0000,  255, 255, 0
L 69.0000, 128.0000, -226.0000,  66.0000, 120.0000, -226.0000,  255, 255, 0
L 58.0000, 120.0000, -226.0000,  58.0000, 120.0000, -226.0000,  255, 255, 0
L 58.0000, 120.0000, -226.0000,  58.0000, 125.0000, -226.0000,  255, 255, 0
L 58.0000, 125.0000, -226.0000,  47.0000, 128.0000, -226.0000,  255, 255, 0
L 47.0000, 128.0000, -226.0000,  44.0000, 164.0000, -226.0000,  255, 255, 0
L 44.0000, 164.0000, -226.0000,  80.0000, 164.0000, -226.0000,  255, 255, 0
L 80.0000, 164.0000, -226.0000,  80.0000, 156.0000, -226.0000,  255, 255, 0
L 80.0000, 156.0000, -226.0000,  86.0000, 150.0000, -226.0000,  255, 255, 0
L 168.0000, 70.0000, -236.0000,  168.0000, 70.0000, -236.0000,  255, 255, 0
L 168.0000, 70.0000, -236.0000,  169.0000, 27.0000, -236.0000,  255, 255, 0
L 169.0000, 27.0000, -236.0000,  124.0000, 26.0000, -236.0000,  255, 255, 0
L 124.0000, 26.0000, -236.0000,  123.0000, 70.0000, -236.0000,  255, 255, 0
L 123.0000, 70.0000, -236.0000,  138.0000, 72.0000, -236.0000,  255, 255, 0
L 150.0000, 72.0000, -236.0000,  150.0000, 72.0000, -236.0000,  255, 255, 0
L 150.0000, 72.0000, -236.0000,  168.0000, 70.0000, -236.0000,  255, 255, 0
L 97.0000, 58.0000, -236.0000,  97.0000, 58.0000, -236.0000,  255, 255, 0
L 97.0000, 58.0000, -236.0000,  112.0000, 56.0000, -236.0000,  255, 255, 0
L 112.0000, 56.0000, -236.0000,  112.0000, 12.0000, -236.0000,  255, 255, 0
L 112.0000, 12.0000, -236.0000,  68.0000, 12.0000, -236.0000,  255, 255, 0
L 68.0000, 12.0000, -236.0000,  68.0000, 56.0000, -236.0000,  255, 255, 0
L 68.0000, 56.0000, -236.0000,  84.0000, 58.0000, -236.0000,  255, 255, 0
L 99.0000, 30.0000, 43.0000,  99.0000, 30.0000, 43.0000,  153, 153, 153
L 99.0000, 30.0000, 43.0000,  58.0000, 30.0000, 43.0000,  153, 153, 153
L 58.0000, 30.0000, 43.0000,  58.0000, 52.0000, 43.0000,  153, 153, 153
L 58.0000, 52.0000, 43.0000,  66.0000, 52.0000, 43.0000,  153, 153, 153
L 66.0000, 52.0000, 43.0000,  66.0000, 39.0000, 43.0000,  153, 153, 153
L 66.0000, 39.0000, 43.0000,  78.0000, 38.0000, 43.0000,  153, 153, 153
L 78.0000, 38.0000, 43.0000,  111.0000, 38.0000, 43.0000,  153, 153, 153
L 111.0000, 38.0000, 43.0000,  141.0000, 39.0000, 43.0000,  153, 153, 153
L 204.0000, -25.0000, -96.0000,  204.0000, -25.0000, -96.0000,  153, 153, 153
L 204.0000, -25.0000, -96.0000,  238.0000, -25.0000, -96.0000,  153, 153, 153
L 238.0000, -25.0000, -96.0000,  240.0000, -56.0000, -96.0000,  153, 153, 153
L 240.0000, -56.0000, -96.0000,  212.0000, -59.0000, -96.0000,  153, 153, 153
L 212.0000, -59.0000, -96.0000,  211.0000, -72.0000, -96.0000,  153, 153, 153
L 211.0000, -72.0000, -96.0000,  208.0000, -73.0000, -96.0000,  153, 153, 153
L 208.0000, -73.0000, -96.0000,  180.0000, -73.0000, -96.0000,  153, 153, 153
L 180.0000, -73.0000, -96.0000,  178.0000, -51.0000, -96.0000,  153, 153, 153
L 178.0000, -51.0000, -96.0000,  178.0000, -43.0000, -96.0000,  153, 153, 153
L 178.0000, -43.0000, -96.0000,  179.0000, -26.0000, -96.0000,  153, 153, 153
L 179.0000, -26.0000, -96.0000,  196.0000, -25.0000, -96.0000,  153, 153, 153
L 196.0000, -25.0000, -96.0000,  204.0000, -25.0000, -96.0000,  153, 153, 153
L 178.0000, 0.0000, -96.0000,  178.0000, 0.0000, -96.0000,  153, 153, 153
L 170.0000, 0.0000, -96.0000,  170.0000, 0.0000, -96.0000,  153, 153, 153
L 170.0000, 0.0000, -96.0000,  170.0000, -15.0000, -96.0000,  153, 153, 153
L 170.0000, -15.0000, -96.0000,  153.0000, -17.0000, -36.0000,  153, 153, 153
L 153.0000, -17.0000, -36.0000,  150.0000, 0.0000, 43.0000,  153, 153, 153
L 150.0000, 0.0000, 43.0000,  150.0000, 34.0000, 43.0000,  153, 153, 153
L 80.0000, -37.0000, 43.0000,  80.0000, -37.0000, 43.0000,  153, 153, 153
L 80.0000, -37.0000, 43.0000,  87.0000, -53.0000, 94.0000,  153, 153, 153
L 87.0000, -53.0000, 94.0000,  107.0000, -70.0000, 13.0000,  153, 153, 153
L 107.0000, -70.0000, 13.0000,  108.0000, -96.0000, -16.0000,  153, 153, 153
L 108.0000, -96.0000, -16.0000,  80.0000, -124.0000, -56.0000,  153, 153, 153
L 80.0000, -124.0000, -56.0000,  56.0000, -131.0000, 1.0000,  153, 153, 153
L 56.0000, -131.0000, 1.0000,  37.0000, -149.0000, -97.0000,  153, 153, 153
L 37.0000, -149.0000, -97.0000,  24.0000, -180.0000, -106.0000,  153, 153, 153
L 24.0000, -180.0000, -106.0000,  38.0000, -211.0000, -96.0000,  153, 153, 153
L 38.0000, -211.0000, -96.0000,  38.0000, -237.0000, -96.0000,  153, 153, 153
L 38.0000, -237.0000, -96.0000,  44.0000, -241.0000, -96.0000,  153, 153, 153
L 44.0000, -241.0000, -96.0000,  74.0000, -256.0000, -65.0000,  153, 153, 153
L 74.0000, -256.0000, -65.0000,  80.0000, -268.0000, -96.0000,  153, 153, 153
L 80.0000, -268.0000, -96.0000,  100.0000, -254.0000, -96.0000,  153, 153, 153
L 100.0000, -254.0000, -96.0000,  100.0000, -224.0000, -96.0000,  153, 153, 153
L 100.0000, -224.0000, -96.0000,  85.0000, -208.0000, -96.0000,  153, 153, 153
L 85.0000, -208.0000, -96.0000,  76.0000, -205.0000, -96.0000,  153, 153, 153
L 76.0000, -205.0000, -96.0000,  61.0000, -187.0000, -96.0000,  153, 153, 153
L 61.0000, -187.0000, -96.0000,  82.0000, -172.0000, -89.0000,  153, 153, 153
L 82.0000, -172.0000, -89.0000,  87.0000, -169.0000, -89.0000,  153, 153, 153
L 87.0000, -169.0000, -89.0000,  121.0000, -157.0000, -96.0000,  153, 153, 153
L 121.0000, -157.0000, -96.0000,  131.0000, -173.0000, -96.0000,  153, 153, 153
L 131.0000, -173.0000, -96.0000,  136.0000, -208.0000, -96.0000,  153, 153, 153
L 136.0000, -208.0000, -96.0000,  123.0000, -222.0000, -96.0000,  153, 153, 153
L 123.0000, -222.0000, -96.0000,  122.0000, -235.0000, -96.0000,  153, 153, 153
L 122.0000, -235.0000, -96.0000,  110.0000, -248.0000, -96.0000,  153, 153, 153
L 110.0000, -248.0000, -96.0000,  120.0000, -265.0000, -96.0000,  153, 153, 153
L 120.0000, -265.0000, -96.0000,  108.0000, -295.0000, -102.0000,  153, 153, 153
L 108.0000, -295.0000, -102.0000,  121.0000, -309.0000, -85.0000,  153, 153, 153
L 121.0000, -309.0000, -85.0000,  108.0000, -376.0000, 39.0000,  153, 153, 153
L 108.0000, -376.0000, 39.0000,  119.0000, -400.0000, 43.0000,  153, 153, 153
L 119.0000, -400.0000, 43.0000,  109.0000, -431.0000, 43.0000,  153, 153, 153
L 109.0000, -431.0000, 43.0000,  105.0000, -431.0000, 43.0000,  153, 153, 153
L 105.0000, -431.0000, 43.0000,  74.0000, -419.0000, 43.0000,  153, 153, 153
L 74.0000, -419.0000, 43.0000,  26.0000, -431.0000, 43.0000,  153, 153, 153
L 26.0000, -431.0000, 43.0000,  12.0000, -431.0000, 43.0000,  153, 153, 153
L 12.0000, -431.0000, 43.0000,  -16.0000, -460.0000, 43.0000,  153, 153, 153
L -16.0000, -460.0000, 43.0000,  -17.0000, -502.0000, 43.0000,  153, 153, 153
L -17.0000, -502.0000, 43.0000,  -42.0000, -514.0000, 43.0000,  153, 153, 153
L -42.0000, -514.0000, 43.0000,  -57.0000, -515.0000, 43.0000,  153, 153, 153
L -57.0000, -515.0000, 43.0000,  -65.0000, -522.0000, 43.0000,  153, 153, 153
L -65.0000, -522.0000, 43.0000,  -89.0000, -519.0000, 45.0000,  153, 153, 153
L -89.0000, -519.0000, 45.0000,  -96.0000, -515.0000, 43.0000,  153, 153, 153
L -96.0000, -515.0000, 43.0000,  -127.0000, -542.0000, 43.0000,  153, 153, 153
L -127.0000, -542.0000, 43.0000,  -153.0000, -543.0000, 43.0000,  153, 153, 153
L -153.0000, -543.0000, 43.0000,  -180.0000, -515.0000, 43.0000,  153, 153, 153
L -180.0000, -515.0000, 43.0000,  -197.0000, -529.0000, 43.0000,  153, 153, 153
L -197.0000, -529.0000, 43.0000,  -219.0000, -529.0000, 43.0000,  153, 153, 153
L -219.0000, -529.0000, 43.0000,  -235.0000, -489.0000, 46.0000,  153, 153, 153
L -235.0000, -489.0000, 46.0000,  -235.0000, -450.0000, 43.0000,  153, 153, 153
L -235.0000, -450.0000, 43.0000,  -222.0000, -437.0000, 43.0000,  153, 153, 153
L -222.0000, -437.0000, 43.0000,  -168.0000, -437.0000, 43.0000,  153, 153, 153
L -168.0000, -437.0000, 43.0000,  -158.0000, -414.0000, 43.0000,  153, 153, 153
L -158.0000, -414.0000, 43.0000,  -129.0000, -405.0000, 43.0000,  153, 153, 153
L -129.0000, -405.0000, 43.0000,  -116.0000, -407.0000, 43.0000,  153, 153, 153
L -116.0000, -407.0000, 43.0000,  -116.0000, -408.0000, 43.0000,  153, 153, 153
L -116.0000, -408.0000, 43.0000,  -128.0000, -450.0000, 43.0000,  153, 153, 153
L -128.0000, -450.0000, 43.0000,  -116.0000, -462.0000, 43.0000,  153, 153, 153
L -116.0000, -462.0000, 43.0000,  -129.0000, -476.0000, 43.0000,  153, 153, 153
L -129.0000, -476.0000, 43.0000,  -98.0000, -479.0000, 43.0000,  153, 153, 153
L -98.0000, -479.0000, 43.0000,  -95.0000, -421.0000, 43.0000,  153, 153, 153
L -95.0000, -421.0000, 43.0000,  -53.0000, -379.0000, 43.0000,  153, 153, 153
L -53.0000, -379.0000, 43.0000,  -66.0000, -364.0000, 43.0000,  153, 153, 153
L -66.0000, -364.0000, 43.0000,  -53.0000, -348.0000, 43.0000,  153, 153, 153
L -53.0000, -348.0000, 43.0000,  -65.0000, -328.0000, 43.0000,  153, 153, 153
L -65.0000, -328.0000, 43.0000,  -67.0000, -316.0000, 43.0000,  153, 153, 153
L -67.0000, -316.0000, 43.0000,  -44.0000, -298.0000, 43.0000,  153, 153, 153
L -44.0000, -298.0000, 43.0000,  -40.0000, -349.0000, 40.0000,  153, 153, 153
L -40.0000, -349.0000, 40.0000,  -39.0000, -292.0000, -106.0000,  153, 153, 153
L -39.0000, -292.0000, -106.0000,  -52.0000, -266.0000, -106.0000,  153, 153, 153
L -52.0000, -266.0000, -106.0000,  -52.0000, -253.0000, -106.0000,  153, 153, 153
L -52.0000, -253.0000, -106.0000,  -29.0000, -242.0000, -106.0000,  153, 153, 153
L -15.0000, -339.0000, 43.0000,  -15.0000, -339.0000, 43.0000,  153, 153, 153
L -15.0000, -339.0000, 43.0000,  -31.0000, -293.0000, -106.0000,  153, 153, 153
L -31.0000, -293.0000, -106.0000,  -17.0000, -278.0000, -106.0000,  153, 153, 153
L -17.0000, -278.0000, -106.0000,  1.0000, -305.0000, -96.0000,  153, 153, 153
L 1.0000, -305.0000, -96.0000,  23.0000, -305.0000, -96.0000,  153, 153, 153
L 23.0000, -305.0000, -96.0000,  83.0000, -277.0000, -96.0000,  153, 153, 153
L 83.0000, -277.0000, -96.0000,  99.0000, -291.0000, -96.0000,  153, 153, 153
L 99.0000, -291.0000, -96.0000,  86.0000, -322.0000, -61.0000,  153, 153, 153
L 86.0000, -322.0000, -61.0000,  100.0000, -380.0000, 43.0000,  153, 153, 153
L 100.0000, -380.0000, 43.0000,  56.0000, -395.0000, 43.0000,  153, 153, 153
L 56.0000, -395.0000, 43.0000,  33.0000, -388.0000, 43.0000,  153, 153, 153
L 33.0000, -388.0000, 43.0000,  2.0000, -395.0000, 44.0000,  153, 153, 153
L 2.0000, -395.0000, 44.0000,  -52.0000, -421.0000, 43.0000,  153, 153, 153
L -52.0000, -421.0000, 43.0000,  -40.0000, -459.0000, 43.0000,  153, 153, 153
L -40.0000, -459.0000, 43.0000,  -52.0000, -489.0000, 43.0000,  153, 153, 153
L -52.0000, -489.0000, 43.0000,  -86.0000, -464.0000, 43.0000,  153, 153, 153
L -86.0000, -464.0000, 43.0000,  -75.0000, -447.0000, 43.0000,  153, 153, 153
L -75.0000, -447.0000, 43.0000,  -73.0000, -407.0000, 43.0000,  153, 153, 153
L -73.0000, -407.0000, 43.0000,  -31.0000, -362.0000, 43.0000,  153, 153, 153
L -31.0000, -362.0000, 43.0000,  8.0000, -361.0000, 43.0000,  153, 153, 153
L 8.0000, -361.0000, 43.0000,  25.0000, -347.0000, 43.0000,  153, 153, 153
L 25.0000, -347.0000, 43.0000,  43.0000, -361.0000, 43.0000,  153, 153, 153
L 43.0000, -361.0000, 43.0000,  44.0000, -375.0000, 43.0000,  153, 153, 153
L 44.0000, -375.0000, 43.0000,  80.0000, -375.0000, 43.0000,  153, 153, 153
L 80.0000, -375.0000, 43.0000,  80.0000, -367.0000, 43.0000,  153, 153, 153
L 80.0000, -367.0000, 43.0000,  70.0000, -367.0000, 43.0000,  153, 153, 153
L 70.0000, -367.0000, 43.0000,  68.0000, -367.0000, 43.0000,  153, 153, 153
L 68.0000, -367.0000, 43.0000,  65.0000, -346.0000, 43.0000,  153, 153, 153
L 65.0000, -346.0000, 43.0000,  45.0000, -325.0000, 43.0000,  153, 153, 153
L 45.0000, -325.0000, 43.0000,  44.0000, -337.0000, 43.0000,  153, 153, 153
L 44.0000, -337.0000, 43.0000,  28.0000, -339.0000, 43.0000,  153, 153, 153
L 28.0000, -339.0000, 43.0000,  12.0000, -326.0000, 43.0000,  153, 153, 153
L 12.0000, -326.0000, 43.0000,  1.0000, -325.0000, 43.0000,  153, 153, 153
L 1.0000, -325.0000, 43.0000,  -16.0000, -338.0000, 43.0000,  153, 153, 153
L 58.0000, -37.0000, 51.0000,  58.0000, -37.0000, 51.0000,  153, 153, 153
L 58.0000, -37.0000, 51.0000,  54.0000, -47.0000, 59.0000,  153, 153, 153
L 54.0000, -47.0000, 59.0000,  44.0000, -58.0000, -71.0000,  153, 153, 153
L 44.0000, -58.0000, -71.0000,  37.0000, -85.0000, -20.0000,  153, 153, 153
L 37.0000, -85.0000, -20.0000,  40.0000, -112.0000, -96.0000,  153, 153, 153
L 40.0000, -112.0000, -96.0000,  24.0000, -121.0000, -96.0000,  153, 153, 153
L 24.0000, -121.0000, -96.0000,  28.0000, -148.0000, -96.0000,  153, 153, 153
L 28.0000, -148.0000, -96.0000,  -69.0000, -171.0000, -116.0000,  153, 153, 153
L -69.0000, -171.0000, -116.0000,  -87.0000, -127.0000, -126.0000,  153, 153, 153
L -87.0000, -127.0000, -126.0000,  -58.0000, -109.0000, -160.0000,  153, 153, 153
L -58.0000, -109.0000, -160.0000,  -40.0000, -136.0000, -196.0000,  153, 153, 153
L -40.0000, -136.0000, -196.0000,  -17.0000, -124.0000, -189.0000,  153, 153, 153
L -17.0000, -124.0000, -189.0000,  -2.0000, -134.0000, -206.0000,  153, 153, 153
L -2.0000, -134.0000, -206.0000,  7.0000, -118.0000, -206.0000,  153, 153, 153
L 7.0000, -118.0000, -206.0000,  -2.0000, -104.0000, -206.0000,  153, 153, 153
L -2.0000, -104.0000, -206.0000,  -10.0000, -113.0000, -206.0000,  153, 153, 153
L -10.0000, -113.0000, -206.0000,  -22.0000, -104.0000, -196.0000,  153, 153, 153
L -22.0000, -104.0000, -196.0000,  -30.0000, -74.0000, -196.0000,  153, 153, 153
L -30.0000, -74.0000, -196.0000,  -54.0000, -86.0000, -196.0000,  153, 153, 153
L -54.0000, -86.0000, -196.0000,  -84.0000, -73.0000, -236.0000,  153, 153, 153
L -84.0000, -73.0000, -236.0000,  -109.0000, -86.0000, -210.0000,  153, 153, 153
L -109.0000, -86.0000, -210.0000,  -109.0000, -97.0000, -187.0000,  153, 153, 153
L -109.0000, -97.0000, -187.0000,  -96.0000, -124.0000, -130.0000,  153, 153, 153
L -96.0000, -124.0000, -130.0000,  -111.0000, -136.0000, -126.0000,  153, 153, 153
L -111.0000, -136.0000, -126.0000,  -122.0000, -142.0000, -126.0000,  153, 153, 153
L -122.0000, -142.0000, -126.0000,  -110.0000, -193.0000, -126.0000,  153, 153, 153
L -110.0000, -193.0000, -126.0000,  -101.0000, -193.0000, -126.0000,  153, 153, 153
L -101.0000, -193.0000, -126.0000,  -72.0000, -180.0000, -126.0000,  153, 153, 153
L -72.0000, -180.0000, -126.0000,  -14.0000, -179.0000, -116.0000,  153, 153, 153
L -14.0000, -179.0000, -116.0000,  3.0000, -194.0000, -106.0000,  153, 153, 153
L -109.0000, -253.0000, -171.0000,  -109.0000, -253.0000, -171.0000,  0, 0, 255
L -109.0000, -253.0000, -171.0000,  -116.0000, -239.0000, -234.0000,  0, 0, 255
L -116.0000, -239.0000, -234.0000,  -117.0000, -226.0000, -303.0000,  0, 0, 255
L -117.0000, -226.0000, -303.0000,  -111.0000, -214.0000, -414.0000,  0, 0, 255
L -111.0000, -214.0000, -414.0000,  -83.0000, -215.0000, -441.0000,  0, 0, 255
L -83.0000, -215.0000, -441.0000,  -74.0000, -203.0000, -339.0000,  0, 0, 255
L -74.0000, -203.0000, -339.0000,  -59.0000, -190.0000, -325.0000,  0, 0, 255
L -59.0000, -190.0000, -325.0000,  -32.0000, -188.0000, -328.0000,  0, 0, 255
L -32.0000, -188.0000, -328.0000,  -3.0000, -200.0000, -364.0000,  0, 0, 255
L -3.0000, -200.0000, -364.0000,  10.0000, -199.0000, -405.0000,  0, 0, 255
L 10.0000, -199.0000, -405.0000,  18.0000, -221.0000, -405.0000,  0, 0, 255
L 18.0000, -221.0000, -405.0000,  5.0000, -222.0000, -405.0000,  0, 0, 255
L 5.0000, -222.0000, -405.0000,  -8.0000, -223.0000, -405.0000,  0, 0, 255
L -8.0000, -223.0000, -405.0000,  -19.0000, -237.0000, -401.0000,  0, 0, 255
L -19.0000, -237.0000, -401.0000,  -6.0000, -242.0000, -405.0000,  0, 0, 255
L -6.0000, -242.0000, -405.0000,  5.0000, -253.0000, -405.0000,  0, 0, 255
L 5.0000, -253.0000, -405.0000,  2.0000, -254.0000, -405.0000,  0, 0, 255
L 2.0000, -254.0000, -405.0000,  -13.0000, -262.0000, -405.0000,  0, 0, 255
L -13.0000, -262.0000, -405.0000,  -22.0000, -242.0000, -405.0000,  0, 0, 255
L -22.0000, -242.0000, -405.0000,  -37.0000, -222.0000, -345.0000,  0, 0, 255
L -37.0000, -222.0000, -345.0000,  -49.0000, -218.0000, -361.0000,  0, 0, 255
L -49.0000, -218.0000, -361.0000,  -69.0000, -221.0000, -362.0000,  0, 0, 255
L -69.0000, -221.0000, -362.0000,  -98.0000, -248.0000, -210.0000,  0, 0, 255
L -98.0000, -248.0000, -210.0000,  -99.0000, -248.0000, -209.0000,  0, 0, 255
L -99.0000, -248.0000, -209.0000,  -109.0000, -253.0000, -168.0000,  0, 0, 255
L -101.0000, -253.0000, -171.0000,  -101.0000, -253.0000, -171.0000,  153, 153, 153
L -101.0000, -253.0000, -171.0000,  -88.0000, -266.0000, -102.0000,  153, 153, 153
L -88.0000, -266.0000, -102.0000,  -100.0000, -291.0000, 18.0000,  153, 153, 153
L -100.0000, -291.0000, 18.0000,  -101.0000, -309.0000, 43.0000,  153, 153, 153
L 170.0000, 0.0000, -96.0000,  170.0000, 0.0000, -96.0000,  153, 153, 153
L 170.0000, 0.0000, -96.0000,  170.0000, 38.0000, -96.0000,  153, 153, 153
L 170.0000, 38.0000, -96.0000,  196.0000, 38.0000, -96.0000,  153, 153, 153
L 196.0000, 38.0000, -96.0000,  210.0000, 52.0000, -96.0000,  153, 153, 153
L 210.0000, 52.0000, -96.0000,  221.0000, 52.0000, -96.0000,  153, 153, 153
L 221.0000, 52.0000, -96.0000,  234.0000, 40.0000, -96.0000,  153, 153, 153
L 234.0000, 40.0000, -96.0000,  233.0000, 28.0000, -96.0000,  153, 153, 153
L 233.0000, 28.0000, -96.0000,  222.0000, 16.0000, -96.0000,  153, 153, 153
L 222.0000, 16.0000, -96.0000,  212.0000, 16.0000, -96.0000,  153, 153, 153
L 212.0000, 16.0000, -96.0000,  205.0000, 21.0000, -96.0000,  153, 153, 153
L 205.0000, 21.0000, -96.0000,  196.0000, 30.0000, -96.0000,  153, 153, 153
L 196.0000, 30.0000, -96.0000,  180.0000, 30.0000, -96.0000,  153, 153, 153
L 180.0000, 30.0000, -96.0000,  178.0000, 8.0000, -96.0000,  153, 153, 153
L 178.0000, 8.0000, -96.0000,  178.0000, 0.0000, -96.0000,  153, 153, 153
L -101.0000, -309.0000, 43.0000,  -101.0000, -309.0000, 43.0000,  153, 153, 153
L -101.0000, -309.0000, 43.0000,  -101.0000, -317.0000, 43.0000,  153, 153, 153
L -101.0000, -317.0000, 43.0000,  -99.0000, -325.0000, 43.0000,  153, 153, 153
L -99.0000, -325.0000, 43.0000,  -86.0000, -338.0000, 43.0000,  153, 153, 153
L -86.0000, -338.0000, 43.0000,  -74.0000, -340.0000, 93.0000,  153, 153, 153
L -74.0000, -340.0000, 93.0000,  -73.0000, -342.0000, 93.0000,  153, 153, 153
L -73.0000, -342.0000, 93.0000,  -85.0000, -347.0000, 43.0000,  153, 153, 153
L -85.0000, -347.0000, 43.0000,  -101.0000, -362.0000, 43.0000,  153, 153, 153
L -101.0000, -362.0000, 43.0000,  -102.0000, -374.0000, 91.0000,  153, 153, 153
L -102.0000, -374.0000, 91.0000,  -105.0000, -375.0000, 90.0000,  153, 153, 153
L -105.0000, -375.0000, 90.0000,  -109.0000, -361.0000, 43.0000,  153, 153, 153
L -109.0000, -361.0000, 43.0000,  -121.0000, -351.0000, 43.0000,  153, 153, 153
L -121.0000, -351.0000, 43.0000,  -136.0000, -345.0000, 92.0000,  153, 153, 153
L -136.0000, -345.0000, 92.0000,  -137.0000, -339.0000, 87.0000,  153, 153, 153
L -137.0000, -339.0000, 87.0000,  -123.0000, -337.0000, 43.0000,  153, 153, 153
L -123.0000, -337.0000, 43.0000,  -109.0000, -324.0000, 43.0000,  153, 153, 153
L -109.0000, -324.0000, 43.0000,  -109.0000, -317.0000, 43.0000,  153, 153, 153
L -109.0000, -317.0000, 43.0000,  -109.0000, -309.0000, 43.0000,  153, 153, 153
L -109.0000, -309.0000, 43.0000,  -110.0000, -291.0000, 21.0000,  153, 153, 153
L -110.0000, -291.0000, 21.0000,  -118.0000, -279.0000, -39.0000,  153, 153, 153
L -118.0000, -279.0000, -39.0000,  -118.0000, -266.0000, -103.0000,  153, 153, 153
L -118.0000, -266.0000, -103.0000,  -109.0000, -252.0000, -174.0000,  153, 153, 153
L -176.0000, -491.0000, 43.0000,  -176.0000, -491.0000, 43.0000,  153, 153, 153
L -176.0000, -491.0000, 43.0000,  -183.0000, -493.0000, 43.0000,  153, 153, 153
L -183.0000, -493.0000, 43.0000,  -185.0000, -462.0000, 43.0000,  153, 153, 153
L -185.0000, -462.0000, 43.0000,  -153.0000, -459.0000, 43.0000,  153, 153, 153
L -153.0000, -459.0000, 43.0000,  -151.0000, -474.0000, 43.0000,  153, 153, 153
L -151.0000, -474.0000, 43.0000,  -153.0000, -479.0000, 43.0000,  153, 153, 153
L -153.0000, -479.0000, 43.0000,  -148.0000, -493.0000, 43.0000,  153, 153, 153
L -148.0000, -493.0000, 43.0000,  -159.0000, -504.0000, 43.0000,  153, 153, 153
L -159.0000, -504.0000, 43.0000,  -176.0000, -491.0000, 43.0000,  153, 153, 153
L 86.0000, 150.0000, -226.0000,  86.0000, 150.0000, -226.0000,  255, 255, 0
L 86.0000, 150.0000, -226.0000,  94.0000, 150.0000, -226.0000,  255, 255, 0
L 94.0000, 142.0000, -226.0000,  94.0000, 142.0000, -226.0000,  255, 255, 0
L 94.0000, 142.0000, -226.0000,  86.0000, 142.0000, -226.0000,  255, 255, 0
L 94.0000, 142.0000, -226.0000,  94.0000, 142.0000, -226.0000,  255, 255, 0
L 66.0000, 120.0000, -226.0000,  66.0000, 120.0000, -226.0000,  255, 255, 0
L 66.0000, 120.0000, -226.0000,  66.0000, 112.0000, -226.0000,  255, 255, 0
L 58.0000, 112.0000, -226.0000,  58.0000, 112.0000, -226.0000,  255, 255, 0
L 58.0000, 112.0000, -226.0000,  58.0000, 120.0000, -226.0000,  255, 255, 0
L 54.0000, -47.0000, 60.0000,  54.0000, -47.0000, 60.0000,  153, 153, 153
L 54.0000, -47.0000, 60.0000,  57.0000, -65.0000, 33.0000,  153, 153, 153
L 57.0000, -65.0000, 33.0000,  68.0000, -80.0000, 33.0000,  153, 153, 153
L 68.0000, -80.0000, 33.0000,  83.0000, -73.0000, 33.0000,  153, 153, 153
L 83.0000, -73.0000, 33.0000,  90.0000, -74.0000, 33.0000,  153, 153, 153
L 90.0000, -74.0000, 33.0000,  103.0000, -85.0000, 3.0000,  153, 153, 153
L 103.0000, -85.0000, 3.0000,  99.0000, -99.0000, -16.0000,  153, 153, 153
L 99.0000, -99.0000, -16.0000,  91.0000, -106.0000, -26.0000,  153, 153, 153
L 91.0000, -106.0000, -26.0000,  85.0000, -112.0000, -39.0000,  153, 153, 153
L 85.0000, -112.0000, -39.0000,  70.0000, -119.0000, -66.0000,  153, 153, 153
L 70.0000, -119.0000, -66.0000,  63.0000, -111.0000, -80.0000,  153, 153, 153
P 93.0000, 146.0000, 0.0000,  0, 0, 0,  2,  Dull
P 62.0000, 119.0000, 0.0000,  0, 0, 0,  2,  Shiny
P 90.0000, 57.0000, 0.0000,  0, 0, 0,  2,  Guard's
P 145.0000, 72.0000, 0.0000,  0, 0, 0,  2,  Guard's
P 39.0000, 90.0000, 0.0000,  0, 0, 0,  2,  Shiny
P 174.0000, 1.0000, 0.0000,  0, 0, 0,  2,  Bloodstained
P -105.0000, -309.0000, 0.0000,  0, 0, 0,  2,  Golden
P -858.0000, 76.0000, 0.0000,  255, 255, 255,  2,  Succor
