L 968.0188, -36.3029, 288.1079,  979.3578, -65.8553, 288.1508,  0, 127, 127
L 960.6312, -33.9766, 288.2897,  968.0188, -36.3029, 288.1079,  0, 127, 127
L 953.8716, -24.8527, 287.7520,  960.6312, -33.9766, 288.2897,  0, 127, 127
L 911.4728, -27.6035, 288.1780,  953.8716, -24.8527, 287.7520,  0, 127, 127
L 912.3936, -68.8439, 287.8081,  911.4728, -27.6035, 288.1780,  0, 127, 127
L 979.3578, -65.8553, 287.6526,  912.3936, -68.8439, 287.8081,  0, 127, 127
L 975.7402, -100.2394, 286.3459,  975.7402, -100.2394, 285.7954,  0, 127, 127
L 990.5162, -127.9642, 281.5652,  975.7402, -100.2394, 286.3459,  0, 127, 127
L 1101.7295, -224.3703, 283.5093,  1101.3225, -207.9497, 285.6875,  0, 127, 127
L 1102.3079, -157.6279, 279.7111,  1100.5664, -174.6880, 291.5465,  0, 127, 127
L 1127.3528, -177.1721, 286.5211,  1100.5664, -174.6880, 284.4951,  0, 127, 127
L 1130.6411, -179.0159, 286.3281,  1127.3528, -177.1721, 286.5211,  0, 127, 127
L 1226.1425, -175.3855, 287.9807,  1130.6411, -179.0159, 286.3281,  0, 127, 127
L 1226.8287, -210.3605, 287.8202,  1226.1425, -175.3855, 292.1768,  0, 127, 127
L 1197.7657, -207.0749, 282.8265,  1226.8287, -210.3605, 285.1624,  0, 127, 127
L 1195.5833, -205.4000, 283.1296,  1197.7657, -207.0749, 282.8265,  0, 127, 127
L 1131.9293, -202.9826, 274.6475,  1195.5833, -205.4000, 283.1296,  0, 127, 127
L 1101.3225, -207.9497, 278.7909,  1131.9293, -202.9826, 274.6475,  0, 127, 127
L 1074.0129, -224.3703, 280.2416,  1101.7295, -224.3703, 280.5190,  0, 127, 127
L 1074.4493, -157.6281, 279.9483,  1102.3079, -157.6279, 280.1296,  0, 127, 127
L 1074.0129, -224.3703, 278.9949,  1074.4493, -157.6281, 278.9460,  0, 127, 127
L 963.4705, -211.4257, 287.7643,  960.0234, -167.4467, 287.7375,  0, 127, 127
L 1008.5599, -210.4319, 287.4777,  963.4705, -211.4257, 287.7643,  0, 127, 127
L 1007.9337, -165.8009, 283.0901,  1008.5599, -210.4319, 287.4777,  0, 127, 127
L 960.0234, -167.4467, 283.2070,  1007.9337, -165.8009, 283.0901,  0, 127, 127
L 851.6036, -227.1055, 291.9862,  850.6370, -159.4968, 297.4397,  0, 127, 127
L 792.3961, -228.4795, 283.8389,  851.6036, -227.1055, 291.9862,  0, 127, 127
L 791.2147, -160.1582, 284.0544,  792.3961, -228.4795, 283.8389,  0, 127, 127
L 850.6370, -159.4968, 296.1705,  791.2147, -160.1582, 284.0544,  0, 127, 127
L 1013.5806, -413.7270, 275.9768,  953.2205, -414.0605, 285.0238,  0, 127, 127
L 1014.8394, -350.9800, 275.6514,  1013.5806, -413.7270, 275.9768,  0, 127, 127
L 953.3340, -349.6120, 281.6574,  1014.8394, -350.9800, 275.6514,  0, 127, 127
L 953.2205, -414.0605, 280.5690,  953.3340, -349.6120, 281.6574,  0, 127, 127
L 677.1398, -419.9704, 378.6682,  691.6806, -436.4269, 378.8410,  0, 127, 127
L 671.3628, -415.2293, 379.2415,  677.1398, -419.9704, 378.6682,  0, 127, 127
L 658.2684, -408.2488, 378.6576,  671.3628, -415.2293, 379.2415,  0, 127, 127
L -259.4526, -134.4551, 703.3099,  -239.7268, -125.5027, 704.3729,  0, 127, 127
L -238.7694, -176.4454, 705.2493,  -259.4526, -134.4551, 705.2294,  0, 127, 127
L -218.9418, -167.8154, 702.6976,  -238.7694, -176.4454, 704.5281,  0, 127, 127
L -218.9418, -167.8154, 703.3048,  -239.7268, -125.5027, 704.1913,  0, 127, 127
L -378.7182, -820.0890, 563.9582,  -377.3994, -707.0349, 563.1684,  0, 127, 127
L -452.3029, -819.5010, 564.0175,  -378.7182, -820.0890, 563.9582,  0, 127, 127
L -453.9875, -712.0314, 563.4087,  -452.3029, -819.5010, 564.0175,  0, 127, 127
L -444.5453, -713.7375, 563.2877,  -453.9875, -712.0314, 563.4087,  0, 127, 127
L -428.9038, -714.7694, 563.5502,  -444.5453, -713.7375, 563.2877,  0, 127, 127
L -421.9601, -713.9477, 564.0743,  -428.9038, -714.7694, 563.5502,  0, 127, 127
L -402.8189, -713.1086, 562.6571,  -421.9601, -713.9477, 564.0743,  0, 127, 127
L -377.3994, -707.0349, 573.8693,  -402.8189, -713.1086, 562.6571,  0, 127, 127
L 297.7441, -1136.2220, 334.3203,  305.8176, -1115.3624, 336.6091,  0, 127, 127
L 283.2316, -1154.1334, 336.5607,  297.7441, -1136.2220, 334.3203,  0, 127, 127
L 257.8965, -1163.3024, 337.4585,  283.2316, -1154.1334, 336.5607,  0, 127, 127
L 228.4566, -1156.6689, 336.0167,  257.8965, -1163.3024, 337.4585,  0, 127, 127
L 209.1823, -1135.9493, 335.3040,  228.4566, -1156.6689, 336.0167,  0, 127, 127
L 200.5975, -1115.1742, 337.3217,  209.1823, -1135.9493, 335.3040,  0, 127, 127
L 206.3183, -1087.0597, 336.5441,  200.5975, -1115.1742, 337.3217,  0, 127, 127
L 222.9208, -1065.2019, 338.6325,  206.3183, -1087.0597, 336.5441,  0, 127, 127
L 250.7876, -1057.2515, 337.2333,  222.9208, -1065.2019, 338.6325,  0, 127, 127
L 277.9541, -1064.3921, 336.2289,  250.7876, -1057.2515, 337.2333,  0, 127, 127
L 297.6207, -1081.6902, 336.8462,  277.9541, -1064.3921, 336.2289,  0, 127, 127
L 305.8176, -1115.3624, 346.0153,  297.6207, -1081.6902, 336.8462,  0, 127, 127
L 369.8313, -1138.1300, 381.1747,  392.7654, -1118.1973, 379.1075,  0, 127, 127
L 361.8573, -1148.6304, 380.7631,  369.8313, -1138.1300, 381.1747,  0, 127, 127
L 353.6239, -1160.6323, 380.0728,  361.8573, -1148.6304, 380.7631,  0, 127, 127
L 349.9387, -1173.3877, 379.8868,  353.6239, -1160.6323, 380.0728,  0, 127, 127
L 341.5781, -1197.7150, 379.0128,  349.9387, -1173.3877, 379.8868,  0, 127, 127
L 338.0204, -1208.0853, 379.2034,  341.5781, -1197.7150, 379.0128,  0, 127, 127
L 331.7905, -1216.9543, 379.0209,  338.0204, -1208.0853, 379.2034,  0, 127, 127
L 328.5576, -1229.3372, 379.0681,  331.7905, -1216.9543, 379.0209,  0, 127, 127
L 329.1134, -1233.1008, 379.2816,  328.5576, -1229.3372, 379.0681,  0, 127, 127
L 328.5661, -1238.1383, 379.1657,  329.1134, -1233.1008, 379.2816,  0, 127, 127
L 342.0259, -1268.5259, 379.1459,  328.5661, -1238.1383, 379.1657,  0, 127, 127
L 347.2439, -1277.5308, 379.6671,  342.0259, -1268.5259, 379.1459,  0, 127, 127
L 346.6475, -1289.8966, 379.3541,  347.2439, -1277.5308, 379.6671,  0, 127, 127
L 343.3952, -1298.6477, 379.0550,  346.6475, -1289.8966, 379.3541,  0, 127, 127
L 338.3073, -1303.6841, 379.2462,  343.3952, -1298.6477, 379.0550,  0, 127, 127
L 326.5237, -1318.4297, 379.0633,  338.3073, -1303.6841, 379.2462,  0, 127, 127
L 306.1108, -1336.5121, 379.4381,  326.5237, -1318.4297, 379.0633,  0, 127, 127
L 297.0120, -1342.5669, 379.0738,  306.1108, -1336.5121, 379.4381,  0, 127, 127
L 286.9187, -1346.6041, 380.4865,  297.0120, -1342.5669, 379.0738,  0, 127, 127
L 275.9886, -1346.6041, 379.0880,  286.9187, -1346.6041, 380.4865,  0, 127, 127
L 259.9260, -1341.9498, 379.4371,  275.9886, -1346.6041, 379.0880,  0, 127, 127
L 255.4461, -1338.5320, 379.0721,  259.9260, -1341.9498, 379.4371,  0, 127, 127
L 249.2812, -1329.7961, 379.0628,  255.4461, -1338.5320, 379.0721,  0, 127, 127
L 239.6177, -1319.6212, 379.3685,  249.2812, -1329.7961, 379.0628,  0, 127, 127
L 232.4865, -1304.0800, 380.3374,  239.6177, -1319.6212, 379.3685,  0, 127, 127
L 228.6831, -1300.3625, 380.5423,  232.4865, -1304.0800, 380.3374,  0, 127, 127
L 225.2667, -1289.4025, 379.1734,  228.6831, -1300.3625, 380.5423,  0, 127, 127
L 214.9210, -1277.1888, 380.0862,  225.2667, -1289.4025, 379.1734,  0, 127, 127
L 204.4040, -1269.9923, 379.5843,  214.9210, -1277.1888, 380.0862,  0, 127, 127
L 194.3621, -1265.0582, 379.3560,  204.4040, -1269.9923, 379.5843,  0, 127, 127
L 178.3733, -1257.0758, 379.6080,  194.3621, -1265.0582, 379.3560,  0, 127, 127
L 170.9777, -1255.3033, 379.0370,  178.3733, -1257.0758, 379.6080,  0, 127, 127
L 157.4795, -1251.0383, 379.8982,  170.9777, -1255.3033, 379.0370,  0, 127, 127
L 145.0632, -1249.5352, 379.0947,  157.4795, -1251.0383, 379.8982,  0, 127, 127
L 135.5197, -1248.0103, 379.7198,  145.0632, -1249.5352, 379.0947,  0, 127, 127
L 124.5283, -1251.3323, 379.8107,  135.5197, -1248.0103, 379.7198,  0, 127, 127
L 118.5508, -1251.9810, 380.5894,  124.5283, -1251.3323, 379.8107,  0, 127, 127
L 99.3245, -1256.9502, 380.7448,  118.5508, -1251.9810, 380.5894,  0, 127, 127
L 79.8859, -1249.5492, 379.2325,  99.3245, -1256.9502, 380.7448,  0, 127, 127
L 72.3560, -1243.2162, 379.8210,  79.8859, -1249.5492, 379.2325,  0, 127, 127
L 62.5735, -1235.4940, 379.0947,  72.3560, -1243.2162, 379.8210,  0, 127, 127
L 54.8045, -1226.1002, 379.9337,  62.5735, -1235.4940, 379.0947,  0, 127, 127
L 50.0957, -1221.4567, 379.7968,  54.8045, -1226.1002, 379.9337,  0, 127, 127
L 44.9448, -1213.5839, 379.3268,  50.0957, -1221.4567, 379.7968,  0, 127, 127
L 35.5639, -1205.4379, 379.3241,  44.9448, -1213.5839, 379.3268,  0, 127, 127
L 33.2542, -1203.8790, 379.7082,  35.5639, -1205.4379, 379.3241,  0, 127, 127
L 15.1325, -1198.9246, 379.7735,  33.2542, -1203.8790, 379.7082,  0, 127, 127
L 1.0412, -1196.9280, 379.0947,  15.1325, -1198.9246, 379.7735,  0, 127, 127
L -19.5745, -1194.1053, 379.5523,  1.0412, -1196.9280, 379.0947,  0, 127, 127
L -30.7676, -1188.2988, 380.3009,  -19.5745, -1194.1053, 379.5523,  0, 127, 127
L -41.3707, -1187.3080, 380.7536,  -30.7676, -1188.2988, 380.3009,  0, 127, 127
L -52.3612, -1180.7694, 382.7793,  -41.3707, -1187.3080, 380.7536,  0, 127, 127
L -57.5503, -1180.0000, 383.5638,  -52.3612, -1180.7694, 382.7793,  0, 127, 127
L -51.1742, -1143.2336, 383.0947,  -57.5503, -1180.0000, 383.5638,  0, 127, 127
L 151.5749, -1114.8134, 383.0517,  -51.1742, -1143.2336, 383.0947,  0, 127, 127
L 161.9583, -1062.8861, 383.5985,  151.5749, -1114.8134, 383.0517,  0, 127, 127
L 199.8156, -1023.1235, 384.1129,  161.9583, -1062.8861, 383.5985,  0, 127, 127
L 251.7574, -1008.8051, 383.0154,  199.8156, -1023.1235, 384.1129,  0, 127, 127
L 303.7119, -1021.7543, 383.0009,  251.7574, -1008.8051, 383.0154,  0, 127, 127
L 340.7621, -1058.9525, 383.6917,  303.7119, -1021.7543, 383.0009,  0, 127, 127
L 352.6719, -1111.2462, 382.7299,  340.7621, -1058.9525, 383.6917,  0, 127, 127
L 392.7654, -1118.1973, 387.7491,  352.6719, -1111.2462, 382.7299,  0, 127, 127
L -121.2803, -1624.7134, 601.1805,  -110.6295, -1614.2494, 602.0787,  0, 127, 0
L -121.2803, -1624.7134, 600.9572,  -120.2066, -1703.4999, 602.1980,  0, 127, 0
L -110.7381, -1598.0233, 585.4174,  -110.6295, -1614.2494, 586.5280,  0, 127, 0
L -1573.3213, 589.1857, 438.3512,  -1552.1389, 589.1857, 438.5913,  0, 127, 127
L -1623.9391, 589.1857, 437.2542,  -1603.4932, 589.1857, 437.1105,  0, 127, 127
L -1624.1041, 522.3947, 437.2881,  -1623.9391, 589.1857, 438.1497,  0, 127, 127
L -1553.3060, 522.3947, 437.0914,  -1624.1041, 522.3947, 437.4051,  0, 127, 127
L -1553.3060, 522.3947, 441.2629,  -1552.1389, 589.1857, 436.9520,  0, 127, 127
L -1477.4902, 164.6876, 423.4547,  -1475.3065, 163.5791, 424.2409,  0, 127, 127
L -1480.1462, 166.8130, 423.5562,  -1477.4902, 164.6876, 423.4547,  0, 127, 127
L -1485.1710, 170.3351, 424.2736,  -1480.1462, 166.8130, 423.5562,  0, 127, 127
L -1489.3179, 170.7767, 424.9621,  -1485.1710, 170.3351, 424.2736,  0, 127, 127
L -1492.5361, 178.5593, 423.0143,  -1489.3179, 170.7767, 424.9621,  0, 127, 127
L -1498.1261, 187.3909, 422.1458,  -1492.5361, 178.5593, 423.0143,  0, 127, 127
L -1500.8394, 193.9546, 422.1081,  -1498.1261, 187.3909, 422.1458,  0, 127, 127
L -1500.5448, 201.1006, 419.6040,  -1500.8394, 193.9546, 422.1081,  0, 127, 127
L -1504.3861, 204.2526, 420.1946,  -1500.5448, 201.1006, 419.6040,  0, 127, 127
L -1512.4471, 211.5809, 419.1891,  -1504.3861, 204.2526, 420.1946,  0, 127, 127
L -1516.3768, 219.7841, 416.8203,  -1512.4471, 211.5809, 419.1891,  0, 127, 127
L -1519.0547, 221.3914, 417.5257,  -1516.3768, 219.7841, 416.8203,  0, 127, 127
L -1525.0410, 226.5546, 417.6871,  -1519.0547, 221.3914, 417.5257,  0, 127, 127
L -1512.1644, 256.2089, 385.4803,  -1525.0410, 226.5546, 417.6871,  0, 127, 127
L -1501.1364, 299.2290, 400.2526,  -1512.1644, 256.2089, 385.4803,  0, 127, 127
L -1497.9771, 331.2919, 401.4438,  -1501.1364, 299.2290, 400.2526,  0, 127, 127
L -1498.7590, 360.4442, 407.7847,  -1497.9771, 331.2919, 401.4438,  0, 127, 127
L -1505.5621, 397.3620, 416.8326,  -1498.7590, 360.4442, 407.7847,  0, 127, 127
L -1516.3145, 424.9540, 423.5284,  -1505.5621, 397.3620, 416.8326,  0, 127, 127
L -1548.6034, 458.2721, 443.7243,  -1516.3145, 424.9540, 423.5284,  0, 127, 127
L -1595.7908, 445.9913, 443.6581,  -1548.6034, 458.2721, 443.7243,  0, 127, 127
L -1643.9465, 457.8891, 443.5139,  -1595.7908, 445.9913, 443.6581,  0, 127, 127
L -1680.3137, 494.6572, 443.4484,  -1643.9465, 457.8891, 443.5139,  0, 127, 127
L -1694.0726, 542.1194, 443.0518,  -1680.3137, 494.6572, 443.4484,  0, 127, 127
L -1679.8060, 590.0457, 443.0909,  -1694.0726, 542.1194, 443.0518,  0, 127, 127
L -1645.6301, 627.5331, 443.5150,  -1679.8060, 590.0457, 443.0909,  0, 127, 127
L -1598.0295, 641.3183, 443.2189,  -1645.6301, 627.5331, 443.5150,  0, 127, 127
L -1567.1606, 635.5905, 443.4980,  -1598.0295, 641.3183, 443.2189,  0, 127, 127
L -1563.2045, 638.1596, 443.6094,  -1567.1606, 635.5905, 443.4980,  0, 127, 127
L -1556.7925, 636.5067, 440.4636,  -1563.2045, 638.1596, 443.6094,  0, 127, 127
L -1552.7283, 638.9382, 440.5381,  -1556.7925, 636.5067, 440.4636,  0, 127, 127
L -1524.5330, 619.8832, 441.3571,  -1552.7283, 638.9382, 440.5381,  0, 127, 127
L -1527.6407, 611.1624, 440.0823,  -1524.5330, 619.8832, 441.3571,  0, 127, 127
L -1512.2179, 593.6949, 440.0624,  -1527.6407, 611.1624, 440.0823,  0, 127, 127
L -1498.5667, 546.6268, 439.8012,  -1512.2179, 593.6949, 440.0624,  0, 127, 127
L -1502.6287, 535.6328, 436.8952,  -1498.5667, 546.6268, 439.8012,  0, 127, 127
L -1475.3722, 503.2376, 423.1449,  -1502.6287, 535.6328, 436.8952,  0, 127, 127
L -1453.6061, 469.4433, 413.4888,  -1475.3722, 503.2376, 423.1449,  0, 127, 127
L -1446.7521, 455.8664, 410.3483,  -1453.6061, 469.4433, 413.4888,  0, 127, 127
L -1432.4404, 417.7155, 403.7569,  -1446.7521, 455.8664, 410.3483,  0, 127, 127
L -1423.5782, 381.1349, 400.2803,  -1432.4404, 417.7155, 403.7569,  0, 127, 127
L -1420.0035, 333.6732, 398.8057,  -1423.5782, 381.1349, 400.2803,  0, 127, 127
L -1422.2631, 297.0023, 399.4705,  -1420.0035, 333.6732, 398.8057,  0, 127, 127
L -1433.8528, 245.4867, 404.4554,  -1422.2631, 297.0023, 399.4705,  0, 127, 127
L -1438.4421, 234.2944, 406.7248,  -1433.8528, 245.4867, 404.4554,  0, 127, 127
L -1450.2544, 204.6456, 413.1965,  -1438.4421, 234.2944, 406.7248,  0, 127, 127
L -1462.3491, 184.4057, 421.6344,  -1450.2544, 204.6456, 413.1965,  0, 127, 127
L -1475.4008, 163.8071, 424.1608,  -1462.3491, 184.4057, 421.6344,  0, 127, 127
L -1901.8801, 963.0092, 253.8510,  -1892.7031, 900.7797, 302.9561,  0, 127, 0
L -2402.2512, 4847.9219, 212.2713,  -1906.5994, 965.4644, 211.2537,  0, 0, 240
L 2029.3596, 4680.2246, 212.0952,  -2402.2512, 4847.9219, 212.2713,  0, 0, 240
L 2040.4117, 4372.4922, 211.5987,  2029.3596, 4680.2246, 212.0960,  0, 0, 240
L 2050.5159, 4090.8608, 211.5585,  2040.4117, 4372.4922, 211.5987,  0, 0, 240
L 2053.7793, 4000.1665, 211.5660,  2050.5159, 4090.8608, 211.5585,  0, 0, 240
L 2061.3787, 3788.1970, 211.5478,  2053.7793, 4000.1665, 211.5660,  0, 0, 240
L 2065.7051, 3667.7764, 212.0289,  2061.3787, 3788.1970, 211.5478,  0, 0, 240
L 2070.8867, 3523.5474, 211.8075,  2065.7051, 3667.7764, 212.0289,  0, 0, 240
L 2075.5107, 3394.8210, 212.0911,  2070.8867, 3523.5474, 211.8075,  0, 0, 240
L 2081.2244, 3235.7571, 211.6366,  2075.5107, 3394.8210, 212.0911,  0, 0, 240
L 2090.0801, 2988.5374, 212.2435,  2081.2244, 3235.7571, 211.6366,  0, 0, 240
L 2100.8403, 2688.8738, 212.0621,  2090.0801, 2988.5374, 212.2435,  0, 0, 240
L 2107.9448, 2491.1243, 211.5186,  2100.8403, 2688.8738, 212.0621,  0, 0, 240
L 1946.2964, 1810.5007, 211.9302,  2107.9448, 2491.1243, 211.5186,  0, 0, 240
L 582.8105, -443.2776, 402.1516,  608.7297, -457.8213, 396.5198,  0, 127, 127
L 569.8927, -434.7760, 403.6646,  582.8105, -443.2776, 402.1516,  0, 127, 127
L 569.6481, -434.3631, 404.0584,  569.8927, -434.7760, 403.6646,  0, 127, 127
L 552.7310, -405.7940, 410.2273,  569.6481, -434.3631, 404.0584,  0, 127, 127
L 548.7214, -378.6697, 416.2649,  552.7310, -405.7940, 410.2273,  0, 127, 127
L 543.3538, -352.1627, 416.5061,  548.7214, -378.6697, 416.2649,  0, 127, 127
L 543.1937, -315.2322, 422.1877,  543.3538, -352.1627, 416.5061,  0, 127, 127
L 543.1947, -249.1538, 434.1649,  543.1937, -315.2322, 422.1877,  0, 127, 127
L 543.1951, -220.4254, 443.9459,  543.1947, -249.1538, 434.1649,  0, 127, 127
L 545.5497, -178.8556, 464.9464,  543.1951, -220.4254, 443.9459,  0, 127, 127
L 541.5388, -158.6910, 472.1643,  545.5497, -178.8556, 464.9464,  0, 127, 127
L 530.9480, -141.9477, 480.6352,  541.5388, -158.6910, 472.1643,  0, 127, 127
L 512.7162, -134.7152, 490.0421,  530.9480, -141.9477, 480.6352,  0, 127, 127
L 493.7287, -134.0658, 493.7509,  512.7162, -134.7152, 490.0421,  0, 127, 127
L 408.5326, -134.4252, 516.4428,  493.7287, -134.0658, 493.7509,  0, 127, 127
L 392.7268, -134.8060, 516.0814,  408.5326, -134.4252, 516.4428,  0, 127, 127
L 300.2890, -134.4377, 516.5330,  392.7268, -134.8060, 516.0814,  0, 127, 127
L 298.4095, -117.2979, 516.5621,  300.2890, -134.4377, 516.5330,  0, 127, 127
L 309.6546, -98.5689, 516.3123,  298.4095, -117.2979, 516.5621,  0, 127, 127
L 321.5533, -85.5011, 516.3367,  309.6546, -98.5689, 516.3123,  0, 127, 127
L 393.8766, -86.3510, 515.8735,  321.5533, -85.5011, 516.3367,  0, 127, 127
L 436.9984, -85.5751, 506.2060,  393.8766, -86.3510, 515.8735,  0, 127, 127
L 475.2414, -85.1187, 497.7509,  436.9984, -85.5751, 506.2060,  0, 127, 127
L 511.0407, -85.4447, 487.7509,  475.2414, -85.1187, 497.7509,  0, 127, 127
L 531.9824, -88.8931, 485.7509,  511.0407, -85.4447, 487.7509,  0, 127, 127
L 536.7762, -92.3579, 484.4325,  531.9824, -88.8931, 485.7509,  0, 127, 127
L 536.0474, -99.0860, 483.7509,  536.7762, -92.3579, 484.4325,  0, 127, 127
L 539.7170, -111.7767, 481.6808,  536.0474, -99.0860, 483.7509,  0, 127, 127
L 543.4897, -122.6987, 479.4101,  539.7170, -111.7767, 481.6808,  0, 127, 127
L 546.2693, -125.8328, 477.6100,  543.4897, -122.6987, 479.4101,  0, 127, 127
L 557.6332, -131.1969, 475.9277,  546.2693, -125.8328, 477.6100,  0, 127, 127
L 565.3475, -134.3199, 473.9456,  557.6332, -131.1969, 475.9277,  0, 127, 127
L 580.8351, -129.2752, 473.8328,  565.3475, -134.3199, 473.9456,  0, 127, 127
L 584.4175, -137.9459, 472.1078,  580.8351, -129.2752, 473.8328,  0, 127, 127
L 593.1375, -183.2308, 462.1637,  584.4175, -137.9459, 472.1078,  0, 127, 127
L 593.1558, -230.1214, 450.2520,  593.1375, -183.2308, 462.1637,  0, 127, 127
L 592.5955, -252.5949, 446.2430,  593.1558, -230.1214, 450.2520,  0, 127, 127
L 592.5324, -324.5882, 428.4495,  592.5955, -252.5949, 446.2430,  0, 127, 127
L 593.5118, -376.7096, 413.7971,  592.5324, -324.5882, 428.4495,  0, 127, 127
L 608.5660, -411.3293, 408.4227,  593.5118, -376.7096, 413.7971,  0, 127, 127
L 778.3408, -85.5726, 288.5519,  795.6318, -92.4665, 287.1066,  0, 127, 127
L 750.5934, -85.5606, 294.1074,  778.3408, -85.5726, 288.5519,  0, 127, 127
L 733.6729, -88.3076, 295.5642,  750.5934, -85.5606, 294.1074,  0, 127, 127
L 714.7681, -96.8855, 299.7502,  733.6729, -88.3076, 295.5642,  0, 127, 127
L 695.3336, -112.7470, 303.7425,  714.7681, -96.8855, 299.7502,  0, 127, 127
L 679.5903, -135.5250, 308.3611,  695.3336, -112.7470, 303.7425,  0, 127, 127
L 674.7678, -157.9862, 312.9890,  679.5903, -135.5250, 308.3611,  0, 127, 127
L 673.3291, -184.5412, 318.8414,  674.7678, -157.9862, 312.9890,  0, 127, 127
L 674.0264, -241.4987, 333.3882,  673.3291, -184.5412, 318.8414,  0, 127, 127
L 672.1420, -300.3834, 347.7509,  674.0264, -241.4987, 333.3882,  0, 127, 127
L 673.3103, -326.6323, 354.5212,  672.1420, -300.3834, 347.7509,  0, 127, 127
L 676.6369, -364.8550, 364.2233,  673.3103, -326.6323, 354.5212,  0, 127, 127
L 670.9622, -390.9007, 373.7509,  676.6369, -364.8550, 364.2233,  0, 127, 127
L 654.9990, -412.7169, 380.3426,  670.9622, -390.9007, 373.7509,  0, 127, 127
L 631.6121, -420.2540, 388.5575,  654.9990, -412.7169, 380.3426,  0, 127, 127
L 608.5660, -411.3293, 398.7736,  631.6121, -420.2540, 388.5575,  0, 127, 127
L 606.8925, -419.1389, 397.7509,  608.9040, -411.4602, 400.3864,  0, 127, 127
L 615.8289, -428.0180, 391.1879,  606.8925, -419.1389, 397.7509,  0, 127, 127
L 608.0336, -460.7434, 385.8886,  615.8289, -428.0180, 391.1879,  0, 127, 127
L 632.9001, -463.5932, 381.5052,  608.0336, -460.7434, 385.8886,  0, 127, 127
L 669.6132, -451.8236, 378.7173,  632.9001, -463.5932, 381.5052,  0, 127, 127
L 695.1434, -434.0108, 377.7509,  669.6132, -451.8236, 378.7173,  0, 127, 127
L 704.2618, -422.0554, 373.9756,  695.1434, -434.0108, 377.7509,  0, 127, 127
L 714.9597, -404.2080, 370.1413,  704.2618, -422.0554, 373.9756,  0, 127, 127
L 718.6719, -386.5433, 367.7509,  714.9597, -404.2080, 370.1413,  0, 127, 127
L 720.6591, -188.9750, 319.5770,  718.6719, -386.5433, 367.7509,  0, 127, 127
L 721.6165, -163.5555, 311.7509,  720.6591, -188.9750, 319.5770,  0, 127, 127
L 741.6818, -138.9465, 297.7746,  721.6165, -163.5555, 311.7509,  0, 127, 127
L 776.2282, -137.6643, 284.2049,  741.6818, -138.9465, 297.7746,  0, 127, 127
L 795.6318, -92.4665, 290.5029,  776.2282, -137.6643, 284.2049,  0, 127, 127
L 1006.4578, 1211.2319, 553.3671,  992.7047, 1211.2319, 553.1239,  0, 127, 127
L 1063.2517, 1211.2318, 553.3921,  1041.5911, 1211.2319, 552.8160,  0, 127, 127
L 1063.4722, 1144.4409, 553.3071,  1063.2517, 1211.2318, 552.9085,  0, 127, 127
L 992.7137, 1144.4407, 553.3572,  1063.4722, 1144.4409, 553.1420,  0, 127, 127
L 992.7137, 1144.4407, 553.4687,  992.7047, 1211.2319, 553.1977,  0, 127, 127
L 889.0880, 1158.1160, 494.7517,  872.7468, 1142.8578, 487.6810,  0, 127, 127
L 902.2552, 1169.1229, 503.3051,  889.0880, 1158.1160, 494.7517,  0, 127, 127
L 908.0562, 1175.6838, 506.5874,  902.2552, 1169.1229, 503.3051,  0, 127, 127
L 914.6176, 1183.2251, 510.8982,  908.0562, 1175.6838, 506.5874,  0, 127, 127
L 922.0402, 1206.6667, 521.5414,  914.6176, 1183.2251, 510.8982,  0, 127, 127
L 959.8266, 1197.2587, 553.8458,  922.0402, 1206.6667, 521.5414,  0, 127, 127
L 973.8105, 1244.8384, 556.4178,  959.8266, 1197.2587, 553.8458,  0, 127, 127
L 1016.5861, 1261.6744, 556.2955,  973.8105, 1244.8384, 556.4178,  0, 127, 127
L 1067.1012, 1254.6897, 556.1803,  1016.5861, 1261.6744, 556.2955,  0, 127, 127
L 1110.4592, 1219.8705, 555.3151,  1067.1012, 1254.6897, 556.1803,  0, 127, 127
L 1127.1246, 1177.9905, 555.6432,  1110.4592, 1219.8705, 555.3151,  0, 127, 127
L 1119.5807, 1124.1267, 556.5907,  1127.1246, 1177.9905, 555.6432,  0, 127, 127
L 1089.7776, 1085.8262, 556.1659,  1119.5807, 1124.1267, 556.5907,  0, 127, 127
L 1041.2390, 1067.1826, 556.0088,  1089.7776, 1085.8262, 556.1659,  0, 127, 127
L 988.8691, 1076.0823, 555.6691,  1041.2390, 1067.1826, 556.0088,  0, 127, 127
L 951.0546, 1108.1110, 555.9684,  988.8691, 1076.0823, 555.6691,  0, 127, 127
L 948.4423, 1118.1085, 551.6296,  951.0546, 1108.1110, 555.9684,  0, 127, 127
L 910.3596, 1127.3102, 528.4313,  948.4423, 1118.1085, 551.6296,  0, 127, 127
L 872.7468, 1142.8578, 485.3767,  910.3596, 1127.3102, 528.4313,  0, 127, 127
L 1610.4275, 655.7822, 252.9749,  1595.1625, 655.9440, 252.5528,  127, 0, 0
L 1626.0144, 660.6190, 254.6443,  1610.4275, 655.7822, 252.9749,  127, 0, 0
L 1629.9366, 667.8797, 256.4947,  1626.0144, 660.6190, 254.6443,  127, 0, 0
L 1631.0278, 677.9812, 257.8919,  1629.9366, 667.8797, 256.4947,  127, 0, 0
L 1628.7155, 691.1366, 257.2254,  1631.0278, 677.9812, 257.8919,  127, 0, 0
L 1622.1687, 702.0609, 253.8505,  1628.7155, 691.1366, 257.2254,  127, 0, 0
L 1609.7349, 707.1372, 250.2953,  1622.1687, 702.0609, 253.8505,  127, 0, 0
L 1604.4008, 707.5799, 248.5741,  1609.7349, 707.1372, 250.2953,  127, 0, 0
L 1628.1902, 773.8822, 253.8954,  1614.7196, 773.5472, 251.9001,  127, 0, 0
L 1638.6193, 779.5663, 254.0542,  1628.1902, 773.8822, 253.8954,  127, 0, 0
L 1643.7747, 790.3822, 256.0092,  1638.6193, 779.5663, 254.0542,  127, 0, 0
L 1645.1483, 801.7574, 256.8416,  1643.7747, 790.3822, 256.0092,  127, 0, 0
L 1642.2440, 813.3546, 257.8116,  1645.1483, 801.7574, 256.8416,  127, 0, 0
L 1640.9747, 821.8938, 254.1853,  1642.2440, 813.3546, 257.8116,  127, 0, 0
L 1627.5815, 828.7320, 252.8319,  1640.9747, 821.8938, 254.1853,  127, 0, 0
L 1616.1641, 829.2921, 250.2709,  1627.5815, 828.7320, 252.8319,  127, 0, 0
L 1609.5431, 875.6870, 251.0233,  1609.4230, 875.6870, 252.0963,  127, 0, 0
L 1619.2324, 877.1959, 250.6656,  1609.5431, 875.6870, 251.0233,  127, 0, 0
L 1630.3114, 882.1498, 253.7878,  1619.2324, 877.1959, 250.6656,  127, 0, 0
L 1634.1692, 887.2866, 253.9810,  1630.3114, 882.1498, 253.7878,  127, 0, 0
L 1636.2521, 899.5754, 257.3914,  1634.1692, 887.2866, 253.9810,  127, 0, 0
L 1631.9036, 913.9238, 257.1107,  1636.2521, 899.5754, 257.3914,  127, 0, 0
L 1628.5669, 921.2620, 255.5286,  1631.9036, 913.9238, 257.1107,  127, 0, 0
L 1614.3770, 929.4111, 250.9349,  1628.5669, 921.2620, 255.5286,  127, 0, 0
L 1606.2510, 929.0231, 248.8683,  1614.3770, 929.4111, 250.9349,  127, 0, 0
L 1664.8495, 1079.0800, 293.5110,  1715.7827, 1037.9977, 300.1498,  0, 127, 0
L 1626.2791, 1101.0996, 295.7265,  1664.8495, 1079.0800, 293.5110,  0, 127, 0
L 1604.1285, 1145.7411, 290.6955,  1626.2791, 1101.0996, 295.7265,  0, 127, 0
L 1642.8883, 1255.5698, 288.6407,  1604.1285, 1145.7411, 290.6955,  0, 127, 0
L -1144.0079, -627.0070, 411.7986,  -1170.7040, -688.2322, 412.2147,  0, 127, 127
L -1125.7454, -635.1022, 412.5273,  -1144.0079, -627.0070, 412.3054,  0, 127, 127
L -1079.5198, -655.5926, 411.8587,  -1096.1630, -648.2153, 412.7082,  0, 127, 127
L -1106.2540, -716.8009, 411.4917,  -1079.5198, -655.5926, 412.3468,  0, 127, 127
L -1170.7040, -688.2322, 411.6921,  -1106.2540, -716.8009, 411.0009,  0, 127, 127
L -1404.8105, -1024.9222, 518.2534,  -1305.1406, -1094.4681, 478.9633,  0, 127, 127
L -1366.4980, -1017.2696, 518.8291,  -1404.8105, -1024.9222, 511.4420,  0, 127, 127
L -1372.6986, -974.8798, 518.5107,  -1366.4980, -1017.2696, 518.8291,  0, 127, 127
L -1271.5946, -1045.8192, 468.7480,  -1372.6986, -974.8798, 518.5107,  0, 127, 127
L -1310.2327, -1056.6561, 469.1481,  -1271.5946, -1045.8192, 468.7480,  0, 127, 127
L -1305.1406, -1094.4681, 468.5969,  -1310.2327, -1056.6561, 469.1481,  0, 127, 127
L -1250.3456, -1180.1382, 468.5332,  -1217.5060, -1205.1238, 468.0009,  0, 127, 127
L -1287.1215, -1188.1511, 468.0009,  -1250.3456, -1180.1382, 468.5332,  0, 127, 127
L -1293.7400, -1150.4747, 468.0009,  -1287.1215, -1188.1511, 468.0009,  0, 127, 127
L -1325.8364, -1128.4655, 471.7858,  -1293.7400, -1150.4747, 468.0009,  0, 127, 127
L -1425.6785, -1058.4020, 519.1705,  -1325.8364, -1128.4655, 471.7858,  0, 127, 127
L -1465.5983, -1031.6628, 518.1959,  -1425.6785, -1058.4020, 519.1705,  0, 127, 127
L -1501.2894, -1037.1725, 518.9734,  -1465.5983, -1031.6628, 518.1959,  0, 127, 127
L -1506.5427, -1002.6477, 518.4160,  -1501.2894, -1037.1725, 518.9734,  0, 127, 127
L -1541.7151, -975.5458, 518.8161,  -1506.5427, -1002.6477, 518.4160,  0, 127, 127
L -1518.6158, -941.8700, 518.8940,  -1541.7151, -975.5458, 518.8161,  0, 127, 127
L -1522.7498, -905.0394, 518.5171,  -1518.6158, -941.8700, 518.8940,  0, 127, 127
L -1488.6792, -899.0566, 518.9139,  -1522.7498, -905.0394, 518.5171,  0, 127, 127
L -1460.4387, -864.0333, 518.1747,  -1488.6792, -899.0566, 518.9139,  0, 127, 127
L -1426.7506, -887.0674, 518.3284,  -1460.4387, -864.0333, 518.1747,  0, 127, 127
L -1391.4135, -880.6117, 519.0783,  -1426.7506, -887.0674, 518.3284,  0, 127, 127
L -1384.9965, -917.6569, 518.5044,  -1391.4135, -880.6117, 519.0783,  0, 127, 127
L -1348.2599, -943.5187, 518.0203,  -1384.9965, -917.6569, 518.5044,  0, 127, 127
L -1250.2458, -1011.3105, 469.2637,  -1348.2599, -943.5187, 518.0203,  0, 127, 127
L -1216.8434, -1034.8269, 469.2219,  -1250.2458, -1011.3105, 469.2637,  0, 127, 127
L -1176.8730, -1029.6067, 468.7981,  -1216.8434, -1034.8269, 469.2219,  0, 127, 127
L -1168.1282, -1067.9739, 464.8527,  -1176.8730, -1029.6067, 468.7981,  0, 127, 127
L -1095.9403, -961.2230, 351.1653,  -1168.1282, -1067.9739, 464.8527,  0, 127, 127
L -1091.8182, -965.5229, 351.9497,  -1095.9403, -961.2230, 351.1653,  0, 127, 127
L -1086.3076, -970.3383, 352.3546,  -1091.8182, -965.5229, 351.9497,  0, 127, 127
L -1080.2849, -975.4069, 352.1120,  -1086.3076, -970.3383, 352.3546,  0, 127, 127
L -1053.2550, -974.3994, 349.6160,  -1080.2849, -975.4069, 352.1120,  0, 127, 127
L -1136.4816, -1094.2666, 468.3598,  -1053.2550, -974.3994, 349.6160,  0, 127, 127
L -1160.4860, -1125.4620, 468.1184,  -1136.4816, -1094.2666, 468.3598,  0, 127, 127
L -1153.7230, -1162.5997, 468.1251,  -1160.4860, -1125.4620, 468.1184,  0, 127, 127
L -1150.9762, -1162.7808, 464.2162,  -1150.9762, -1162.7808, 441.4703,  0, 127, 127
L -1192.1177, -1170.9908, 468.6362,  -1150.9762, -1162.7808, 464.2162,  0, 127, 127
L -1217.5060, -1205.1238, 468.1897,  -1192.1177, -1170.9908, 468.6362,  0, 127, 127
L -379.8400, -1382.7783, 563.0911,  -469.9657, -1382.1190, 562.6571,  0, 127, 127
L -384.4144, -1226.6823, 442.8116,  -379.8400, -1382.7783, 445.7870,  0, 127, 127
L -446.6858, -1226.0605, 436.1019,  -384.4144, -1226.6823, 434.3730,  0, 127, 127
L -446.6858, -1226.0605, 444.3175,  -469.9657, -1382.1190, 458.3201,  0, 127, 127
L -1023.7456, -694.4728, 413.8916,  -626.6019, -693.5449, 411.1690,  127, 0, 0
L -627.7799, -616.7029, 416.0738,  -1024.0555, -617.9100, 397.8218,  127, 0, 0
L -588.2975, -680.0215, 418.3683,  -585.8013, -695.2318, 419.6651,  0, 127, 127
L -588.9055, -657.7728, 416.3355,  -588.2975, -680.0215, 418.3683,  0, 127, 127
L -587.9902, -616.9336, 415.3782,  -588.9055, -657.7728, 416.3355,  0, 127, 127
L -560.5198, -490.0306, 476.9358,  -587.9902, -616.9336, 415.3782,  0, 127, 127
L -545.4997, -380.1374, 532.4924,  -560.5198, -490.0306, 476.9358,  0, 127, 127
L -547.0812, -355.4759, 543.0911,  -545.4997, -380.1374, 532.4924,  0, 127, 127
L -503.4261, -355.6444, 562.5692,  -547.0812, -355.4759, 543.0911,  0, 127, 127
L -522.3218, -348.3792, 552.8363,  -503.4261, -355.6444, 562.5692,  0, 127, 127
L -528.7393, -334.1757, 551.7628,  -522.3218, -348.3792, 552.8363,  0, 127, 127
L -539.1774, -318.7916, 541.5286,  -528.7393, -334.1757, 551.7628,  0, 127, 127
L -543.2239, -301.3771, 541.6537,  -539.1774, -318.7916, 541.5286,  0, 127, 127
L -592.1511, -302.1995, 541.4045,  -543.2239, -301.3771, 541.6537,  0, 127, 127
L -610.7083, -465.3095, 487.0009,  -592.1511, -302.1995, 541.4045,  0, 127, 127
L -619.2639, -525.6706, 457.0009,  -610.7083, -465.3095, 487.0009,  0, 127, 127
L -627.7799, -616.7029, 415.9060,  -619.2639, -525.6706, 457.0009,  0, 127, 127
L -626.5847, -695.3138, 415.2972,  -627.3448, -616.7016, 415.9060,  0, 127, 127
L -585.8013, -695.2318, 415.0853,  -626.5847, -695.3138, 415.2972,  0, 127, 127
L -1023.7101, -703.2421, 414.4188,  -1063.1631, -742.0453, 413.6909,  0, 127, 127
L -1024.0851, -610.6092, 414.2938,  -1023.7101, -703.2421, 414.4188,  0, 127, 127
L -1026.9651, -605.3630, 414.0836,  -1024.0851, -610.6092, 414.2938,  0, 127, 127
L -1057.2515, -572.3334, 413.4164,  -1026.9651, -605.3630, 414.0836,  0, 127, 127
L -1112.4170, -557.1564, 413.0690,  -1057.2515, -572.3334, 413.4164,  0, 127, 127
L -1117.8773, -557.5405, 413.8407,  -1112.4170, -557.1564, 414.1703,  0, 127, 127
L -1109.8391, -753.8723, 413.0009,  -1063.1631, -742.0453, 413.3864,  0, 127, 127
L -1157.8750, -741.5637, 414.2800,  -1109.8391, -753.8723, 413.0009,  0, 127, 127
L -1196.9205, -701.5779, 413.0009,  -1157.8750, -741.5637, 414.2800,  0, 127, 127
L -1209.3588, -653.8484, 413.8981,  -1196.9205, -701.5779, 413.0009,  0, 127, 127
L -1196.8783, -606.4319, 413.3367,  -1209.3588, -653.8484, 413.8981,  0, 127, 127
L -1185.6749, -596.3185, 413.1339,  -1196.8783, -606.4319, 413.3367,  0, 127, 127
L -1120.5630, -558.7321, 413.1780,  -1185.9548, -596.4801, 413.1339,  0, 127, 127
L -1120.5630, -558.7321, 413.0620,  -1329.1122, -196.6567, 412.1396,  127, 0, 0
L -1397.4490, -232.9810, 413.4567,  -1185.9548, -596.4801, 412.0967,  127, 0, 0
L -1301.4063, -71.2861, 392.2578,  -1293.9183, -66.4505, 392.2324,  0, 127, 127
L -1326.0615, -86.2915, 399.6740,  -1294.2623, -66.9383, 392.2578,  0, 127, 127
L -1340.0800, -96.9982, 406.1022,  -1326.0615, -86.2915, 399.6740,  0, 127, 127
L -1362.0051, -112.7951, 415.8783,  -1340.0800, -96.9982, 406.1022,  0, 127, 127
L -1368.7698, -118.7399, 416.3796,  -1362.0051, -112.7951, 415.8783,  0, 127, 127
L -1378.4744, -128.7009, 416.0781,  -1368.7698, -118.7399, 416.3796,  0, 127, 127
L -1383.1671, -139.6292, 415.9682,  -1378.4744, -128.7009, 416.0781,  0, 127, 127
L -1393.8171, -154.5770, 415.9046,  -1383.1671, -139.6292, 415.9682,  0, 127, 127
L -1402.4888, -162.7962, 415.9345,  -1393.8171, -154.5770, 415.9046,  0, 127, 127
L -1419.6975, -177.7013, 414.5648,  -1402.4888, -162.7962, 415.9345,  0, 127, 127
L -1431.6864, -186.1143, 414.0993,  -1419.6975, -177.7013, 414.5648,  0, 127, 127
L -1399.5292, -234.0869, 333.6940,  -1431.6864, -186.1143, 372.8559,  0, 127, 127
L -1237.6682, -148.0496, 319.1459,  -1399.5292, -234.0869, 315.9697,  0, 127, 127
L -1237.6682, -148.0496, 308.1399,  -1294.2623, -66.9383, 358.5732,  0, 127, 127
L -1164.9781, -118.9144, 309.3322,  -1121.2900, -127.4536, 309.7273,  0, 0, 240
L -1210.5531, -130.0617, 309.2137,  -1164.9781, -118.9144, 309.3322,  0, 0, 240
L -1246.3893, -135.5505, 307.8434,  -1210.5531, -130.0617, 309.2137,  0, 0, 240
L -1291.7291, -198.1238, 305.5652,  -1288.4492, -175.0421, 305.2460,  0, 0, 240
L -1305.1639, -212.1771, 305.4223,  -1291.7291, -198.1238, 305.5652,  0, 0, 240
L -1319.1864, -213.8897, 306.0999,  -1305.1639, -212.1771, 305.4223,  0, 0, 240
L -1395.0278, -278.4459, 305.8684,  -1395.1245, -236.9764, 305.5394,  0, 0, 240
L -1381.5347, -294.3835, 306.0195,  -1395.0278, -278.4459, 305.8684,  0, 0, 240
L -1363.2887, -291.6930, 306.0145,  -1381.5347, -294.3835, 306.0195,  0, 0, 240
L -1240.5271, -313.8471, 305.5288,  -1263.5020, -310.5670, 305.7895,  0, 0, 240
L -1220.5206, -325.2392, 306.1633,  -1240.5271, -313.8471, 305.5288,  0, 0, 240
L -1209.9126, -338.2371, 305.7863,  -1220.5206, -325.2392, 306.1633,  0, 0, 240
L -1199.4213, -355.9767, 305.7737,  -1209.9126, -338.2371, 305.7863,  0, 0, 240
L -1194.0559, -377.3517, 305.3541,  -1199.4213, -355.9767, 305.7737,  0, 0, 240
L -1194.9648, -399.7729, 305.4102,  -1194.0559, -377.3517, 305.3541,  0, 0, 240
L -1203.0638, -415.4973, 306.1927,  -1194.9648, -399.7729, 305.4102,  0, 0, 240
L -1162.0447, -427.7758, 305.6483,  -1191.1680, -436.1506, 306.1889,  0, 0, 240
L -1150.8118, -418.8910, 305.9012,  -1162.0447, -427.7758, 305.6483,  0, 0, 240
L -1148.7156, -404.5821, 305.2333,  -1150.8118, -418.8910, 305.9012,  0, 0, 240
L -1138.9875, -389.0247, 305.9110,  -1148.7156, -404.5821, 305.2333,  0, 0, 240
L -1120.7057, -368.9585, 305.5238,  -1138.9875, -389.0247, 305.9110,  0, 0, 240
L -1102.6707, -339.1429, 305.8553,  -1120.7057, -368.9585, 305.5238,  0, 0, 240
L -1090.1932, -314.3529, 305.0721,  -1102.6707, -339.1429, 305.8553,  0, 0, 240
L -1097.3466, -289.8836, 305.3416,  -1090.1932, -314.3529, 305.0721,  0, 0, 240
L -1111.5170, -279.9336, 305.2349,  -1097.3466, -289.8836, 305.3416,  0, 0, 240
L -1127.0491, -271.7316, 305.7896,  -1111.5170, -279.9336, 305.2349,  0, 0, 240
L -1145.3914, -257.7768, 305.0491,  -1127.0491, -271.7316, 305.7896,  0, 0, 240
L -1145.2958, -256.2596, 305.9679,  -1145.3914, -257.7768, 305.0491,  0, 0, 240
L -1143.1829, -239.1405, 305.1090,  -1145.2958, -256.2596, 305.9679,  0, 0, 240
L -1128.6436, -218.6418, 305.9146,  -1143.1829, -239.1405, 305.1090,  0, 0, 240
L -1121.1869, -195.7171, 305.2104,  -1128.6436, -218.6418, 305.9146,  0, 0, 240
L -1112.1865, -184.3810, 304.8947,  -1121.1869, -195.7171, 305.2104,  0, 0, 240
L -1096.0620, -158.3016, 305.1172,  -1112.1865, -184.3810, 304.8947,  0, 0, 240
L -1102.4771, -139.7517, 305.4271,  -1096.0620, -158.3016, 305.1172,  0, 0, 240
L -1121.2900, -127.4536, 305.1712,  -1102.4771, -139.7517, 305.4271,  0, 0, 240
L 1878.1182, 1640.1426, 210.9181,  1946.2964, 1810.5007, 211.8011,  0, 0, 240
L 1836.5554, 1550.6088, 211.7109,  1878.1182, 1640.1426, 210.9181,  0, 0, 240
L 1821.8351, 1518.9078, 210.5546,  1836.5554, 1550.6088, 211.7109,  0, 0, 240
L 1754.8785, 1382.5481, 211.1498,  1821.8351, 1518.9078, 210.5546,  0, 0, 240
L 1733.0734, 1351.1831, 211.6955,  1754.8785, 1382.5481, 211.1498,  0, 0, 240
L 1721.0034, 1333.8171, 211.2847,  1733.0734, 1351.1831, 211.6955,  0, 0, 240
L 1714.2943, 1324.1656, 211.4569,  1721.0034, 1333.8171, 211.2847,  0, 0, 240
L 1704.6547, 1310.2982, 210.4104,  1714.2943, 1324.1656, 211.4569,  0, 0, 240
L 1692.8578, 1294.5510, 210.9968,  1704.6547, 1310.2982, 210.4104,  0, 0, 240
L 1677.3385, 1282.4473, 211.7064,  1692.8578, 1294.5510, 210.9968,  0, 0, 240
L 1663.1953, 1271.5919, 210.7410,  1677.3385, 1282.4473, 211.7064,  0, 0, 240
L 1648.8912, 1260.0779, 210.4599,  1663.1953, 1271.5919, 210.7410,  0, 0, 240
L 1637.6870, 1250.8557, 211.2903,  1648.8912, 1260.0779, 210.4599,  0, 0, 240
L 1625.2411, 1239.5754, 211.7490,  1642.8883, 1255.5698, 211.2903,  0, 0, 240
L 1617.0607, 1228.1775, 211.0597,  1625.2411, 1239.5754, 211.7490,  0, 0, 240
L 1606.7856, 1212.7386, 210.1856,  1617.0607, 1228.1775, 211.0597,  0, 0, 240
L 1597.1246, 1197.5410, 210.7253,  1606.7856, 1212.7386, 210.1856,  0, 0, 240
L 1586.2543, 1181.3225, 211.6887,  1597.1246, 1197.5410, 210.7253,  0, 0, 240
L 1576.5750, 1166.9996, 211.0227,  1586.2543, 1181.3225, 211.6887,  0, 0, 240
L 1568.5508, 1153.3046, 210.2085,  1576.5750, 1166.9996, 211.0227,  0, 0, 240
L 1562.5928, 1140.2706, 210.3622,  1568.5508, 1153.3046, 210.2085,  0, 0, 240
L 1556.5681, 1124.7755, 211.3734,  1562.5928, 1140.2706, 210.3622,  0, 0, 240
L 1551.8519, 1108.9076, 211.7594,  1556.5681, 1124.7755, 211.3734,  0, 0, 240
L 1549.4050, 1094.2854, 211.0301,  1551.8519, 1108.9076, 211.7594,  0, 0, 240
L 1548.4203, 1081.2153, 210.2499,  1549.4050, 1094.2854, 211.0301,  0, 0, 240
L 1546.8018, 1066.1254, 210.0929,  1548.4203, 1081.2153, 210.2499,  0, 0, 240
L 1543.2944, 1052.8899, 210.7618,  1546.8018, 1066.1254, 210.0929,  0, 0, 240
L 1536.2351, 1038.0442, 211.5317,  1543.2944, 1052.8899, 210.7618,  0, 0, 240
L 1525.4702, 1023.9791, 210.7657,  1536.2351, 1038.0442, 211.5317,  0, 0, 240
L 1496.2513, 1007.0842, 211.1927,  1525.4702, 1023.9791, 210.7657,  0, 0, 240
L 1476.5750, 999.4518, 210.4995,  1496.2513, 1007.0842, 211.1927,  0, 0, 240
L 1470.3363, 985.3253, 211.4175,  1476.5750, 999.4518, 210.4995,  0, 0, 240
L 1468.1007, 966.1696, 212.5364,  1470.3363, 985.3253, 211.4175,  0, 0, 240
L 1469.0728, 942.0107, 212.4371,  1468.1007, 966.1696, 212.5364,  0, 0, 240
L 1470.0095, 921.1085, 211.3172,  1469.0728, 942.0107, 212.4371,  0, 0, 240
L 1468.8380, 899.5837, 211.8681,  1470.0095, 921.1085, 211.3172,  0, 0, 240
L 1466.3180, 875.8026, 212.9764,  1468.8380, 899.5837, 211.8681,  0, 0, 240
L 1464.7085, 862.0347, 212.3010,  1466.3180, 875.8026, 212.9764,  0, 0, 240
L 1465.3280, 844.3513, 211.4767,  1464.7085, 862.0347, 212.3010,  0, 0, 240
L 1467.9319, 824.8504, 212.1453,  1465.3280, 844.3513, 211.4767,  0, 0, 240
L 1469.4121, 808.4694, 212.9209,  1467.9319, 824.8504, 212.1453,  0, 0, 240
L 1469.4120, 789.5167, 212.1323,  1469.4121, 808.4694, 212.9209,  0, 0, 240
L 1468.5763, 774.4963, 211.4752,  1469.4120, 789.5167, 212.1323,  0, 0, 240
L 1469.0613, 759.6683, 211.8421,  1468.5763, 774.4963, 211.4752,  0, 0, 240
L 1470.1661, 735.2531, 212.8983,  1469.0613, 759.6683, 211.8421,  0, 0, 240
L 1467.9633, 716.1157, 212.0409,  1470.1661, 735.2531, 212.8983,  0, 0, 240
L 1464.8228, 691.0911, 210.9843,  1467.9633, 716.1157, 212.0409,  0, 0, 240
L 1463.1975, 663.1969, 212.2106,  1464.8228, 691.0911, 210.9843,  0, 0, 240
L 1463.4078, 638.1550, 212.7722,  1463.1975, 663.1969, 212.2106,  0, 0, 240
L 1463.4519, 615.4393, 211.4565,  1463.4078, 638.1550, 212.7722,  0, 0, 240
L 1462.2690, 565.7877, 212.3748,  1463.4519, 615.4393, 211.4565,  0, 0, 240
L 1463.3076, 533.3282, 212.3756,  1462.2690, 565.7877, 212.3748,  0, 0, 240
L 1465.6820, 479.0567, 211.3387,  1463.3076, 533.3282, 212.3756,  0, 0, 240
L 1466.2882, 438.4488, 212.3229,  1465.6820, 479.0567, 211.3387,  0, 0, 240
L 1466.3630, 415.7426, 212.5737,  1466.2882, 438.4488, 212.3229,  0, 0, 240
L 1465.8081, 382.8067, 210.9179,  1466.3630, 415.7426, 212.5737,  0, 0, 240
L 1465.1064, 354.2032, 211.8926,  1465.8081, 382.8067, 210.9179,  0, 0, 240
L 1464.6400, 335.1839, 212.9541,  1465.1064, 354.2032, 211.8926,  0, 0, 240
L 1464.0969, 312.8506, 212.6855,  1464.6400, 335.1839, 212.9541,  0, 0, 240
L 1463.6780, 287.5332, 211.1614,  1464.0969, 312.8506, 212.6855,  0, 0, 240
L 1464.8474, 259.3989, 211.3096,  1463.6780, 287.5332, 211.1614,  0, 0, 240
L 1464.4165, 224.0513, 212.9507,  1464.8474, 259.3989, 211.3096,  0, 0, 240
L 1463.6853, 194.3431, 211.4511,  1464.4165, 224.0513, 212.9507,  0, 0, 240
L 1462.3440, 153.7837, 211.8161,  1463.6853, 194.3431, 211.4511,  0, 0, 240
L 1463.6467, 119.1199, 212.8780,  1462.3440, 153.7837, 211.8161,  0, 0, 240
L 1466.7456, 82.8752, 212.8060,  1463.6467, 119.1199, 212.8780,  0, 0, 240
L 1466.9510, 30.6330, 219.5350,  1466.7456, 82.8752, 212.8060,  0, 0, 240
L 1474.8669, -45.6186, 212.2423,  1466.9510, 30.6330, 219.5350,  0, 0, 240
L 1481.0199, -77.0211, 212.6923,  1474.8669, -45.6186, 212.2423,  0, 0, 240
L 1489.3984, -93.1600, 212.4930,  1481.0199, -77.0211, 212.6923,  0, 0, 240
L 1496.3278, -107.4565, 211.7898,  1489.3984, -93.1600, 212.4930,  0, 0, 240
L 1497.4363, -123.8041, 212.5581,  1496.3278, -107.4565, 211.7898,  0, 0, 240
L 1493.5885, -146.0731, 212.4815,  1497.4363, -123.8041, 212.5581,  0, 0, 240
L 1505.4501, -199.4947, 211.5972,  1493.5885, -146.0731, 212.4815,  0, 0, 240
L 1510.8781, -218.3751, 212.3652,  1505.4501, -199.4947, 211.5972,  0, 0, 240
L 1515.1700, -246.2000, 211.6051,  1510.8781, -218.3751, 212.3652,  0, 0, 240
L 1511.9714, -271.7964, 212.2065,  1515.1700, -246.2000, 211.6051,  0, 0, 240
L 1500.7250, -315.1383, 212.1963,  1511.9714, -271.7964, 212.2065,  0, 0, 240
L 1499.3265, -384.6666, 211.8461,  1500.7250, -315.1383, 212.1963,  0, 0, 240
L 1500.4001, -411.1006, 211.0830,  1499.3265, -384.6666, 211.8461,  0, 0, 240
L 1502.1334, -433.4910, 211.9659,  1500.4001, -411.1006, 211.0830,  0, 0, 240
L 1504.3561, -453.3099, 211.2253,  1502.1334, -433.4910, 211.9659,  0, 0, 240
L 1507.2352, -472.9893, 211.5853,  1504.3561, -453.3099, 211.2253,  0, 0, 240
L 1507.7322, -488.3737, 211.9217,  1507.2352, -472.9893, 211.5853,  0, 0, 240
L 1510.0558, -543.2210, 211.6434,  1507.7322, -488.3737, 211.9217,  0, 0, 240
L 1511.9553, -557.9709, 212.3831,  1510.0558, -543.2210, 211.6434,  0, 0, 240
L 1516.0450, -575.6664, 211.5367,  1511.9553, -557.9709, 212.3831,  0, 0, 240
L 1523.0709, -595.4496, 212.1004,  1516.0450, -575.6664, 211.5367,  0, 0, 240
L 1528.9495, -611.4253, 212.2874,  1523.0709, -595.4496, 212.1004,  0, 0, 240
L 1533.7378, -627.5079, 211.5068,  1528.9495, -611.4253, 212.2874,  0, 0, 240
L 1538.0310, -645.0260, 212.3470,  1533.7378, -627.5079, 211.5068,  0, 0, 240
L 1540.8054, -659.8209, 212.0257,  1538.0310, -645.0260, 212.3470,  0, 0, 240
L 1544.5585, -676.4794, 211.5547,  1540.8054, -659.8209, 212.0257,  0, 0, 240
L 1549.7246, -692.6574, 212.4881,  1544.5585, -676.4794, 211.5547,  0, 0, 240
L 1555.7040, -707.5959, 212.0548,  1549.7246, -692.6574, 212.4881,  0, 0, 240
L 1562.1786, -724.5453, 211.4578,  1555.7040, -707.5959, 212.0548,  0, 0, 240
L 1565.1749, -740.7863, 212.3277,  1562.1786, -724.5453, 211.4578,  0, 0, 240
L 1563.0834, -760.9994, 211.5763,  1565.1749, -740.7863, 212.3277,  0, 0, 240
L 1557.3522, -779.7190, 212.3248,  1563.0834, -760.9994, 211.5763,  0, 0, 240
L 1550.2601, -795.4874, 211.6219,  1557.3522, -779.7190, 212.3248,  0, 0, 240
L 1544.0107, -812.3013, 212.3482,  1550.2601, -795.4874, 211.6219,  0, 0, 240
L 1537.9519, -827.0814, 211.9116,  1544.0107, -812.3013, 212.3482,  0, 0, 240
L 1528.2339, -845.5139, 212.1991,  1537.9519, -827.0814, 211.9116,  0, 0, 240
L 1517.7520, -861.7802, 211.7244,  1528.2339, -845.5139, 212.1991,  0, 0, 240
L 1506.6750, -879.6791, 212.4466,  1517.7520, -861.7802, 211.7244,  0, 0, 240
L 1498.7604, -895.8297, 211.6108,  1506.6750, -879.6791, 212.4466,  0, 0, 240
L 1492.5378, -914.5986, 212.2796,  1498.7604, -895.8297, 211.6108,  0, 0, 240
L 1489.6266, -930.7697, 212.2756,  1492.5378, -914.5986, 212.2796,  0, 0, 240
L 1488.8105, -949.2355, 211.4414,  1489.6266, -930.7697, 212.2756,  0, 0, 240
L 1486.6046, -969.1005, 212.3646,  1488.8105, -949.2355, 211.4414,  0, 0, 240
L 1478.9473, -985.4647, 212.0805,  1486.6046, -969.1005, 212.3646,  0, 0, 240
L 1468.1349, -997.2471, 212.0155,  1478.9473, -985.4647, 212.0805,  0, 0, 240
L 1451.4542, -1011.6444, 211.7353,  1468.1349, -997.2471, 212.0155,  0, 0, 240
L 1434.2827, -1022.9404, 212.2199,  1451.4542, -1011.6444, 211.7353,  0, 0, 240
L 1415.3237, -1026.9313, 212.2776,  1434.2827, -1022.9404, 212.2199,  0, 0, 240
L 1396.5765, -1029.5581, 211.8288,  1415.3237, -1026.9313, 212.2776,  0, 0, 240
L 1376.7285, -1031.1429, 212.0054,  1396.5765, -1029.5581, 211.8288,  0, 0, 240
L 1361.0479, -1036.2227, 212.2670,  1376.7285, -1031.1429, 212.0054,  0, 0, 240
L 1346.0402, -1043.5923, 211.8782,  1361.0479, -1036.2227, 212.2670,  0, 0, 240
L 1328.8593, -1051.4716, 212.3861,  1346.0402, -1043.5923, 211.8782,  0, 0, 240
L 1310.4521, -1054.7095, 211.7945,  1328.8593, -1051.4716, 212.3861,  0, 0, 240
L 1289.2915, -1054.7917, 212.1311,  1310.4521, -1054.7095, 211.7945,  0, 0, 240
L 1269.4573, -1056.3217, 212.2570,  1289.2915, -1054.7917, 212.1311,  0, 0, 240
L 1249.0316, -1053.6119, 211.8005,  1269.4573, -1056.3217, 212.2570,  0, 0, 240
L 1230.5492, -1052.6670, 212.4199,  1249.0316, -1053.6119, 211.8005,  0, 0, 240
L 1212.7032, -1052.0000, 211.7911,  1230.5492, -1052.6670, 212.4199,  0, 0, 240
L 1189.6595, -1048.2278, 211.9851,  1212.7032, -1052.0000, 211.7911,  0, 0, 240
L 1168.2649, -1041.5430, 212.4234,  1189.6595, -1048.2278, 211.9851,  0, 0, 240
L 1149.0208, -1033.7711, 211.6926,  1168.2649, -1041.5430, 212.4234,  0, 0, 240
L 1111.6649, -1015.8131, 211.8218,  1149.0208, -1033.7711, 211.6926,  0, 0, 240
L 1094.3666, -1011.3676, 212.4373,  1111.6649, -1015.8131, 211.8218,  0, 0, 240
L 1072.6559, -1009.7532, 211.4491,  1094.3666, -1011.3676, 212.4373,  0, 0, 240
L 1049.1938, -1009.8187, 212.5344,  1072.6559, -1009.7532, 211.4491,  0, 0, 240
L 1028.0061, -1008.1692, 211.7996,  1049.1938, -1009.8187, 212.5344,  0, 0, 240
L 1003.9118, -1004.1661, 212.4422,  1028.0061, -1008.1692, 211.7996,  0, 0, 240
L 983.6948, -1003.5393, 212.1114,  1003.9118, -1004.1661, 212.4422,  0, 0, 240
L 964.3083, -1008.2138, 211.4695,  983.6948, -1003.5393, 212.1114,  0, 0, 240
L 943.5625, -1015.9824, 212.6295,  964.3083, -1008.2138, 211.4695,  0, 0, 240
L 924.2805, -1020.9792, 212.0256,  943.5625, -1015.9824, 212.6295,  0, 0, 240
L 902.4609, -1023.7241, 211.8015,  924.2805, -1020.9792, 212.0256,  0, 0, 240
L 877.6606, -1022.9916, 212.1952,  902.4609, -1023.7241, 211.8015,  0, 0, 240
L 857.3408, -1021.6082, 211.6685,  877.6606, -1022.9916, 212.1952,  0, 0, 240
L 834.0409, -1021.0428, 212.5242,  857.3408, -1021.6082, 211.6685,  0, 0, 240
L 806.3228, -1019.4681, 211.6631,  834.0409, -1021.0428, 212.5242,  0, 0, 240
L 787.0310, -1019.6721, 212.6379,  806.3228, -1019.4681, 211.6631,  0, 0, 240
L 764.7675, -1018.9653, 211.6195,  787.0310, -1019.6721, 212.6379,  0, 0, 240
L 739.9124, -1016.3477, 212.5093,  764.7675, -1018.9653, 211.6195,  0, 0, 240
L 716.9222, -1012.9884, 211.7644,  739.9124, -1016.3477, 212.5093,  0, 0, 240
L 693.7957, -1008.7993, 212.2496,  716.9222, -1012.9884, 211.7644,  0, 0, 240
L 670.4919, -1004.2578, 212.0304,  693.7957, -1008.7993, 212.2496,  0, 0, 240
L 649.0120, -1001.3948, 211.7531,  670.4919, -1004.2578, 212.0304,  0, 0, 240
L 626.1595, -996.8417, 212.6397,  649.0120, -1001.3948, 211.7531,  0, 0, 240
L 599.4033, -987.7917, 211.7566,  626.1595, -996.8417, 212.6397,  0, 0, 240
L 559.1001, -986.7574, 212.0089,  599.4033, -987.7917, 211.7566,  0, 0, 240
L 542.5521, -990.5085, 211.5786,  559.1001, -986.7574, 212.0089,  0, 0, 240
L 520.7714, -997.9498, 212.7856,  542.5521, -990.5085, 211.5786,  0, 0, 240
L 501.7503, -1003.4638, 212.2036,  520.7714, -997.9498, 212.7856,  0, 0, 240
L 481.1017, -1005.4618, 211.9017,  501.7503, -1003.4638, 212.2036,  0, 0, 240
L 459.3564, -1006.5078, 212.7148,  481.1017, -1005.4618, 211.9017,  0, 0, 240
L 437.8897, -1006.1519, 211.7208,  459.3564, -1006.5078, 212.7148,  0, 0, 240
L 417.0385, -1005.8923, 212.6781,  437.8897, -1006.1519, 211.7208,  0, 0, 240
L 398.6207, -1010.2687, 212.0934,  417.0385, -1005.8923, 212.6781,  0, 0, 240
L 378.7641, -1018.7438, 211.6829,  398.6207, -1010.2687, 212.0934,  0, 0, 240
L 362.8232, -1028.4763, 212.6899,  378.7641, -1018.7438, 211.6829,  0, 0, 240
L 346.7795, -1041.3501, 211.8403,  362.8232, -1028.4763, 212.6899,  0, 0, 240
L 333.3013, -1051.4619, 212.0265,  346.7795, -1041.3501, 211.8403,  0, 0, 240
L 276.7813, -1082.2631, 212.6400,  290.6883, -1075.5927, 211.7012,  0, 0, 240
L 259.8620, -1088.9917, 211.8988,  276.7813, -1082.2631, 212.6400,  0, 0, 240
L 237.1696, -1099.2449, 212.3150,  259.8620, -1088.9917, 211.8988,  0, 0, 240
L 217.6964, -1109.6837, 212.2064,  237.1696, -1099.2449, 212.3150,  0, 0, 240
L 199.7868, -1116.8680, 211.6558,  217.6964, -1109.6837, 212.2064,  0, 0, 240
L 130.1716, -1108.9133, 211.7713,  151.8719, -1113.3280, 211.7431,  0, 0, 240
L 109.7714, -1105.4932, 212.2879,  130.1716, -1108.9133, 211.7713,  0, 0, 240
L 84.6234, -1102.5153, 211.6646,  109.7714, -1105.4932, 212.2879,  0, 0, 240
L 64.7174, -1101.2087, 212.0643,  84.6234, -1102.5153, 211.6646,  0, 0, 240
L 41.1091, -1101.2882, 212.3814,  64.7174, -1101.2087, 212.0643,  0, 0, 240
L 20.7754, -1102.2944, 211.5263,  41.1091, -1101.2882, 212.3814,  0, 0, 240
L -4.5408, -1101.8400, 212.6691,  20.7754, -1102.2944, 211.5263,  0, 0, 240
L -24.7960, -1100.8647, 211.7278,  -4.5408, -1101.8400, 212.6691,  0, 0, 240
L -47.8063, -1101.1033, 212.0608,  -24.7960, -1100.8647, 211.7278,  0, 0, 240
L -68.8528, -1101.6229, 212.5857,  -47.8063, -1101.1033, 212.0608,  0, 0, 240
L -89.9656, -1100.5782, 211.5184,  -68.8528, -1101.6229, 212.5857,  0, 0, 240
L -109.7262, -1100.0590, 212.3109,  -89.9656, -1100.5782, 211.5184,  0, 0, 240
L -132.6046, -1099.0223, 212.4315,  -109.7262, -1100.0590, 212.3109,  0, 0, 240
L -154.3313, -1098.8998, 211.5197,  -132.6046, -1099.0223, 212.4315,  0, 0, 240
L -178.8207, -1100.1724, 212.6975,  -154.3313, -1098.8998, 211.5197,  0, 0, 240
L -199.7277, -1098.3452, 211.8391,  -178.8207, -1100.1724, 212.6975,  0, 0, 240
L -240.2347, -1097.5337, 212.6201,  -199.7277, -1098.3452, 211.8391,  0, 0, 240
L -261.6458, -1097.3960, 211.5468,  -240.2347, -1097.5337, 212.6201,  0, 0, 240
L -282.7547, -1098.4065, 212.3183,  -261.6458, -1097.3960, 211.5468,  0, 0, 240
L -306.8142, -1099.1263, 212.3039,  -282.7547, -1098.4065, 212.3183,  0, 0, 240
L -331.3411, -1100.6776, 211.5541,  -306.8142, -1099.1263, 212.3039,  0, 0, 240
L -346.4710, -1101.8069, 212.4294,  -331.3411, -1100.6776, 211.5541,  0, 0, 240
L -372.3943, -1105.1863, 212.0703,  -346.4710, -1101.8069, 212.4294,  0, 0, 240
L -395.2957, -1109.7480, 211.6315,  -372.3943, -1105.1863, 212.0703,  0, 0, 240
L -422.3139, -1114.3823, 213.0656,  -395.2957, -1109.7480, 211.6315,  0, 0, 240
L -451.7043, -1118.7786, 211.8086,  -422.3139, -1114.3823, 213.0656,  0, 0, 240
L -473.1857, -1121.7201, 212.9039,  -451.7043, -1118.7786, 211.8086,  0, 0, 240
L -498.9162, -1123.4338, 212.1331,  -473.1857, -1121.7201, 212.9039,  0, 0, 240
L -521.7191, -1122.0424, 212.1998,  -498.9162, -1123.4338, 212.1331,  0, 0, 240
L -545.4753, -1116.1498, 213.1462,  -521.7191, -1122.0424, 212.1998,  0, 0, 240
L -569.0115, -1109.7242, 214.0825,  -545.4753, -1116.1498, 213.1462,  0, 0, 240
L -601.8874, -1102.2831, 216.9095,  -569.0115, -1109.7242, 214.0825,  0, 0, 240
L -640.8138, -1091.2540, 213.0088,  -601.8874, -1102.2831, 216.9095,  0, 0, 240
L -674.0856, -1078.4199, 213.0345,  -640.8138, -1091.2540, 213.0088,  0, 0, 240
L -695.4119, -1069.8406, 211.5990,  -674.0856, -1078.4199, 213.0345,  0, 0, 240
L -714.2770, -1059.7444, 211.2814,  -695.4119, -1069.8406, 211.5990,  0, 0, 240
L -733.7540, -1049.9214, 212.1801,  -714.2770, -1059.7444, 211.2814,  0, 0, 240
L -754.5085, -1042.5841, 211.0272,  -733.7540, -1049.9214, 212.1801,  0, 0, 240
L -772.6009, -1038.3134, 211.4065,  -754.5085, -1042.5841, 211.0272,  0, 0, 240
L -798.5740, -1033.7531, 211.8683,  -772.6009, -1038.3134, 211.4065,  0, 0, 240
L -815.4141, -1029.4058, 210.9987,  -798.5740, -1033.7531, 211.8683,  0, 0, 240
L -832.8972, -1022.0394, 211.7551,  -815.4141, -1029.4058, 210.9987,  0, 0, 240
L -844.8702, -1012.7339, 212.0460,  -832.8972, -1022.0394, 211.7551,  0, 0, 240
L -857.9083, -996.8068, 211.5024,  -844.8702, -1012.7339, 212.0460,  0, 0, 240
L -868.7825, -980.1882, 211.8353,  -857.9083, -996.8068, 211.5024,  0, 0, 240
L -877.8674, -967.0464, 211.3577,  -868.7825, -980.1882, 211.8353,  0, 0, 240
L -893.8133, -954.3164, 212.4263,  -877.8674, -967.0464, 211.3577,  0, 0, 240
L -908.3896, -945.0380, 211.8515,  -893.8133, -954.3164, 212.4263,  0, 0, 240
L -915.5905, -930.3970, 211.3870,  -908.3896, -945.0380, 211.8515,  0, 0, 240
L -918.0110, -906.7426, 211.6401,  -915.5905, -930.3970, 211.3870,  0, 0, 240
L -917.0673, -885.9091, 211.8018,  -918.0110, -906.7426, 211.6401,  0, 0, 240
L -914.5145, -866.1736, 211.5191,  -917.0673, -885.9091, 211.8018,  0, 0, 240
L -909.2609, -844.3741, 211.7333,  -914.5145, -866.1736, 211.5191,  0, 0, 240
L -902.3664, -824.7142, 211.8416,  -909.2609, -844.3741, 211.7333,  0, 0, 240
L -896.8257, -805.4724, 211.2545,  -902.3664, -824.7142, 211.8416,  0, 0, 240
L -892.9487, -780.7961, 212.2925,  -896.8257, -805.4724, 211.2545,  0, 0, 240
L -895.9645, -762.1108, 211.2704,  -892.9487, -780.7961, 212.2925,  0, 0, 240
L -899.2572, -738.2871, 211.8242,  -895.9645, -762.1108, 211.2704,  0, 0, 240
L -899.1754, -717.8760, 212.2609,  -899.2572, -738.2871, 211.8242,  0, 0, 240
L -895.9354, -694.2233, 211.1498,  -899.1754, -717.8760, 212.2609,  0, 0, 240
L -888.9075, -599.8062, 212.4243,  -890.0237, -617.5018, 211.1896,  0, 0, 240
L -890.4426, -578.7419, 211.8827,  -888.9075, -599.8062, 212.4243,  0, 0, 240
L -897.4567, -556.9056, 210.7547,  -890.4426, -578.7419, 211.8827,  0, 0, 240
L -904.3560, -538.8631, 211.3280,  -897.4567, -556.9056, 210.7547,  0, 0, 240
L -910.4537, -519.0992, 212.3444,  -904.3560, -538.8631, 211.3280,  0, 0, 240
L -914.0412, -497.2110, 211.3748,  -910.4537, -519.0992, 212.3444,  0, 0, 240
L -914.8383, -477.6609, 210.8554,  -914.0412, -497.2110, 211.3748,  0, 0, 240
L -913.1335, -452.8083, 212.1611,  -914.8383, -477.6609, 210.8554,  0, 0, 240
L -909.5361, -429.6789, 211.3833,  -913.1335, -452.8083, 212.1611,  0, 0, 240
L -904.1006, -407.9009, 211.1563,  -909.5361, -429.6789, 211.3833,  0, 0, 240
L -895.4358, -379.2894, 211.9561,  -904.1006, -407.9009, 211.1563,  0, 0, 240
L -890.9810, -359.1637, 210.8521,  -895.4358, -379.2894, 211.9561,  0, 0, 240
L -891.2292, -337.2372, 211.4160,  -890.9810, -359.1637, 210.8521,  0, 0, 240
L -892.4643, -320.3724, 212.4520,  -891.2292, -337.2372, 211.4160,  0, 0, 240
L -890.9761, -301.3214, 212.9342,  -892.4643, -320.3724, 212.4520,  0, 0, 240
L -886.6600, -277.2488, 211.8379,  -890.9761, -301.3214, 212.9342,  0, 0, 240
L -882.3152, -254.7592, 212.9390,  -886.6600, -277.2488, 211.8379,  0, 0, 240
L -878.7289, -229.7523, 216.0972,  -882.3152, -254.7592, 212.9390,  0, 0, 240
L -875.6795, -209.6801, 215.0642,  -878.7289, -229.7523, 216.0972,  0, 0, 240
L -869.5463, -184.4003, 215.7748,  -875.6795, -209.6801, 215.0642,  0, 0, 240
L -863.2958, -166.5405, 216.3966,  -869.5463, -184.4003, 215.7748,  0, 0, 240
L -859.8082, -150.2342, 215.3122,  -863.2958, -166.5405, 216.3966,  0, 0, 240
L -860.1108, -129.7155, 214.8999,  -859.8082, -150.2342, 215.3122,  0, 0, 240
L -865.2221, -113.0104, 216.0776,  -860.1108, -129.7155, 214.8999,  0, 0, 240
L -873.8475, -97.6509, 217.7144,  -865.2221, -113.0104, 216.0776,  0, 0, 240
L -888.0707, -77.6542, 217.5826,  -873.8475, -97.6509, 217.7144,  0, 0, 240
L -903.4146, -54.2885, 219.2991,  -888.0707, -77.6542, 217.5826,  0, 0, 240
L -906.5678, -40.8895, 219.6540,  -903.4146, -54.2885, 219.2991,  0, 0, 240
L -948.2143, 41.7793, 212.8651,  -906.5678, -40.8895, 219.6540,  0, 0, 240
L -965.0608, 54.6846, 212.1483,  -948.2143, 41.7793, 212.8651,  0, 0, 240
L -985.1997, 66.8360, 212.7875,  -965.0608, 54.6846, 212.1483,  0, 0, 240
L -1005.9310, 79.6830, 212.2942,  -985.1997, 66.8360, 212.7875,  0, 0, 240
L -1034.1962, 97.6293, 213.6307,  -1005.9310, 79.6830, 212.2942,  0, 0, 240
L -1051.0846, 107.8481, 214.2567,  -1034.1962, 97.6293, 213.6307,  0, 0, 240
L -1070.0602, 120.2851, 214.0694,  -1051.0846, 107.8481, 214.2567,  0, 0, 240
L -1086.3544, 129.9210, 213.7410,  -1070.0602, 120.2851, 214.0694,  0, 0, 240
L -1106.3337, 139.9843, 214.7801,  -1086.3544, 129.9210, 213.7410,  0, 0, 240
L -1123.6884, 149.8172, 213.6833,  -1106.3337, 139.9843, 214.7801,  0, 0, 240
L -1140.9430, 162.0222, 211.3698,  -1123.6884, 149.8172, 213.6833,  0, 0, 240
L -1155.8977, 168.8612, 211.6014,  -1140.9430, 162.0222, 211.3698,  0, 0, 240
L -1177.5162, 174.0924, 210.4829,  -1155.8977, 168.8612, 211.6014,  0, 0, 240
L -1195.8303, 178.1237, 211.1837,  -1177.5162, 174.0924, 210.4829,  0, 0, 240
L -1212.6021, 183.3044, 211.6714,  -1195.8303, 178.1237, 211.1837,  0, 0, 240
L -1235.2637, 194.3217, 210.6561,  -1212.6021, 183.3044, 211.6714,  0, 0, 240
L -1258.7926, 208.2180, 211.5427,  -1235.2637, 194.3217, 210.6561,  0, 0, 240
L -1274.5176, 216.6677, 210.5886,  -1258.7926, 208.2180, 211.5427,  0, 0, 240
L -1290.5256, 225.5302, 211.1752,  -1274.5176, 216.6677, 210.5886,  0, 0, 240
L -1308.8859, 238.2966, 211.2585,  -1290.5256, 225.5302, 211.1752,  0, 0, 240
L -1322.5100, 250.8569, 210.9094,  -1308.8859, 238.2966, 211.2585,  0, 0, 240
L -1336.0750, 263.0471, 211.6620,  -1322.5100, 250.8569, 210.9094,  0, 0, 240
L -1350.0717, 272.1478, 210.7360,  -1336.0750, 263.0471, 211.6620,  0, 0, 240
L -1371.4110, 283.0161, 211.0848,  -1350.0717, 272.1478, 210.7360,  0, 0, 240
L -1395.0684, 294.2603, 211.4485,  -1371.4110, 283.0161, 211.0848,  0, 0, 240
L -1421.6228, 307.3936, 210.5248,  -1395.0684, 294.2603, 211.4485,  0, 0, 240
L -1630.5249, 663.1589, 212.6536,  -1618.7694, 635.3120, 211.7023,  0, 0, 240
L -1640.1512, 683.1671, 211.6971,  -1630.5249, 663.1589, 212.6536,  0, 0, 240
L -1652.4968, 708.2065, 212.5431,  -1640.1512, 683.1671, 211.6971,  0, 0, 240
L -1665.7881, 729.0640, 211.7730,  -1652.4968, 708.2065, 212.5431,  0, 0, 240
L -1678.5715, 748.4839, 211.8767,  -1665.7881, 729.0640, 211.7730,  0, 0, 240
L -1691.0768, 771.7133, 212.3504,  -1678.5715, 748.4839, 211.8767,  0, 0, 240
L -1702.1875, 799.1121, 211.8839,  -1691.0768, 771.7133, 212.3504,  0, 0, 240
L -1705.5275, 826.2515, 204.4802,  -1702.1875, 799.1121, 211.8839,  0, 0, 240
L -1782.7451, 896.1382, 212.9627,  -1705.5275, 826.2515, 204.4802,  0, 0, 240
L -1811.9592, 914.8402, 214.4888,  -1782.7451, 896.1382, 212.9627,  0, 0, 240
L -1834.0654, 928.4398, 217.9596,  -1811.9592, 914.8402, 214.4888,  0, 0, 240
L -1868.5018, 945.6439, 223.0402,  -1834.0654, 928.4398, 217.9596,  0, 0, 240
L -1906.5994, 965.4644, 226.1777,  -1868.5018, 945.6439, 223.0402,  0, 0, 240
L -1899.1985, 907.0892, 373.2197,  -1899.2695, 907.6473, 364.6149,  0, 127, 0
L -1883.0824, 891.5050, 381.4676,  -1899.1985, 907.0892, 373.2197,  0, 127, 0
L -1866.7588, 875.8224, 387.2832,  -1883.0824, 891.5050, 381.4676,  0, 127, 0
L -1853.3004, 862.8927, 390.4259,  -1866.7588, 875.8224, 387.2832,  0, 127, 0
L -1839.6062, 849.7358, 390.7993,  -1853.3004, 862.8927, 390.4259,  0, 127, 0
L -1824.6125, 835.3238, 390.3856,  -1839.6062, 849.7358, 390.7993,  0, 127, 0
L -1806.2024, 817.6280, 391.1030,  -1824.6125, 835.3238, 390.3856,  0, 127, 0
L -1788.0234, 800.1545, 393.2872,  -1806.2024, 817.6280, 391.1030,  0, 127, 0
L -1767.0461, 779.9911, 399.3544,  -1788.0234, 800.1545, 393.2872,  0, 127, 0
L -1749.6838, 761.5142, 407.4491,  -1767.0461, 779.9911, 399.3544,  0, 127, 0
L -1736.0895, 731.1633, 420.7783,  -1749.6838, 761.5142, 407.4491,  0, 127, 0
L -1728.1185, 713.3679, 428.5776,  -1736.0895, 731.1633, 420.7783,  0, 127, 0
L -1716.2922, 686.9645, 437.3676,  -1728.1185, 713.3679, 428.5776,  0, 127, 0
L -1707.1705, 656.6193, 448.8497,  -1716.2922, 686.9645, 437.3676,  0, 127, 0
L -1706.9602, 629.9303, 460.7448,  -1707.1705, 656.6193, 448.8497,  0, 127, 0
L -1706.7378, 601.6409, 470.1234,  -1706.9602, 629.9303, 460.7448,  0, 127, 0
L -1706.4955, 570.8632, 481.3929,  -1706.7378, 601.6409, 470.1234,  0, 127, 0
L -1706.2670, 542.0082, 494.2236,  -1706.4955, 570.8632, 481.3929,  0, 127, 0
L -1706.0577, 515.9979, 505.2106,  -1706.2670, 542.0082, 494.2236,  0, 127, 0
L -1704.1149, 490.5182, 514.4979,  -1706.0577, 515.9979, 505.2106,  0, 127, 0
L -1697.7545, 453.9035, 528.2513,  -1704.1149, 490.5182, 514.4979,  0, 127, 0
L -1691.9569, 420.5274, 540.6769,  -1697.7545, 453.9035, 528.2513,  0, 127, 0
L -1684.3778, 376.8496, 553.7261,  -1691.9569, 420.5274, 540.6769,  0, 127, 0
L -1678.3708, 342.2055, 605.2681,  -1684.3778, 376.8496, 553.7261,  0, 127, 0
L -1673.5345, 310.5381, 613.8546,  -1678.3708, 342.2055, 605.2681,  0, 127, 0
L -1664.6224, 248.3073, 624.0353,  -1673.5345, 310.5381, 613.8546,  0, 127, 0
L -1661.7965, 228.6156, 623.1507,  -1664.6224, 248.3073, 624.0353,  0, 127, 0
L -1657.3418, 197.5750, 613.9312,  -1661.7965, 228.6156, 623.1507,  0, 127, 0
L -1653.5426, 171.1016, 613.9413,  -1657.3418, 197.5750, 613.9312,  0, 127, 0
L -1649.9985, 146.4069, 614.0154,  -1653.5426, 171.1016, 613.9413,  0, 127, 0
L -1647.3210, 127.7504, 614.5534,  -1649.9985, 146.4069, 614.0154,  0, 127, 0
L -1642.6976, 95.5379, 609.7635,  -1647.3210, 127.7504, 614.5534,  0, 127, 0
L -1638.2808, 64.7744, 604.0991,  -1642.6976, 95.5379, 609.7635,  0, 127, 0
L -1633.1969, 29.3610, 603.6027,  -1638.2808, 64.7744, 604.0991,  0, 127, 0
L -1633.4176, 9.2881, 603.2910,  -1633.1969, 29.3610, 603.6027,  0, 127, 0
L -1633.8864, -15.8156, 594.0994,  -1633.4176, 9.2881, 603.2910,  0, 127, 0
L -1634.6274, -44.4488, 581.8649,  -1633.8864, -15.8156, 594.0994,  0, 127, 0
L -1635.3595, -77.3340, 583.4515,  -1634.6274, -44.4488, 581.8649,  0, 127, 0
L -1640.2183, -119.7250, 585.1607,  -1635.3595, -77.3340, 583.4515,  0, 127, 0
L -1645.2455, -144.7747, 585.2032,  -1640.2183, -119.7250, 585.1607,  0, 127, 0
L -1650.2665, -169.7927, 583.2004,  -1645.2455, -144.7747, 585.2032,  0, 127, 0
L -1652.3542, -180.1951, 581.1580,  -1650.2665, -169.7927, 583.2004,  0, 127, 0
L -1656.4962, -200.8378, 579.8724,  -1652.3542, -180.1951, 581.1580,  0, 127, 0
L -1662.9752, -233.1515, 580.2633,  -1656.4962, -200.8378, 579.8724,  0, 127, 0
L -1660.8890, -254.5911, 576.2065,  -1662.9752, -233.1515, 580.2633,  0, 127, 0
L -1660.9116, -283.1449, 564.6281,  -1660.8890, -254.5911, 576.2065,  0, 127, 0
L -1671.2745, -311.1288, 546.9448,  -1660.9116, -283.1449, 564.6281,  0, 127, 0
L -1685.7086, -346.5336, 531.8585,  -1671.2745, -311.1288, 546.9448,  0, 127, 0
L -1688.3346, -376.1294, 532.0118,  -1685.7086, -346.5336, 531.8585,  0, 127, 0
L -1688.8912, -416.9449, 532.3522,  -1688.3346, -376.1294, 532.0118,  0, 127, 0
L -1689.3680, -451.9497, 530.5357,  -1688.8912, -416.9449, 532.3522,  0, 127, 0
L -1687.5938, -494.9486, 521.2404,  -1689.3680, -451.9497, 530.5357,  0, 127, 0
L -1690.6665, -547.6254, 526.5601,  -1687.5938, -494.9486, 521.2404,  0, 127, 0
L -1687.8322, -600.9191, 542.9570,  -1690.6665, -547.6254, 526.5601,  0, 127, 0
L -1682.9812, -657.3273, 562.0544,  -1687.8322, -600.9191, 542.9570,  0, 127, 0
L -1678.8533, -705.3834, 578.5121,  -1682.9812, -657.3273, 562.0544,  0, 127, 0
L -1668.5630, -775.5074, 602.2324,  -1678.8533, -705.3834, 578.5121,  0, 127, 0
L -1663.5347, -808.2601, 608.8694,  -1668.5630, -775.5074, 602.2324,  0, 127, 0
L -1642.6365, -848.5100, 605.3353,  -1663.5347, -808.2601, 608.8694,  0, 127, 0
L -1638.3683, -874.0657, 601.1549,  -1642.6365, -848.5100, 605.3353,  0, 127, 0
L -1639.3938, -907.1993, 587.0640,  -1638.3683, -874.0657, 601.1549,  0, 127, 0
L -1632.4606, -947.4800, 565.1397,  -1639.3938, -907.1993, 587.0640,  0, 127, 0
L -1622.1002, -983.3307, 556.7350,  -1632.4606, -947.4800, 565.1397,  0, 127, 0
L -1608.7073, -1024.9174, 552.7632,  -1622.1002, -983.3307, 556.7350,  0, 127, 0
L -1599.2834, -1054.1139, 552.0698,  -1608.7073, -1024.9174, 552.7632,  0, 127, 0
L -1586.8018, -1084.2250, 554.2065,  -1599.2834, -1054.1139, 552.0698,  0, 127, 0
L -1561.3864, -1124.8079, 552.8594,  -1586.8018, -1084.2250, 554.2065,  0, 127, 0
L -1534.1564, -1162.7299, 559.9796,  -1561.3864, -1124.8079, 552.8594,  0, 127, 0
L -1510.9703, -1195.0204, 567.2418,  -1534.1564, -1162.7299, 559.9796,  0, 127, 0
L -1478.2224, -1240.6273, 577.9518,  -1510.9703, -1195.0204, 567.2418,  0, 127, 0
L -1451.2450, -1268.2153, 585.5822,  -1478.2224, -1240.6273, 577.9518,  0, 127, 0
L -1402.5409, -1304.2351, 590.9832,  -1451.2450, -1268.2153, 585.5822,  0, 127, 0
L -1296.9734, -1356.6724, 593.7865,  -1402.5409, -1304.2351, 590.9832,  0, 127, 0
L -1263.6409, -1360.7863, 593.3132,  -1296.9734, -1356.6724, 593.7865,  0, 127, 0
L -1240.4552, -1363.6340, 590.9508,  -1263.6409, -1360.7863, 593.3132,  0, 127, 0
L -1204.8871, -1368.0231, 576.1034,  -1240.4552, -1363.6340, 590.9508,  0, 127, 0
L -1164.7836, -1372.9731, 566.8388,  -1204.8871, -1368.0231, 576.1034,  0, 127, 0
L -1130.2826, -1377.2316, 558.0609,  -1164.7836, -1372.9731, 566.8388,  0, 127, 0
L -1098.9716, -1381.1763, 535.3218,  -1130.2826, -1377.2316, 558.0609,  0, 127, 0
L -1062.7349, -1386.4824, 512.3950,  -1098.9716, -1381.1763, 535.3218,  0, 127, 0
L -1018.2738, -1391.9680, 522.0674,  -1062.7349, -1386.4824, 512.3950,  0, 127, 0
L -966.1643, -1407.9633, 543.2720,  -1018.2738, -1391.9680, 522.0674,  0, 127, 0
L -927.2891, -1425.2437, 561.1580,  -966.1643, -1407.9633, 543.2720,  0, 127, 0
L -901.7278, -1436.6058, 569.1779,  -927.2891, -1425.2437, 561.1580,  0, 127, 0
L -870.0188, -1445.2167, 579.2072,  -901.7278, -1436.6058, 569.1779,  0, 127, 0
L -834.0547, -1450.2078, 586.2449,  -870.0188, -1445.2167, 579.2072,  0, 127, 0
L -817.3132, -1452.5306, 651.6229,  -834.0547, -1450.2078, 586.2449,  0, 127, 0
L -777.9043, -1457.9998, 667.4204,  -817.3132, -1452.5306, 651.6229,  0, 127, 0
L -741.3242, -1463.0765, 674.3431,  -777.9043, -1457.9998, 667.4204,  0, 127, 0
L -700.8661, -1457.6459, 675.5772,  -741.3242, -1463.0765, 674.3431,  0, 127, 0
L -676.7738, -1448.4263, 673.3972,  -700.8661, -1457.6459, 675.5772,  0, 127, 0
L -643.2667, -1440.2659, 673.7874,  -676.7738, -1448.4263, 673.3972,  0, 127, 0
L -609.2502, -1440.2024, 677.5286,  -643.2667, -1440.2659, 673.7874,  0, 127, 0
L -576.1142, -1459.0516, 675.3414,  -609.2502, -1440.2024, 677.5286,  0, 127, 0
L -545.2931, -1480.1566, 662.1965,  -576.1142, -1459.0516, 675.3414,  0, 127, 0
L -513.8784, -1495.9828, 665.4695,  -545.2931, -1480.1566, 662.1965,  0, 127, 0
L -485.9464, -1513.4283, 668.7755,  -513.8784, -1495.9828, 665.4695,  0, 127, 0
L -459.8293, -1536.9714, 662.4097,  -485.9464, -1513.4283, 668.7755,  0, 127, 0
L -442.9803, -1546.0853, 650.9473,  -459.8293, -1536.9714, 662.4097,  0, 127, 0
L -431.5117, -1546.0870, 643.9296,  -442.9803, -1546.0853, 650.9473,  0, 127, 0
L -409.5601, -1546.0902, 638.7610,  -431.5117, -1546.0870, 643.9296,  0, 127, 0
L -382.7107, -1546.1090, 637.8585,  -409.5601, -1546.0902, 638.7610,  0, 127, 0
L -353.6202, -1548.9089, 628.3265,  -382.7107, -1546.1090, 637.8585,  0, 127, 0
L -332.5992, -1553.6730, 614.6087,  -353.6202, -1548.9089, 628.3265,  0, 127, 0
L -315.9221, -1560.6650, 602.5793,  -332.5992, -1553.6730, 614.6087,  0, 127, 0
L -291.6412, -1572.3872, 585.8885,  -315.9221, -1560.6650, 602.5793,  0, 127, 0
L -274.7327, -1578.5179, 578.4132,  -291.6412, -1572.3872, 585.8885,  0, 127, 0
L -260.2460, -1589.4758, 576.2825,  -274.7327, -1578.5179, 578.4132,  0, 127, 0
L -257.4011, -1604.7531, 583.3112,  -260.2460, -1589.4758, 576.2825,  0, 127, 0
L -251.5152, -1615.4110, 588.7195,  -257.4011, -1604.7531, 583.3112,  0, 127, 0
L -246.8078, -1628.4280, 595.6768,  -251.5152, -1615.4110, 588.7195,  0, 127, 0
L -247.1425, -1648.5629, 600.7566,  -246.8078, -1628.4280, 595.6768,  0, 127, 0
L -247.1417, -1703.5000, 600.7196,  -247.1425, -1648.5629, 600.7566,  0, 127, 0
L -203.4065, -1703.5000, 600.7196,  -247.1417, -1703.4999, 600.7196,  0, 127, 127
L -164.7244, -1703.5000, 600.7196,  -120.2066, -1703.4999, 600.7196,  0, 127, 127
L -203.4065, -1703.5000, 600.7196,  -203.3928, -1747.7516, 600.7196,  0, 127, 127
L -164.7803, -1747.7705, 600.7196,  -164.7244, -1703.5000, 600.7196,  0, 127, 127
L -203.3928, -1747.7516, 599.3446,  -241.6367, -1747.7377, 599.3447,  0, 127, 127
L -131.2668, -1747.7198, 591.7320,  -164.7803, -1747.7705, 593.3446,  0, 127, 127
L -118.1195, -2044.4780, 551.8904,  -118.4290, -2044.4478, 551.9256,  127, 0, 0
L -106.0696, -2045.5757, 550.5356,  -118.1195, -2044.4780, 551.8904,  127, 0, 0
L -95.9170, -2038.9557, 550.2304,  -106.0696, -2045.5757, 550.5356,  127, 0, 0
L -87.0915, -2030.3164, 549.9190,  -95.9170, -2038.9557, 550.2304,  127, 0, 0
L -73.5703, -2017.0189, 549.6304,  -87.0915, -2030.3164, 549.9190,  127, 0, 0
L -58.3920, -2004.5087, 551.5082,  -73.5703, -2017.0189, 549.6304,  127, 0, 0
L -55.5875, -1989.8654, 556.8000,  -58.3920, -2004.5087, 551.5082,  127, 0, 0
L -52.6405, -1974.4939, 553.0854,  -55.5875, -1989.8654, 556.8000,  127, 0, 0
L -58.7150, -1957.6260, 550.5480,  -52.6405, -1974.4939, 553.0854,  127, 0, 0
L -55.5397, -1941.0554, 557.7964,  -58.7150, -1957.6260, 550.5480,  127, 0, 0
L -53.1324, -1920.2412, 550.3765,  -55.5397, -1941.0554, 557.7964,  127, 0, 0
L -71.0774, -1901.8265, 553.4932,  -53.1324, -1920.2412, 550.3765,  127, 0, 0
L -84.5476, -1884.4489, 549.5591,  -71.0774, -1901.8265, 553.4932,  127, 0, 0
L -103.5613, -1872.4021, 556.1905,  -84.5476, -1884.4489, 549.5591,  127, 0, 0
L -124.1877, -1869.6245, 553.6167,  -103.5613, -1872.4021, 556.1905,  127, 0, 0
L -148.8855, -1870.8860, 550.8198,  -124.1877, -1869.6245, 553.6167,  127, 0, 0
L -169.0434, -1867.8113, 560.6777,  -148.8855, -1870.8860, 550.8198,  127, 0, 0
L -189.0075, -1860.7932, 550.4970,  -169.0434, -1867.8113, 560.6777,  127, 0, 0
L -209.4475, -1850.4963, 574.8083,  -189.0075, -1860.7932, 550.4970,  127, 0, 0
L -226.0266, -1838.5471, 579.7453,  -209.4475, -1850.4963, 574.8083,  127, 0, 0
L -233.4386, -1818.5315, 589.1634,  -226.0266, -1838.5471, 579.7453,  127, 0, 0
L -235.9123, -1797.9846, 598.1931,  -233.4386, -1818.5315, 589.1634,  127, 0, 0
L -236.7201, -1782.4807, 599.3446,  -235.9123, -1797.9846, 598.1931,  127, 0, 0
L -241.6367, -1747.7377, 600.2587,  -236.7201, -1782.4807, 599.3446,  127, 0, 0
L -133.5504, -1758.1134, 588.6890,  -128.9470, -1747.7201, 594.8234,  127, 0, 0
L -138.4383, -1775.5846, 582.1166,  -133.5504, -1758.1134, 588.6890,  127, 0, 0
L -133.5416, -1787.9337, 569.3446,  -138.4383, -1775.5846, 582.1166,  127, 0, 0
L -120.7208, -1805.0017, 556.7512,  -133.5416, -1787.9337, 569.3446,  127, 0, 0
L -109.2326, -1817.6289, 550.2372,  -120.7208, -1805.0017, 556.7512,  127, 0, 0
L -95.2437, -1825.4155, 551.6048,  -109.2326, -1817.6289, 550.2372,  127, 0, 0
L -80.2119, -1828.7490, 552.4611,  -95.2437, -1825.4155, 551.6048,  127, 0, 0
L -62.3921, -1832.0586, 550.8357,  -80.2119, -1828.7490, 552.4611,  127, 0, 0
L -50.6833, -1828.9854, 551.5977,  -62.3921, -1832.0586, 550.8357,  127, 0, 0
L -33.1414, -1824.0769, 550.4695,  -50.6833, -1828.9854, 551.5977,  127, 0, 0
L -21.9364, -1833.2107, 547.3420,  -33.1414, -1824.0769, 550.4695,  127, 0, 0
L -7.7512, -1846.1777, 561.1155,  -21.9364, -1833.2107, 547.3420,  127, 0, 0
L 6.2885, -1858.9099, 577.5560,  -7.7512, -1846.1777, 561.1155,  127, 0, 0
L 18.9922, -1874.6569, 584.8671,  6.2885, -1858.9099, 577.5560,  127, 0, 0
L 24.5328, -1891.8391, 587.6456,  18.9922, -1874.6569, 584.8671,  127, 0, 0
L 23.0339, -1912.0609, 586.6829,  24.5328, -1891.8391, 587.6456,  127, 0, 0
L 17.6223, -1923.6921, 573.9642,  23.0339, -1912.0609, 586.6829,  127, 0, 0
L 14.3478, -1942.4937, 568.8262,  17.6223, -1923.6921, 573.9642,  127, 0, 0
L 7.2702, -1969.9890, 570.5341,  14.3478, -1942.4937, 568.8262,  127, 0, 0
L -0.5295, -1990.4115, 577.8080,  7.2702, -1969.9890, 570.5341,  127, 0, 0
L -5.2879, -2009.4509, 584.3141,  -0.5295, -1990.4115, 577.8080,  127, 0, 0
L -4.7336, -2036.1318, 567.3672,  -5.2879, -2009.4509, 584.3141,  127, 0, 0
L -1.9744, -2054.9775, 564.4593,  -4.7336, -2036.1318, 567.3672,  127, 0, 0
L -9.1326, -2071.7019, 565.0724,  -1.9744, -2054.9775, 564.4593,  127, 0, 0
L -21.2921, -2082.0039, 557.3011,  -9.1326, -2071.7019, 565.0724,  127, 0, 0
L -32.0390, -2092.3811, 555.8605,  -21.2921, -2082.0039, 557.3011,  127, 0, 0
L -62.8356, -2086.3125, 556.1003,  -32.0390, -2092.3811, 555.8605,  127, 0, 0
L -86.3127, -2082.5950, 550.9985,  -62.8356, -2086.3125, 556.1003,  127, 0, 0
L 723.4709, -658.8799, 211.9042,  773.8624, -647.3288, 211.5780,  0, 0, 240
L 665.1458, -682.6249, 212.4263,  723.4709, -658.8799, 211.9042,  0, 0, 240
L 618.1382, -708.2951, 211.8933,  665.1458, -682.6249, 212.4263,  0, 0, 240
L 555.9778, -744.2734, 211.6217,  618.1382, -708.2951, 211.8933,  0, 0, 240
L 526.4728, -759.4628, 212.5564,  555.9778, -744.2734, 211.6217,  0, 0, 240
L 482.0723, -775.6166, 211.1419,  526.4728, -759.4628, 212.5564,  0, 0, 240
L 443.5250, -787.6077, 212.0205,  482.0723, -775.6166, 211.1419,  0, 0, 240
L 405.0699, -798.4296, 212.0344,  443.5250, -787.6077, 212.0205,  0, 0, 240
L 356.3195, -812.5295, 211.5306,  405.0699, -798.4296, 212.0344,  0, 0, 240
L 311.9756, -823.4708, 212.4098,  356.3195, -812.5295, 211.5306,  0, 0, 240
L 264.8941, -832.8959, 211.2287,  311.9756, -823.4708, 212.4098,  0, 0, 240
L 224.5347, -841.7769, 212.5333,  264.8941, -832.8959, 211.2287,  0, 0, 240
L 184.2824, -849.0298, 211.4569,  224.5347, -841.7769, 212.5333,  0, 0, 240
L 130.5020, -855.1368, 212.3119,  184.2824, -849.0298, 211.4569,  0, 0, 240
L 77.3143, -858.0237, 211.2003,  130.5020, -855.1368, 212.3119,  0, 0, 240
L 4.5409, -853.2221, 211.2655,  77.3143, -858.0237, 211.2003,  0, 0, 240
L -27.4071, -848.1868, 212.2729,  4.5409, -853.2221, 211.2655,  0, 0, 240
L -59.1599, -843.0856, 211.7202,  -27.4071, -848.1868, 212.2729,  0, 0, 240
L -85.4705, -843.6378, 211.4783,  -59.1599, -843.0856, 211.7202,  0, 0, 240
L -121.1046, -847.4359, 212.3200,  -85.4705, -843.6378, 211.4783,  0, 0, 240
L -142.7048, -850.0641, 211.5688,  -121.1046, -847.4359, 212.3200,  0, 0, 240
L -167.7961, -852.6811, 212.4195,  -142.7048, -850.0641, 211.5688,  0, 0, 240
L -191.7415, -854.1102, 211.9336,  -167.7961, -852.6811, 212.4195,  0, 0, 240
L -215.5267, -854.8289, 211.3051,  -191.7415, -854.1102, 211.9336,  0, 0, 240
L -243.6401, -856.1001, 212.1397,  -215.5267, -854.8289, 211.3051,  0, 0, 240
L -276.5945, -858.1790, 212.8136,  -243.6401, -856.1001, 212.1397,  0, 0, 240
L -304.5654, -860.8367, 212.2421,  -276.5945, -858.1790, 212.8136,  0, 0, 240
L -331.4538, -863.7583, 213.1879,  -304.5654, -860.8367, 212.2421,  0, 0, 240
L -361.1319, -866.0248, 214.5340,  -331.4538, -863.7583, 213.1879,  0, 0, 240
L -390.5979, -867.9933, 216.1586,  -361.1319, -866.0248, 214.5340,  0, 0, 240
L -424.4274, -869.7631, 220.1022,  -390.5979, -867.9933, 216.1586,  0, 0, 240
L -453.0801, -870.8179, 223.1552,  -424.4274, -869.7631, 220.1022,  0, 0, 240
L -480.3452, -871.7759, 224.3117,  -453.0801, -870.8179, 223.1552,  0, 0, 240
L -512.1115, -869.2888, 224.3380,  -480.3452, -871.7759, 224.3117,  0, 0, 240
L -546.2037, -857.6697, 220.4318,  -512.1115, -869.2888, 224.3380,  0, 0, 240
L -581.2101, -841.1246, 210.4502,  -546.2037, -857.6697, 220.4318,  0, 0, 240
L -604.8911, -822.7482, 211.3250,  -581.2101, -841.1246, 210.4502,  0, 0, 240
L -627.7699, -798.7465, 210.3381,  -604.8911, -822.7482, 211.3250,  0, 0, 240
L -645.9674, -774.9044, 211.0190,  -627.7699, -798.7465, 210.3381,  0, 0, 240
L -659.8372, -728.5200, 211.1821,  -645.9674, -774.9044, 211.0190,  0, 0, 240
L -666.4013, -693.6379, 211.5959,  -659.8372, -728.5200, 211.1821,  0, 0, 240
L -670.4106, -560.9824, 210.4893,  -667.3822, -616.8236, 211.5266,  0, 0, 240
L -670.2122, -527.0554, 210.1552,  -670.4106, -560.9824, 210.4893,  0, 0, 240
L -670.0945, -497.4763, 211.2229,  -670.2122, -527.0554, 210.1552,  0, 0, 240
L -670.1302, -458.1963, 211.2173,  -670.0945, -497.4763, 211.2229,  0, 0, 240
L -670.8505, -422.7476, 210.1172,  -670.1302, -458.1963, 211.2173,  0, 0, 240
L -671.7089, -389.4524, 210.2584,  -670.8505, -422.7476, 210.1172,  0, 0, 240
L -673.2987, -356.5088, 209.9038,  -671.7089, -389.4524, 210.2584,  0, 0, 240
L -675.8672, -327.4771, 209.0503,  -673.2987, -356.5088, 209.9038,  0, 0, 240
L -676.3656, -275.6564, 208.0621,  -675.8672, -327.4771, 209.0503,  0, 0, 240
L -673.9584, -242.6765, 209.1836,  -676.3656, -275.6564, 208.0621,  0, 0, 240
L -672.1205, -198.3812, 208.0580,  -673.9584, -242.6765, 209.1836,  0, 0, 240
L -668.9058, -163.7273, 207.8247,  -672.1205, -198.3812, 208.0580,  0, 0, 240
L -661.8989, -122.7128, 209.1404,  -668.9058, -163.7273, 207.8247,  0, 0, 240
L -655.2255, -89.4994, 208.2206,  -661.8989, -122.7128, 209.1404,  0, 0, 240
L -646.0508, -48.7544, 208.0580,  -655.2255, -89.4994, 208.2206,  0, 0, 240
L -638.5728, -17.2311, 209.0706,  -646.0508, -48.7544, 208.0580,  0, 0, 240
L -618.9066, 22.0564, 210.7222,  -638.5728, -17.2311, 209.0706,  0, 0, 240
L -568.4425, 73.7474, 213.3109,  -618.9066, 22.0564, 210.7222,  0, 0, 240
L -544.9537, 101.2232, 208.3418,  -568.4425, 73.7474, 213.3109,  0, 0, 240
L -467.0148, 154.3817, 211.1894,  -544.9537, 101.2232, 208.3418,  0, 0, 240
L -397.2182, 182.1197, 212.1001,  -467.0148, 154.3817, 211.1894,  0, 0, 240
L -366.5308, 193.0929, 212.1950,  -397.2182, 182.1197, 212.1001,  0, 0, 240
L -332.4063, 204.9488, 211.0527,  -366.5308, 193.0929, 212.1950,  0, 0, 240
L -297.3290, 216.2141, 211.9682,  -332.4063, 204.9488, 211.0527,  0, 0, 240
L -256.9559, 229.1094, 211.9862,  -297.3290, 216.2141, 211.9682,  0, 0, 240
L -224.5101, 242.3611, 211.1076,  -256.9559, 229.1094, 211.9862,  0, 0, 240
L -198.5214, 254.3542, 211.9788,  -224.5101, 242.3611, 211.1076,  0, 0, 240
L -173.4554, 267.1481, 212.3824,  -198.5214, 254.3542, 211.9788,  0, 0, 240
L -145.8215, 282.0426, 211.2763,  -173.4554, 267.1481, 212.3824,  0, 0, 240
L -118.7196, 298.3506, 211.4886,  -145.8215, 282.0426, 211.2763,  0, 0, 240
L -95.5853, 313.9422, 212.4287,  -118.7196, 298.3506, 211.4886,  0, 0, 240
L -75.0251, 330.2970, 211.8951,  -95.5853, 313.9422, 212.4287,  0, 0, 240
L -50.8868, 352.9466, 211.3079,  -75.0251, 330.2970, 211.8951,  0, 0, 240
L -24.0338, 382.8250, 212.3660,  -50.8868, 352.9466, 211.3079,  0, 0, 240
L 8.4618, 408.4192, 211.1229,  -24.0338, 382.8250, 212.3660,  0, 0, 240
L 28.7192, 424.4586, 211.5990,  8.4618, 408.4192, 211.1229,  0, 0, 240
L 47.5469, 443.1275, 212.4098,  28.7192, 424.4586, 211.5990,  0, 0, 240
L 65.5679, 462.7766, 211.7199,  47.5469, 443.1275, 212.4098,  0, 0, 240
L 86.8527, 486.8829, 211.2339,  65.5679, 462.7766, 211.7199,  0, 0, 240
L 105.2975, 509.6360, 212.2673,  86.8527, 486.8829, 211.2339,  0, 0, 240
L 125.6699, 534.5823, 211.8405,  105.2975, 509.6360, 212.2673,  0, 0, 240
L 146.9746, 559.9979, 211.1722,  125.6699, 534.5823, 211.8405,  0, 0, 240
L 167.3685, 583.8619, 212.2395,  146.9746, 559.9979, 211.1722,  0, 0, 240
L 191.6256, 608.7849, 212.0056,  167.3685, 583.8619, 212.2395,  0, 0, 240
L 217.9109, 635.7345, 211.1593,  191.6256, 608.7849, 212.0056,  0, 0, 240
L 244.8191, 665.2569, 212.4827,  217.9109, 635.7345, 211.1593,  0, 0, 240
L 273.1634, 698.1105, 211.8426,  244.8191, 665.2569, 212.4827,  0, 0, 240
L 297.4109, 725.7864, 213.0154,  273.1634, 698.1105, 211.8426,  0, 0, 240
L 323.7142, 755.5373, 216.9745,  297.4109, 725.7864, 213.0154,  0, 0, 240
L 345.9715, 781.0798, 216.6242,  323.7142, 755.5373, 216.9745,  0, 0, 240
L 366.8724, 807.3077, 217.9229,  345.9715, 781.0798, 216.6242,  0, 0, 240
L 388.1832, 837.4666, 221.3573,  366.8724, 807.3077, 217.9229,  0, 0, 240
L 410.5082, 873.6010, 223.7881,  388.1832, 837.4666, 221.3573,  0, 0, 240
L 430.9482, 907.7035, 224.7338,  410.5082, 873.6010, 223.7881,  0, 0, 240
L 454.0226, 948.7377, 211.7390,  430.9482, 907.7035, 224.7338,  0, 0, 240
L 467.4672, 980.2344, 211.3798,  454.0226, 948.7377, 211.7390,  0, 0, 240
L 490.4270, 1035.2607, 212.4174,  467.4672, 980.2344, 211.3798,  0, 0, 240
L 508.1636, 1077.3486, 211.1529,  490.4270, 1035.2607, 212.4174,  0, 0, 240
L 523.9207, 1116.7505, 212.3700,  508.1636, 1077.3486, 211.1529,  0, 0, 240
L 540.3453, 1157.8407, 211.3345,  523.9207, 1116.7505, 212.3700,  0, 0, 240
L 551.6207, 1188.0021, 211.6275,  540.3453, 1157.8407, 211.3345,  0, 0, 240
L 561.6320, 1217.9102, 212.3923,  551.6207, 1188.0021, 211.6275,  0, 0, 240
L 573.4188, 1253.5231, 211.2164,  561.6320, 1217.9102, 212.3923,  0, 0, 240
L 582.3430, 1278.1354, 211.6246,  573.4188, 1253.5231, 211.2164,  0, 0, 240
L 593.6326, 1305.5682, 212.4304,  582.3430, 1278.1354, 211.6246,  0, 0, 240
L 609.3602, 1335.8749, 211.3522,  593.6326, 1305.5682, 212.4304,  0, 0, 240
L 636.0800, 1381.7979, 212.2263,  609.3602, 1335.8749, 211.3522,  0, 0, 240
L 655.0466, 1406.7885, 212.4952,  636.0800, 1381.7979, 212.2263,  0, 0, 240
L 677.4753, 1427.9539, 211.3351,  655.0466, 1406.7885, 212.4952,  0, 0, 240
L 702.0359, 1448.0734, 211.4232,  677.4753, 1427.9539, 211.3351,  0, 0, 240
L 725.6016, 1461.1483, 212.4467,  702.0359, 1448.0734, 211.4232,  0, 0, 240
L 751.7302, 1467.6710, 212.3496,  725.6016, 1461.1483, 212.4467,  0, 0, 240
L 776.7211, 1469.6034, 211.4062,  751.7302, 1467.6710, 212.3496,  0, 0, 240
L 807.4226, 1468.9565, 211.6825,  776.7211, 1469.6034, 211.4062,  0, 0, 240
L 835.3810, 1463.8330, 212.4802,  807.4226, 1468.9565, 211.6825,  0, 0, 240
L 865.8193, 1455.7739, 211.4846,  835.3810, 1463.8330, 212.4802,  0, 0, 240
L 902.7427, 1444.1913, 212.1664,  865.8193, 1455.7739, 211.4846,  0, 0, 240
L 933.6787, 1433.0737, 211.9709,  902.7427, 1444.1913, 212.1664,  0, 0, 240
L 964.0482, 1421.7859, 211.5153,  933.6787, 1433.0737, 211.9709,  0, 0, 240
L 992.9366, 1411.0396, 212.4866,  964.0482, 1421.7859, 211.5153,  0, 0, 240
L 1019.4085, 1400.8102, 211.6784,  992.9366, 1411.0396, 212.4866,  0, 0, 240
L 1047.9993, 1386.0636, 211.6818,  1019.4085, 1400.8102, 211.6784,  0, 0, 240
L 1071.9005, 1372.2216, 212.5495,  1047.9993, 1386.0636, 211.6818,  0, 0, 240
L 1099.6296, 1357.0126, 211.6317,  1071.9005, 1372.2216, 212.5495,  0, 0, 240
L 1134.9636, 1338.6797, 212.1816,  1099.6296, 1357.0126, 211.6317,  0, 0, 240
L 1161.0784, 1324.8992, 212.3790,  1134.9636, 1338.6797, 212.1816,  0, 0, 240
L 1186.1593, 1309.2955, 211.3791,  1161.0784, 1324.8992, 212.3790,  0, 0, 240
L 1206.6047, 1292.2775, 211.7292,  1186.1593, 1309.2955, 211.3791,  0, 0, 240
L 1226.7338, 1271.6267, 212.7711,  1206.6047, 1292.2775, 211.7292,  0, 0, 240
L 1244.8785, 1248.6636, 212.4466,  1226.7338, 1271.6267, 212.7711,  0, 0, 240
L 1259.7363, 1221.1919, 211.3163,  1244.8785, 1248.6636, 212.4466,  0, 0, 240
L 1272.6737, 1193.8176, 211.5178,  1259.7363, 1221.1919, 211.3163,  0, 0, 240
L 1282.2847, 1166.1849, 212.6519,  1272.6737, 1193.8176, 211.5178,  0, 0, 240
L 1288.6201, 1136.1769, 212.8903,  1282.2847, 1166.1849, 212.6519,  0, 0, 240
L 1291.8937, 1107.1971, 211.8497,  1288.6201, 1136.1769, 212.8903,  0, 0, 240
L 1291.4557, 1082.3584, 211.2235,  1291.8937, 1107.1971, 211.8497,  0, 0, 240
L 1288.1355, 1057.5454, 211.5421,  1291.4557, 1082.3584, 211.2235,  0, 0, 240
L 1283.4524, 1030.1873, 212.6160,  1288.1355, 1057.5454, 211.5421,  0, 0, 240
L 1278.0096, 1004.4786, 212.8061,  1283.4524, 1030.1873, 212.6160,  0, 0, 240
L 1273.9104, 979.5450, 211.9030,  1278.0096, 1004.4786, 212.8061,  0, 0, 240
L 1268.6841, 950.7990, 211.3510,  1273.9104, 979.5450, 211.9030,  0, 0, 240
L 1261.1678, 927.4426, 212.0188,  1268.6841, 950.7990, 211.3510,  0, 0, 240
L 1250.5068, 903.5339, 212.7848,  1261.1678, 927.4426, 212.0188,  0, 0, 240
L 1240.5144, 884.0720, 212.3232,  1250.5068, 903.5339, 212.7848,  0, 0, 240
L 1226.4661, 861.0850, 211.4945,  1240.5144, 884.0720, 212.3232,  0, 0, 240
L 1210.6085, 834.2223, 212.2696,  1226.4661, 861.0850, 211.4945,  0, 0, 240
L 1198.7404, 809.0135, 212.5594,  1210.6085, 834.2223, 212.2696,  0, 0, 240
L 1192.6292, 784.6921, 211.6384,  1198.7404, 809.0135, 212.5594,  0, 0, 240
L 1189.9999, 756.7607, 211.8606,  1192.6292, 784.6921, 211.6384,  0, 0, 240
L 1190.5162, 730.8077, 213.1875,  1189.9999, 756.7607, 211.8606,  0, 0, 240
L 1197.4122, 700.9455, 212.4336,  1190.5162, 730.8077, 213.1875,  0, 0, 240
L 1209.4408, 678.8840, 212.4734,  1197.4122, 700.9455, 212.4336,  0, 0, 240
L 1223.4573, 658.3676, 212.8206,  1209.4408, 678.8840, 212.4734,  0, 0, 240
L 1235.0739, 638.1689, 212.0961,  1223.4573, 658.3676, 212.8206,  0, 0, 240
L 1246.4230, 610.9312, 212.8672,  1235.0739, 638.1689, 212.0961,  0, 0, 240
L 1251.4523, 586.6593, 213.3108,  1246.4230, 610.9312, 212.8672,  0, 0, 240
L 1254.1515, 558.8565, 213.0811,  1251.4523, 586.6593, 213.3108,  0, 0, 240
L 1259.5862, 535.2545, 214.4819,  1254.1515, 558.8565, 213.0811,  0, 0, 240
L 1269.8663, 507.7162, 215.4847,  1259.5862, 535.2545, 214.4819,  0, 0, 240
L 1274.2493, 481.4868, 215.5725,  1269.8663, 507.7162, 215.4847,  0, 0, 240
L 1275.5719, 449.4219, 214.7866,  1274.2493, 481.4868, 215.5725,  0, 0, 240
L 1275.3184, 409.0172, 219.3805,  1275.5719, 449.4219, 214.7866,  0, 0, 240
L 1271.6780, 373.8950, 224.5900,  1275.3184, 409.0172, 219.3805,  0, 0, 240
L 1267.6298, 336.7625, 228.1219,  1271.6780, 373.8950, 224.5900,  0, 0, 240
L 1265.8679, 297.8637, 231.7692,  1267.6298, 336.7625, 228.1219,  0, 0, 240
L 1264.0613, 265.5258, 236.2318,  1265.8679, 297.8637, 231.7692,  0, 0, 240
L 1256.6493, 220.1539, 243.2216,  1264.0613, 265.5258, 236.2318,  0, 0, 240
L 1238.9980, 174.9208, 254.1109,  1256.6493, 220.1539, 243.2216,  0, 0, 240
L 1223.8683, 125.2651, 257.5816,  1238.9980, 174.9208, 254.1109,  0, 0, 240
L 1250.8782, 43.0876, 218.1069,  1223.8683, 125.2651, 257.5816,  0, 0, 240
L 1256.0858, 15.7093, 217.8166,  1250.8782, 43.0876, 218.1069,  0, 0, 240
L 1252.9149, -11.9892, 212.0512,  1256.0858, 15.7093, 217.8166,  0, 0, 240
L 1246.7815, -37.9890, 212.6513,  1252.9149, -11.9892, 212.0512,  0, 0, 240
L 1244.5050, -70.4263, 211.5846,  1246.7815, -37.9890, 212.6513,  0, 0, 240
L 1249.6443, -102.5690, 212.1197,  1244.5050, -70.4263, 211.5846,  0, 0, 240
L 1256.9156, -125.8682, 212.6127,  1249.6443, -102.5690, 212.1197,  0, 0, 240
L 1266.5314, -146.6349, 211.8510,  1256.9156, -125.8682, 212.6127,  0, 0, 240
L 1279.9689, -166.5253, 211.9879,  1266.5314, -146.6349, 211.8510,  0, 0, 240
L 1291.3192, -188.1156, 212.6335,  1279.9689, -166.5253, 211.9879,  0, 0, 240
L 1298.8341, -209.9585, 211.9564,  1291.3192, -188.1156, 212.6335,  0, 0, 240
L 1309.7410, -237.3762, 211.4039,  1298.8341, -209.9585, 211.9564,  0, 0, 240
L 1322.0055, -263.4948, 212.3909,  1309.7410, -237.3762, 211.4039,  0, 0, 240
L 1327.5726, -288.3405, 212.4771,  1322.0055, -263.4948, 212.3909,  0, 0, 240
L 1327.4873, -316.9398, 211.4269,  1327.5726, -288.3405, 212.4771,  0, 0, 240
L 1327.9675, -353.8208, 211.8681,  1327.4873, -316.9398, 211.4269,  0, 0, 240
L 1328.7894, -387.2616, 212.5069,  1327.9675, -353.8208, 211.8681,  0, 0, 240
L 1329.6698, -422.5173, 211.3512,  1328.7894, -387.2616, 212.5069,  0, 0, 240
L 1331.0233, -460.3398, 212.2493,  1329.6698, -422.5173, 211.3512,  0, 0, 240
L 1332.3640, -489.1234, 212.5645,  1331.0233, -460.3398, 212.2493,  0, 0, 240
L 1332.8708, -519.4587, 211.5977,  1332.3640, -489.1234, 212.5645,  0, 0, 240
L 1331.6543, -549.5290, 212.3450,  1332.8708, -519.4587, 211.5977,  0, 0, 240
L 1326.9528, -578.9108, 212.5514,  1331.6543, -549.5290, 212.3450,  0, 0, 240
L 1320.4585, -601.5460, 211.7015,  1326.9528, -578.9108, 212.5514,  0, 0, 240
L 1315.3816, -623.2156, 211.9122,  1320.4585, -601.5460, 211.7015,  0, 0, 240
L 1311.5284, -642.5393, 212.6298,  1315.3816, -623.2156, 211.9122,  0, 0, 240
L 1300.3959, -663.6430, 212.2381,  1311.5284, -642.5393, 212.6298,  0, 0, 240
L 1286.7727, -679.5740, 211.6880,  1300.3959, -663.6430, 212.2381,  0, 0, 240
L 1269.0680, -696.7026, 212.3821,  1286.7727, -679.5740, 211.6880,  0, 0, 240
L 1253.2864, -705.2628, 212.5340,  1269.0680, -696.7026, 212.3821,  0, 0, 240
L 1233.2295, -709.8241, 211.8883,  1253.2864, -705.2628, 212.5340,  0, 0, 240
L 1209.2340, -710.7356, 212.5378,  1233.2295, -709.8241, 211.8883,  0, 0, 240
L 1166.0377, -705.9740, 211.9370,  1209.2340, -710.7356, 212.5378,  0, 0, 240
L 1122.4054, -700.6038, 212.1187,  1166.0377, -705.9740, 211.9370,  0, 0, 240
L 1071.6769, -695.9427, 212.8188,  1122.4054, -700.6038, 212.1187,  0, 0, 240
L 1050.5825, -694.5507, 212.3173,  1071.6769, -695.9427, 212.8188,  0, 0, 240
L 1020.5485, -690.1193, 212.7575,  1050.5825, -694.5507, 212.3173,  0, 0, 240
L 999.1931, -683.2179, 211.9166,  1020.5485, -690.1193, 212.7575,  0, 0, 240
L 962.8779, -668.2495, 212.9626,  999.1931, -683.2179, 211.9166,  0, 0, 240
L 936.4588, -657.9224, 215.7881,  962.8779, -668.2495, 212.9626,  0, 0, 240
L 917.2309, -653.4109, 216.5547,  936.4588, -657.9224, 215.7881,  0, 0, 240
L 779.5963, -646.8621, 217.3932,  917.2309, -653.4109, 216.5547,  0, 0, 240
L 1715.7827, 1037.9977, 306.5383,  1733.1849, 946.5988, 306.0518,  0, 127, 0
L 1733.1849, 946.5988, 306.0518,  1737.3484, 882.0822, 304.5623,  0, 127, 0
L 1737.3484, 882.0822, 304.5623,  1733.8450, 820.7103, 305.5702,  0, 127, 0
L 1733.8450, 820.7103, 305.5702,  1725.9232, 779.5505, 303.7600,  0, 127, 0
L 1725.9232, 779.5505, 303.7600,  1719.1208, 744.2907, 300.8059,  0, 127, 0
L 1719.1208, 744.2907, 300.8059,  1713.1364, 713.2812, 299.5165,  0, 127, 0
L 1713.1364, 713.2812, 299.5165,  1708.1892, 687.6205, 297.6703,  0, 127, 0
L 1708.1892, 687.6205, 297.6703,  1702.0814, 655.9073, 296.1850,  0, 127, 0
L 1702.0814, 655.9073, 296.1850,  1695.5105, 621.7870, 294.4904,  0, 127, 0
L 1695.5105, 621.7870, 294.4904,  1689.9109, 592.7120, 295.4854,  0, 127, 0
L 1689.9109, 592.7120, 295.4854,  1689.4655, 563.6950, 297.8374,  0, 127, 0
L 1689.4655, 563.6950, 297.8374,  1695.5172, 533.5584, 299.2532,  0, 127, 0
L 1695.5172, 533.5584, 299.2532,  1700.0709, 507.0789, 298.8438,  0, 127, 0
L 1700.0709, 507.0789, 298.8438,  1703.9791, 474.5344, 299.4136,  0, 127, 0
L 1703.9791, 474.5344, 299.4136,  1707.7050, 443.5188, 299.2011,  0, 127, 0
L 1707.7050, 443.5188, 299.2011,  1719.3519, 361.4293, 309.9293,  0, 127, 0
L 1719.3519, 361.4293, 309.9293,  1746.6029, 292.1179, 308.7016,  0, 127, 0
L 1746.6029, 292.1179, 308.7016,  1740.3854, 262.5666, 309.0719,  0, 127, 0
L 1740.3854, 262.5666, 309.0719,  1726.0823, 217.1313, 306.3933,  0, 127, 0
L 1726.0823, 217.1313, 306.3933,  1697.9670, 142.6613, 308.3849,  0, 127, 0
L 1697.9670, 142.6613, 308.3849,  1694.2083, 116.9861, 307.4742,  0, 127, 0
L 1694.2083, 116.9861, 307.4742,  1697.2316, 60.9676, 305.2385,  0, 127, 0
L 1697.2316, 60.9676, 305.2385,  1698.2776, 7.0447, 313.4965,  0, 127, 0
L 1698.2776, 7.0447, 313.4965,  1680.8350, -31.1665, 316.1827,  0, 127, 0
L 1680.8350, -31.1665, 316.1827,  1646.3573, -53.9330, 313.0997,  0, 127, 0
L 1646.3573, -53.9330, 313.0997,  1605.7909, -80.7217, 308.1627,  0, 127, 0
L 1605.7909, -80.7217, 308.1627,  1579.5028, -109.2036, 316.9771,  0, 127, 0
L 1579.5028, -109.2036, 316.9771,  1559.5035, -138.6599, 322.1571,  0, 127, 0
L 1559.5035, -138.6599, 322.1571,  1546.9716, -170.6956, 326.7803,  0, 127, 0
L 1546.9716, -170.6956, 326.7803,  1547.9634, -204.6452, 332.1931,  0, 127, 0
L 1547.9634, -204.6452, 332.1931,  1552.8107, -249.0489, 341.5883,  0, 127, 0
L 1552.8107, -249.0489, 341.5883,  1549.6265, -294.1145, 350.3264,  0, 127, 0
L 1549.6265, -294.1145, 350.3264,  1547.4276, -330.8693, 358.5069,  0, 127, 0
L 1547.4276, -330.8693, 358.5069,  1552.3961, -373.1763, 372.6602,  0, 127, 0
L 1552.3961, -373.1763, 372.6602,  1559.0968, -408.1723, 387.2123,  0, 127, 0
L 1559.0968, -408.1723, 387.2123,  1566.7585, -451.9178, 400.5409,  0, 127, 0
L 1566.7585, -451.9178, 400.5409,  1569.9998, -495.6222, 408.5860,  0, 127, 0
L 1569.9998, -495.6222, 408.5860,  1570.6370, -533.6523, 417.5674,  0, 127, 0
L 1570.6370, -533.6523, 417.5674,  1585.1201, -579.4332, 439.5209,  0, 127, 0
L 1585.1201, -579.4332, 439.5209,  1607.0983, -617.2991, 459.4624,  0, 127, 0
L 1607.0983, -617.2991, 459.4624,  1627.0051, -663.0432, 474.3784,  0, 127, 0
L 1627.0051, -663.0432, 474.3784,  1634.6829, -717.9902, 469.5247,  0, 127, 0
L 1634.6829, -717.9902, 469.5247,  1636.4199, -765.3464, 466.5699,  0, 127, 0
L 1636.4199, -765.3464, 466.5699,  1637.4690, -816.2194, 473.7077,  0, 127, 0
L 1637.4690, -816.2194, 473.7077,  1638.4138, -862.3065, 488.1810,  0, 127, 0
L 1638.4138, -862.3065, 488.1810,  1638.2563, -903.4739, 489.2663,  0, 127, 0
L 1638.2563, -903.4739, 489.2663,  1638.0956, -945.9391, 501.4211,  0, 127, 0
L 1638.0956, -945.9391, 501.4211,  1637.2433, -979.9980, 500.9742,  0, 127, 0
L 1637.2433, -979.9980, 500.9742,  1631.1947, -1005.3590, 497.3038,  0, 127, 0
L 1631.1947, -1005.3590, 497.3038,  1622.9602, -1039.8844, 490.2617,  0, 127, 0
L 1622.9602, -1039.8844, 490.2617,  1613.9855, -1077.2467, 483.0551,  0, 127, 0
L 1613.9855, -1077.2467, 483.0551,  1605.8917, -1109.9618, 477.3268,  0, 127, 0
L 1605.8917, -1109.9618, 477.3268,  1594.8728, -1154.4407, 469.8426,  0, 127, 0
L 1594.8728, -1154.4407, 469.8426,  1582.7325, -1190.8256, 463.0022,  0, 127, 0
L 1582.7325, -1190.8256, 463.0022,  1545.7792, -1201.6906, 453.1378,  0, 127, 0
L 1545.7792, -1201.6906, 453.1378,  1498.7821, -1215.5104, 442.5183,  0, 127, 0
L 1498.7821, -1215.5104, 442.5183,  1455.8542, -1228.1367, 433.4103,  0, 127, 0
L 1455.8542, -1228.1367, 433.4103,  1344.8134, -1257.7490, 387.2744,  0, 127, 0
L 1344.8134, -1257.7490, 387.2744,  1299.4980, -1267.4596, 388.8331,  0, 127, 0
L 1299.4980, -1267.4596, 388.8331,  1237.1139, -1280.8140, 402.3031,  0, 127, 0
L 1237.1139, -1280.8140, 402.3031,  1177.7551, -1290.8647, 426.9706,  0, 127, 0
L 1177.7551, -1290.8647, 426.9706,  1106.7422, -1301.0095, 450.8936,  0, 127, 0
L 1106.7422, -1301.0095, 450.8936,  1059.3988, -1307.7726, 469.9433,  0, 127, 0
L 1059.3988, -1307.7726, 469.9433,  996.1151, -1315.1715, 491.2732,  0, 127, 0
L 996.1151, -1315.1715, 491.2732,  953.6659, -1319.8839, 493.8876,  0, 127, 0
L 953.6659, -1319.8839, 493.8876,  807.1014, -1335.4889, 529.0291,  0, 127, 0
L 807.1014, -1335.4889, 529.0291,  756.6326, -1339.6888, 523.9000,  0, 127, 0
L 756.6326, -1339.6888, 523.9000,  687.2584, -1345.4620, 507.6775,  0, 127, 0
L 687.2584, -1345.4620, 507.6775,  625.8423, -1362.3713, 492.3653,  0, 127, 0
L 625.8423, -1362.3713, 492.3653,  560.1933, -1380.2892, 480.0389,  0, 127, 0
L 560.1933, -1380.2892, 480.0389,  477.9666, -1391.5326, 445.4262,  0, 127, 0
L 477.9666, -1391.5326, 445.4262,  375.2317, -1404.9296, 450.7120,  0, 127, 0
L 375.2317, -1404.9296, 450.7120,  315.9279, -1412.6503, 478.3228,  0, 127, 0
L 315.9279, -1412.6503, 478.3228,  264.9655, -1419.3273, 505.1828,  0, 127, 0
L 264.9655, -1419.3273, 505.1828,  216.9633, -1422.3062, 548.3919,  0, 127, 0
L 216.9633, -1422.3062, 548.3919,  182.9381, -1424.8353, 559.7624,  0, 127, 0
L 182.9381, -1424.8353, 559.7624,  145.7086, -1466.8224, 569.0095,  0, 127, 0
L 145.7086, -1466.8224, 569.0095,  121.0810, -1532.8324, 609.1158,  0, 127, 0
L 121.0810, -1532.8324, 609.1158,  115.6144, -1575.6167, 625.6960,  0, 127, 0
L 115.6144, -1575.6167, 625.6960,  117.4581, -1628.6886, 643.4576,  0, 127, 0
L 117.4581, -1628.6886, 643.4576,  97.1508, -1673.1731, 665.3685,  0, 127, 0
L 97.1508, -1673.1731, 665.3685,  81.8747, -1694.9193, 665.7222,  0, 127, 0
L 81.8747, -1694.9193, 665.7222,  7.4759, -1696.6169, 659.6683,  0, 127, 0
L 7.4759, -1696.6169, 659.6683,  7.2732, -1669.4469, 662.6959,  0, 127, 0
L 7.2732, -1669.4469, 662.6959,  -2.2266, -1668.5078, 663.7117,  0, 127, 0
L -2.2266, -1668.5078, 663.7117,  -4.4221, -1624.8920, 665.2023,  0, 127, 0
L -4.4221, -1624.8920, 665.2023,  -22.8344, -1607.7443, 662.6442,  0, 127, 0
L -22.8344, -1607.7443, 662.6442,  -62.9453, -1607.7736, 663.3488,  0, 127, 0
L -62.9453, -1607.7736, 663.3488,  -65.4227, -1597.8622, 647.3473,  0, 127, 0
L -65.4227, -1597.8622, 647.3473,  -110.7381, -1598.0233, 644.9974,  0, 127, 0
P -267.7865, -173.5124, 700.7745,  0, 0, 0,  2,  Runed_Stone
P 200.0368, -1227.6385, 391.5661,  0, 0, 0,  2,  Noc_and_Mastruq
P 1597.8506, 691.0438, 246.3683,  0, 0, 0,  2,  Magus
P 1342.6660, 920.9506, 211.9574,  0, 0, 0,  2,  Boat_To/From_Abysmal_
P 914.0040, -329.4331, 310.2557,  0, 0, 0,  2,  Restless_spirits
P -1545.4408, -1146.9763, 528.8303,  0, 0, 0,  2,  Runed_Stone
P -933.1179, -1246.2430, 367.1066,  0, 0, 0,  2,  Hynids
P -1223.1373, -247.2457, 305.8806,  0, 0, 0,  2,  Turtle__Pond
P -110.6412, -2061.8706, 546.2825,  0, 0, 0,  2,  To_quinimi
P 1557.0000, 853.0000, 239.7438,  0, 0, 0,  2,  Wayfarer_camp
