L -1023.0000, -733.0000, 0.0000,  -894.0000, -752.0000, 0.0000,  153, 153, 153
L -1018.0000, -714.0000, 0.0000,  -1023.0000, -733.0000, 0.0000,  153, 153, 153
L -963.0000, -660.0000, 0.0000,  -1018.0000, -714.0000, 0.0000,  153, 153, 153
L -963.0000, -637.0000, 0.0000,  -963.0000, -660.0000, 0.0000,  153, 153, 153
L -976.0000, -626.0000, 0.0000,  -963.0000, -637.0000, 0.0000,  153, 153, 153
L -1010.0000, -628.0000, 0.0000,  -976.0000, -626.0000, 0.0000,  153, 153, 153
L -1025.0000, -639.0000, 0.0000,  -1010.0000, -628.0000, 0.0000,  153, 153, 153
L -1043.0000, -638.0000, 0.0000,  -1025.0000, -639.0000, 0.0000,  153, 153, 153
L -1044.0000, -623.0000, 0.0000,  -1043.0000, -638.0000, 0.0000,  153, 153, 153
L -887.0000, -575.0000, 0.0000,  -1044.0000, -623.0000, 0.0000,  153, 153, 153
L -864.0000, -532.0000, 0.0000,  -887.0000, -575.0000, 0.0000,  153, 153, 153
L -836.0000, -524.0000, 0.0000,  -864.0000, -532.0000, 0.0000,  153, 153, 153
L -814.0000, -479.0000, 0.0000,  -836.0000, -524.0000, 0.0000,  153, 153, 153
L -748.0000, -478.0000, 0.0000,  -814.0000, -479.0000, 0.0000,  153, 153, 153
L -701.0000, -483.0000, 0.0000,  -748.0000, -478.0000, 0.0000,  153, 153, 153
L -701.0000, -507.0000, 0.0000,  -701.0000, -483.0000, 0.0000,  153, 153, 153
L -701.0000, -443.0000, 0.0000,  -701.0000, -425.0000, 0.0000,  153, 153, 153
L -814.0000, -453.0000, 0.0000,  -701.0000, -443.0000, 0.0000,  153, 153, 153
L -845.0000, -413.0000, 0.0000,  -814.0000, -453.0000, 0.0000,  153, 153, 153
L -861.0000, -404.0000, 0.0000,  -845.0000, -413.0000, 0.0000,  153, 153, 153
L -861.0000, -355.0000, 0.0000,  -861.0000, -404.0000, 0.0000,  153, 153, 153
L -904.0000, -324.0000, 0.0000,  -861.0000, -355.0000, 0.0000,  153, 153, 153
L -966.0000, -314.0000, 0.0000,  -904.0000, -324.0000, 0.0000,  153, 153, 153
L -1041.0000, -282.0000, 0.0000,  -966.0000, -314.0000, 0.0000,  153, 153, 153
L -1069.0000, -240.0000, 0.0000,  -1041.0000, -282.0000, 0.0000,  153, 153, 153
L -1096.0000, -240.0000, 0.0000,  -1069.0000, -240.0000, 0.0000,  153, 153, 153
L -1161.0000, -234.0000, 0.0000,  -1096.0000, -240.0000, 0.0000,  153, 153, 153
L -1174.0000, -247.0000, 0.0000,  -1161.0000, -234.0000, 0.0000,  153, 153, 153
L -1174.0000, -264.0000, 0.0000,  -1174.0000, -247.0000, 0.0000,  153, 153, 153
L -1162.0000, -274.0000, 0.0000,  -1174.0000, -264.0000, 0.0000,  153, 153, 153
L -1115.0000, -276.0000, 0.0000,  -1162.0000, -274.0000, 0.0000,  153, 153, 153
L -1114.0000, -298.0000, 0.0000,  -1115.0000, -276.0000, 0.0000,  153, 153, 153
L -1089.0000, -328.0000, 0.0000,  -1114.0000, -298.0000, 0.0000,  153, 153, 153
L -1069.0000, -328.0000, 0.0000,  -1089.0000, -328.0000, 0.0000,  153, 153, 153
L -1036.0000, -295.0000, 0.0000,  -1069.0000, -328.0000, 0.0000,  153, 153, 153
L -961.0000, -335.0000, 0.0000,  -1036.0000, -295.0000, 0.0000,  153, 153, 153
L -900.0000, -350.0000, 0.0000,  -961.0000, -335.0000, 0.0000,  153, 153, 153
L -885.0000, -404.0000, 0.0000,  -900.0000, -350.0000, 0.0000,  153, 153, 153
L -904.0000, -414.0000, 0.0000,  -885.0000, -404.0000, 0.0000,  153, 153, 153
L -1038.0000, -360.0000, 0.0000,  -904.0000, -414.0000, 0.0000,  153, 153, 153
L -1068.0000, -345.0000, 0.0000,  -1038.0000, -360.0000, 0.0000,  153, 153, 153
L -1089.0000, -345.0000, 0.0000,  -1068.0000, -345.0000, 0.0000,  153, 153, 153
L -1113.0000, -381.0000, 0.0000,  -1089.0000, -345.0000, 0.0000,  153, 153, 153
L -1116.0000, -342.0000, 0.0000,  -1113.0000, -381.0000, 0.0000,  153, 153, 153
L -1121.0000, -327.0000, 0.0000,  -1116.0000, -342.0000, 0.0000,  153, 153, 153
L -1137.0000, -327.0000, 0.0000,  -1121.0000, -327.0000, 0.0000,  153, 153, 153
L -1147.0000, -343.0000, 0.0000,  -1137.0000, -327.0000, 0.0000,  153, 153, 153
L -1147.0000, -375.0000, 0.0000,  -1147.0000, -343.0000, 0.0000,  153, 153, 153
L -1108.0000, -399.0000, 0.0000,  -1147.0000, -375.0000, 0.0000,  153, 153, 153
L -1089.0000, -418.0000, 0.0000,  -1108.0000, -399.0000, 0.0000,  153, 153, 153
L -1069.0000, -418.0000, 0.0000,  -1089.0000, -418.0000, 0.0000,  153, 153, 153
L -1039.0000, -373.0000, 0.0000,  -1069.0000, -418.0000, 0.0000,  153, 153, 153
L -959.0000, -408.0000, 0.0000,  -1039.0000, -373.0000, 0.0000,  153, 153, 153
L -916.0000, -433.0000, 0.0000,  -959.0000, -408.0000, 0.0000,  153, 153, 153
L -923.0000, -452.0000, 0.0000,  -916.0000, -433.0000, 0.0000,  153, 153, 153
L -932.0000, -461.0000, 0.0000,  -923.0000, -452.0000, 0.0000,  153, 153, 153
L -964.0000, -462.0000, 0.0000,  -932.0000, -461.0000, 0.0000,  153, 153, 153
L -1035.0000, -444.0000, 0.0000,  -964.0000, -462.0000, 0.0000,  153, 153, 153
L -1095.0000, -444.0000, 0.0000,  -1035.0000, -444.0000, 0.0000,  153, 153, 153
L -1122.0000, -423.0000, 0.0000,  -1095.0000, -444.0000, 0.0000,  153, 153, 153
L -1138.0000, -423.0000, 0.0000,  -1122.0000, -423.0000, 0.0000,  153, 153, 153
L -1159.0000, -442.0000, 0.0000,  -1138.0000, -423.0000, 0.0000,  153, 153, 153
L -1159.0000, -456.0000, 0.0000,  -1159.0000, -442.0000, 0.0000,  153, 153, 153
L -1138.0000, -469.0000, 0.0000,  -1159.0000, -456.0000, 0.0000,  153, 153, 153
L -1122.0000, -469.0000, 0.0000,  -1138.0000, -469.0000, 0.0000,  153, 153, 153
L -1092.0000, -455.0000, 0.0000,  -1122.0000, -469.0000, 0.0000,  153, 153, 153
L -1079.0000, -484.0000, 0.0000,  -1092.0000, -455.0000, 0.0000,  153, 153, 153
L -1069.0000, -483.0000, 0.0000,  -1079.0000, -484.0000, 0.0000,  153, 153, 153
L -1055.0000, -456.0000, 0.0000,  -1069.0000, -483.0000, 0.0000,  153, 153, 153
L -1032.0000, -455.0000, 0.0000,  -1055.0000, -456.0000, 0.0000,  153, 153, 153
L -961.0000, -481.0000, 0.0000,  -1032.0000, -455.0000, 0.0000,  153, 153, 153
L -925.0000, -478.0000, 0.0000,  -961.0000, -481.0000, 0.0000,  153, 153, 153
L -917.0000, -505.0000, 0.0000,  -925.0000, -478.0000, 0.0000,  153, 153, 153
L -963.0000, -525.0000, 0.0000,  -917.0000, -505.0000, 0.0000,  153, 153, 153
L -1041.0000, -525.0000, 0.0000,  -963.0000, -525.0000, 0.0000,  153, 153, 153
L -1066.0000, -504.0000, 0.0000,  -1041.0000, -525.0000, 0.0000,  153, 153, 153
L -1089.0000, -504.0000, 0.0000,  -1066.0000, -504.0000, 0.0000,  153, 153, 153
L -1127.0000, -543.0000, 0.0000,  -1089.0000, -504.0000, 0.0000,  153, 153, 153
L -1144.0000, -516.0000, 0.0000,  -1127.0000, -543.0000, 0.0000,  153, 153, 153
L -1163.0000, -516.0000, 0.0000,  -1144.0000, -516.0000, 0.0000,  153, 153, 153
L -1174.0000, -540.0000, 0.0000,  -1163.0000, -516.0000, 0.0000,  153, 153, 153
L -1174.0000, -562.0000, 0.0000,  -1174.0000, -540.0000, 0.0000,  153, 153, 153
L -1164.0000, -574.0000, 0.0000,  -1174.0000, -562.0000, 0.0000,  153, 153, 153
L -1144.0000, -574.0000, 0.0000,  -1164.0000, -574.0000, 0.0000,  153, 153, 153
L -1127.0000, -559.0000, 0.0000,  -1144.0000, -574.0000, 0.0000,  153, 153, 153
L -1069.0000, -565.0000, 0.0000,  -1127.0000, -559.0000, 0.0000,  153, 153, 153
L -1039.0000, -535.0000, 0.0000,  -1069.0000, -565.0000, 0.0000,  153, 153, 153
L -963.0000, -535.0000, 0.0000,  -1039.0000, -535.0000, 0.0000,  153, 153, 153
L -911.0000, -523.0000, 0.0000,  -963.0000, -535.0000, 0.0000,  153, 153, 153
L -883.0000, -536.0000, 0.0000,  -911.0000, -523.0000, 0.0000,  153, 153, 153
L -898.0000, -564.0000, 0.0000,  -883.0000, -536.0000, 0.0000,  153, 153, 153
L -1035.0000, -603.0000, 0.0000,  -898.0000, -564.0000, 0.0000,  153, 153, 153
L -1084.0000, -603.0000, 0.0000,  -1035.0000, -603.0000, 0.0000,  153, 153, 153
L -1105.0000, -622.0000, 0.0000,  -1084.0000, -603.0000, 0.0000,  153, 153, 153
L -1105.0000, -660.0000, 0.0000,  -1105.0000, -622.0000, 0.0000,  153, 153, 153
L -1084.0000, -676.0000, 0.0000,  -1105.0000, -660.0000, 0.0000,  153, 153, 153
L -1042.0000, -676.0000, 0.0000,  -1084.0000, -676.0000, 0.0000,  153, 153, 153
L -1027.0000, -659.0000, 0.0000,  -1042.0000, -676.0000, 0.0000,  153, 153, 153
L -1009.0000, -672.0000, 0.0000,  -1027.0000, -659.0000, 0.0000,  153, 153, 153
L -1045.0000, -706.0000, 0.0000,  -1009.0000, -672.0000, 0.0000,  153, 153, 153
L -1045.0000, -730.0000, 0.0000,  -1045.0000, -706.0000, 0.0000,  153, 153, 153
L -1017.0000, -758.0000, 0.0000,  -1045.0000, -730.0000, 0.0000,  153, 153, 153
L -965.0000, -792.0000, 0.0000,  -1017.0000, -758.0000, 0.0000,  153, 153, 153
L -891.0000, -784.0000, 0.0000,  -965.0000, -792.0000, 0.0000,  153, 153, 153
L -676.0000, -516.0000, 0.0000,  -676.0000, -547.0000, 0.0000,  153, 153, 153
L -728.0000, -514.0000, 0.0000,  -676.0000, -516.0000, 0.0000,  153, 153, 153
L -767.0000, -539.0000, 0.0000,  -728.0000, -514.0000, 0.0000,  153, 153, 153
L -767.0000, -578.0000, 0.0000,  -767.0000, -539.0000, 0.0000,  153, 153, 153
L -825.0000, -626.0000, 0.0000,  -767.0000, -578.0000, 0.0000,  153, 153, 153
L -825.0000, -684.0000, 0.0000,  -825.0000, -626.0000, 0.0000,  153, 153, 153
L -792.0000, -751.0000, 0.0000,  -825.0000, -684.0000, 0.0000,  153, 153, 153
L -760.0000, -752.0000, 0.0000,  -792.0000, -751.0000, 0.0000,  153, 153, 153
L -730.0000, -788.0000, 0.0000,  -760.0000, -752.0000, 0.0000,  153, 153, 153
L -735.0000, -800.0000, 0.0000,  -730.0000, -788.0000, 0.0000,  153, 153, 153
L -733.0000, -858.0000, 0.0000,  -735.0000, -800.0000, 0.0000,  153, 153, 153
L -689.0000, -857.0000, 0.0000,  -733.0000, -858.0000, 0.0000,  153, 153, 153
L -688.0000, -794.0000, 0.0000,  -689.0000, -857.0000, 0.0000,  153, 153, 153
L -722.0000, -756.0000, 0.0000,  -688.0000, -794.0000, 0.0000,  153, 153, 153
L -739.0000, -719.0000, 0.0000,  -722.0000, -756.0000, 0.0000,  153, 153, 153
L -782.0000, -671.0000, 0.0000,  -739.0000, -719.0000, 0.0000,  153, 153, 153
L -784.0000, -648.0000, 0.0000,  -782.0000, -671.0000, 0.0000,  153, 153, 153
L -737.0000, -602.0000, 0.0000,  -784.0000, -648.0000, 0.0000,  153, 153, 153
L -737.0000, -569.0000, 0.0000,  -737.0000, -602.0000, 0.0000,  153, 153, 153
L -656.0000, -520.0000, 0.0000,  -737.0000, -569.0000, 0.0000,  153, 153, 153
L -678.0000, -404.0000, 0.0000,  -676.0000, -372.0000, 0.0000,  153, 153, 153
L -729.0000, -405.0000, 0.0000,  -678.0000, -404.0000, 0.0000,  153, 153, 153
L -769.0000, -368.0000, 0.0000,  -729.0000, -405.0000, 0.0000,  153, 153, 153
L -769.0000, -333.0000, 0.0000,  -769.0000, -368.0000, 0.0000,  153, 153, 153
L -853.0000, -222.0000, 0.0000,  -769.0000, -333.0000, 0.0000,  153, 153, 153
L -813.0000, -160.0000, 0.0000,  -853.0000, -222.0000, 0.0000,  153, 153, 153
L -781.0000, -159.0000, 0.0000,  -813.0000, -160.0000, 0.0000,  153, 153, 153
L -736.0000, -114.0000, 0.0000,  -781.0000, -159.0000, 0.0000,  153, 153, 153
L -734.0000, -31.0000, 0.0000,  -736.0000, -114.0000, 0.0000,  153, 153, 153
L -679.0000, -31.0000, 0.0000,  -734.0000, -31.0000, 0.0000,  153, 153, 153
L -679.0000, -129.0000, 0.0000,  -679.0000, -31.0000, 0.0000,  153, 153, 153
L -720.0000, -179.0000, 0.0000,  -679.0000, -129.0000, 0.0000,  153, 153, 153
L -730.0000, -203.0000, 0.0000,  -720.0000, -179.0000, 0.0000,  153, 153, 153
L -732.0000, -212.0000, 0.0000,  -730.0000, -203.0000, 0.0000,  153, 153, 153
L -775.0000, -252.0000, 0.0000,  -732.0000, -212.0000, 0.0000,  153, 153, 153
L -772.0000, -280.0000, 0.0000,  -775.0000, -252.0000, 0.0000,  153, 153, 153
L -730.0000, -314.0000, 0.0000,  -772.0000, -280.0000, 0.0000,  153, 153, 153
L -730.0000, -358.0000, 0.0000,  -730.0000, -314.0000, 0.0000,  153, 153, 153
L -702.0000, -384.0000, 0.0000,  -730.0000, -358.0000, 0.0000,  153, 153, 153
L -655.0000, -401.0000, 0.0000,  -702.0000, -384.0000, 0.0000,  153, 153, 153
L -708.0000, -361.0000, 0.0000,  -655.0000, -369.0000, 0.0000,  153, 153, 153
L -708.0000, -313.0000, 0.0000,  -708.0000, -361.0000, 0.0000,  153, 153, 153
L -666.0000, -282.0000, 0.0000,  -708.0000, -313.0000, 0.0000,  153, 153, 153
L -666.0000, -250.0000, 0.0000,  -666.0000, -282.0000, 0.0000,  153, 153, 153
L -696.0000, -207.0000, 0.0000,  -666.0000, -250.0000, 0.0000,  153, 153, 153
L -684.0000, -173.0000, 0.0000,  -696.0000, -207.0000, 0.0000,  153, 153, 153
L -643.0000, -126.0000, 0.0000,  -684.0000, -173.0000, 0.0000,  153, 153, 153
L -642.0000, -11.0000, 0.0000,  -643.0000, -126.0000, 0.0000,  153, 153, 153
L -683.0000, 9.0000, 0.0000,  -642.0000, -11.0000, 0.0000,  153, 153, 153
L -730.0000, 9.0000, 0.0000,  -683.0000, 9.0000, 0.0000,  153, 153, 153
L -775.0000, -36.0000, 0.0000,  -730.0000, 9.0000, 0.0000,  153, 153, 153
L -776.0000, -118.0000, 0.0000,  -775.0000, -36.0000, 0.0000,  153, 153, 153
L -814.0000, -118.0000, 0.0000,  -776.0000, -118.0000, 0.0000,  153, 153, 153
L -867.0000, -59.0000, 0.0000,  -814.0000, -118.0000, 0.0000,  153, 153, 153
L -887.0000, -65.0000, 0.0000,  -867.0000, -59.0000, 0.0000,  153, 153, 153
L -935.0000, -117.0000, 0.0000,  -887.0000, -65.0000, 0.0000,  153, 153, 153
L -935.0000, -162.0000, 0.0000,  -935.0000, -117.0000, 0.0000,  153, 153, 153
L -894.0000, -217.0000, 0.0000,  -935.0000, -162.0000, 0.0000,  153, 153, 153
L -836.0000, -329.0000, 0.0000,  -894.0000, -217.0000, 0.0000,  153, 153, 153
L -809.0000, -365.0000, 0.0000,  -836.0000, -329.0000, 0.0000,  153, 153, 153
L -763.0000, -414.0000, 0.0000,  -809.0000, -365.0000, 0.0000,  153, 153, 153
L -677.0000, -437.0000, 0.0000,  -763.0000, -414.0000, 0.0000,  153, 153, 153
L -678.0000, -489.0000, 0.0000,  -677.0000, -437.0000, 0.0000,  153, 153, 153
L -728.0000, -496.0000, 0.0000,  -678.0000, -489.0000, 0.0000,  153, 153, 153
L -762.0000, -495.0000, 0.0000,  -728.0000, -496.0000, 0.0000,  153, 153, 153
L -817.0000, -542.0000, 0.0000,  -762.0000, -495.0000, 0.0000,  153, 153, 153
L -819.0000, -584.0000, 0.0000,  -817.0000, -542.0000, 0.0000,  153, 153, 153
L -857.0000, -629.0000, 0.0000,  -819.0000, -584.0000, 0.0000,  153, 153, 153
L -859.0000, -685.0000, 0.0000,  -857.0000, -629.0000, 0.0000,  153, 153, 153
L -894.0000, -752.0000, 0.0000,  -859.0000, -685.0000, 0.0000,  153, 153, 153
L -860.0000, -835.0000, 0.0000,  -891.0000, -784.0000, 0.0000,  153, 153, 153
L -824.0000, -835.0000, 0.0000,  -860.0000, -835.0000, 0.0000,  153, 153, 153
L -791.0000, -785.0000, 0.0000,  -824.0000, -835.0000, 0.0000,  153, 153, 153
L -779.0000, -783.0000, 0.0000,  -791.0000, -785.0000, 0.0000,  153, 153, 153
L -767.0000, -797.0000, 0.0000,  -779.0000, -783.0000, 0.0000,  153, 153, 153
L -766.0000, -853.0000, 0.0000,  -767.0000, -797.0000, 0.0000,  153, 153, 153
L -729.0000, -904.0000, 0.0000,  -766.0000, -853.0000, 0.0000,  153, 153, 153
L -694.0000, -904.0000, 0.0000,  -729.0000, -904.0000, 0.0000,  153, 153, 153
L -642.0000, -852.0000, 0.0000,  -694.0000, -904.0000, 0.0000,  153, 153, 153
L -642.0000, -796.0000, 0.0000,  -642.0000, -852.0000, 0.0000,  153, 153, 153
L -696.0000, -760.0000, 0.0000,  -642.0000, -796.0000, 0.0000,  153, 153, 153
L -706.0000, -731.0000, 0.0000,  -696.0000, -760.0000, 0.0000,  153, 153, 153
L -707.0000, -722.0000, 0.0000,  -706.0000, -731.0000, 0.0000,  153, 153, 153
L -674.0000, -666.0000, 0.0000,  -707.0000, -722.0000, 0.0000,  153, 153, 153
L -675.0000, -644.0000, 0.0000,  -674.0000, -666.0000, 0.0000,  153, 153, 153
L -707.0000, -602.0000, 0.0000,  -675.0000, -644.0000, 0.0000,  153, 153, 153
L -706.0000, -565.0000, 0.0000,  -707.0000, -602.0000, 0.0000,  153, 153, 153
L -672.0000, -548.0000, 0.0000,  -706.0000, -565.0000, 0.0000,  153, 153, 153
L -656.0000, -549.0000, 0.0000,  -672.0000, -548.0000, 0.0000,  153, 153, 153
L -340.0000, -106.0000, 0.0000,  -291.0000, -135.0000, 0.0000,  102, 102, 102
L -564.0000, -106.0000, 0.0000,  -340.0000, -106.0000, 0.0000,  102, 102, 102
L -601.0000, -154.0000, 0.0000,  -564.0000, -106.0000, 0.0000,  102, 102, 102
L -603.0000, -333.0000, 0.0000,  -601.0000, -154.0000, 0.0000,  102, 102, 102
L -763.0000, -334.0000, 0.0000,  -603.0000, -333.0000, 0.0000,  102, 102, 102
L -797.0000, -375.0000, 0.0000,  -763.0000, -334.0000, 0.0000,  102, 102, 102
L -797.0000, -446.0000, 0.0000,  -797.0000, -375.0000, 0.0000,  102, 102, 102
L -763.0000, -476.0000, 0.0000,  -797.0000, -446.0000, 0.0000,  102, 102, 102
L -658.0000, -486.0000, 0.0000,  -763.0000, -476.0000, 0.0000,  102, 102, 102
L -768.0000, -451.0000, 0.0000,  -659.0000, -443.0000, 0.0000,  102, 102, 102
L -767.0000, -370.0000, 0.0000,  -768.0000, -451.0000, 0.0000,  102, 102, 102
L -660.0000, -370.0000, 0.0000,  -767.0000, -370.0000, 0.0000,  102, 102, 102
L -608.0000, -369.0000, 0.0000,  -660.0000, -370.0000, 0.0000,  102, 102, 102
L -568.0000, -329.0000, 0.0000,  -608.0000, -369.0000, 0.0000,  102, 102, 102
L -570.0000, -280.0000, 0.0000,  -568.0000, -329.0000, 0.0000,  102, 102, 102
L -569.0000, -149.0000, 0.0000,  -570.0000, -280.0000, 0.0000,  102, 102, 102
L -500.0000, -145.0000, 0.0000,  -569.0000, -149.0000, 0.0000,  102, 102, 102
L -338.0000, -139.0000, 0.0000,  -500.0000, -145.0000, 0.0000,  102, 102, 102
L -289.0000, -155.0000, 0.0000,  -338.0000, -139.0000, 0.0000,  102, 102, 102
L -159.0000, -274.0000, 0.0000,  -189.0000, -320.0000, 0.0000,  153, 153, 153
L -165.0000, -236.0000, 0.0000,  -159.0000, -274.0000, 0.0000,  153, 153, 153
L -196.0000, -219.0000, 0.0000,  -165.0000, -236.0000, 0.0000,  153, 153, 153
L -202.0000, -201.0000, 0.0000,  -196.0000, -219.0000, 0.0000,  153, 153, 153
L -171.0000, -175.0000, 0.0000,  -202.0000, -201.0000, 0.0000,  153, 153, 153
L -185.0000, -133.0000, 0.0000,  -171.0000, -175.0000, 0.0000,  153, 153, 153
L -203.0000, -122.0000, 0.0000,  -185.0000, -133.0000, 0.0000,  153, 153, 153
L -225.0000, -66.0000, 0.0000,  -203.0000, -122.0000, 0.0000,  153, 153, 153
L -234.0000, -16.0000, 0.0000,  -225.0000, -66.0000, 0.0000,  153, 153, 153
L -200.0000, -13.0000, 0.0000,  -234.0000, -16.0000, 0.0000,  153, 153, 153
L -229.0000, 0.0000, 0.0000,  -200.0000, 13.0000, 0.0000,  153, 153, 153
L -329.0000, 11.0000, 0.0000,  -229.0000, 0.0000, 0.0000,  153, 153, 153
L -340.0000, 113.0000, 0.0000,  -329.0000, 11.0000, 0.0000,  153, 153, 153
L -327.0000, -21.0000, 0.0000,  -340.0000, -131.0000, 0.0000,  153, 153, 153
L -262.0000, -14.0000, 0.0000,  -327.0000, -21.0000, 0.0000,  153, 153, 153
L -250.0000, -41.0000, 0.0000,  -262.0000, -14.0000, 0.0000,  153, 153, 153
L -250.0000, -64.0000, 0.0000,  -250.0000, -41.0000, 0.0000,  153, 153, 153
L -238.0000, -87.0000, 0.0000,  -250.0000, -64.0000, 0.0000,  153, 153, 153
L -232.0000, -120.0000, 0.0000,  -238.0000, -87.0000, 0.0000,  153, 153, 153
L -251.0000, -134.0000, 0.0000,  -232.0000, -120.0000, 0.0000,  153, 153, 153
L -263.0000, -176.0000, 0.0000,  -251.0000, -134.0000, 0.0000,  153, 153, 153
L -260.0000, -135.0000, 0.0000,  -263.0000, -176.0000, 0.0000,  153, 153, 153
L -291.0000, -135.0000, 0.0000,  -260.0000, -135.0000, 0.0000,  153, 153, 153
L -286.0000, -189.0000, 0.0000,  -289.0000, -155.0000, 0.0000,  153, 153, 153
L -256.0000, -208.0000, 0.0000,  -286.0000, -189.0000, 0.0000,  153, 153, 153
L -231.0000, -215.0000, 0.0000,  -256.0000, -208.0000, 0.0000,  153, 153, 153
L -239.0000, -282.0000, 0.0000,  -231.0000, -215.0000, 0.0000,  153, 153, 153
L -209.0000, -321.0000, 0.0000,  -239.0000, -282.0000, 0.0000,  153, 153, 153
L -189.0000, -320.0000, 0.0000,  -89.0000, -319.0000, 0.0000,  153, 153, 153
L -229.0000, -316.0000, 0.0000,  -209.0000, -321.0000, 0.0000,  153, 153, 153
L -266.0000, -354.0000, 0.0000,  -229.0000, -316.0000, 0.0000,  153, 153, 153
L -359.0000, -354.0000, 0.0000,  -266.0000, -354.0000, 0.0000,  153, 153, 153
L -373.0000, -438.0000, 0.0000,  -359.0000, -354.0000, 0.0000,  153, 153, 153
L -434.0000, -405.0000, 0.0000,  -373.0000, -438.0000, 0.0000,  153, 153, 153
L -336.0000, -462.0000, 0.0000,  -431.0000, -513.0000, 0.0000,  153, 153, 153
L -339.0000, -390.0000, 0.0000,  -336.0000, -462.0000, 0.0000,  153, 153, 153
L -268.0000, -388.0000, 0.0000,  -339.0000, -390.0000, 0.0000,  153, 153, 153
L -232.0000, -347.0000, 0.0000,  -268.0000, -388.0000, 0.0000,  153, 153, 153
L -208.0000, -337.0000, 0.0000,  -232.0000, -347.0000, 0.0000,  153, 153, 153
L -136.0000, -348.0000, 0.0000,  -208.0000, -337.0000, 0.0000,  153, 153, 153
L -22.0000, -373.0000, 0.0000,  -25.0000, -340.0000, 0.0000,  153, 153, 153
L 7.0000, -416.0000, 0.0000,  -22.0000, -373.0000, 0.0000,  153, 153, 153
L 30.0000, -403.0000, 0.0000,  7.0000, -416.0000, 0.0000,  153, 153, 153
L 67.0000, -344.0000, 0.0000,  30.0000, -403.0000, 0.0000,  153, 153, 153
L 67.0000, -322.0000, 0.0000,  67.0000, -344.0000, 0.0000,  153, 153, 153
L 29.0000, -261.0000, 0.0000,  67.0000, -322.0000, 0.0000,  153, 153, 153
L -7.0000, -252.0000, 0.0000,  29.0000, -261.0000, 0.0000,  153, 153, 153
L -22.0000, -293.0000, 0.0000,  -7.0000, -252.0000, 0.0000,  153, 153, 153
L -25.0000, -324.0000, 0.0000,  -22.0000, -293.0000, 0.0000,  153, 153, 153
L -37.0000, -37.0000, 0.0000,  -50.0000, -8.0000, 0.0000,  153, 153, 153
L -8.0000, -50.0000, 0.0000,  -37.0000, -37.0000, 0.0000,  153, 153, 153
L -8.0000, -9.0000, 0.0000,  -8.0000, -50.0000, 0.0000,  153, 153, 153
L -50.0000, -8.0000, 0.0000,  -8.0000, -9.0000, 0.0000,  153, 153, 153
L -36.0000, 36.0000, 0.0000,  -8.0000, 51.0000, 0.0000,  153, 153, 153
L -49.0000, 9.0000, 0.0000,  -36.0000, 36.0000, 0.0000,  153, 153, 153
L -9.0000, 8.0000, 0.0000,  -49.0000, 9.0000, 0.0000,  153, 153, 153
L -8.0000, 51.0000, 0.0000,  -9.0000, 8.0000, 0.0000,  153, 153, 153
L 37.0000, 37.0000, 0.0000,  50.0000, 7.0000, 0.0000,  153, 153, 153
L 8.0000, 51.0000, 0.0000,  37.0000, 37.0000, 0.0000,  153, 153, 153
L 8.0000, 8.0000, 0.0000,  8.0000, 51.0000, 0.0000,  153, 153, 153
L 50.0000, 7.0000, 0.0000,  8.0000, 8.0000, 0.0000,  153, 153, 153
L 35.0000, -36.0000, 0.0000,  8.0000, -49.0000, 0.0000,  153, 153, 153
L 50.0000, -9.0000, 0.0000,  35.0000, -36.0000, 0.0000,  153, 153, 153
L 8.0000, -8.0000, 0.0000,  50.0000, -9.0000, 0.0000,  153, 153, 153
L 8.0000, -49.0000, 0.0000,  8.0000, -8.0000, 0.0000,  153, 153, 153
L 61.0000, -84.0000, 0.0000,  176.0000, -88.0000, 0.0000,  153, 153, 153
L 57.0000, -74.0000, 0.0000,  61.0000, -84.0000, 0.0000,  153, 153, 153
L 5.0000, -86.0000, 0.0000,  57.0000, -74.0000, 0.0000,  153, 153, 153
L -5.0000, -86.0000, 0.0000,  5.0000, -86.0000, 0.0000,  153, 153, 153
L -58.0000, -78.0000, 0.0000,  -5.0000, -86.0000, 0.0000,  153, 153, 153
L -61.0000, -88.0000, 0.0000,  -58.0000, -78.0000, 0.0000,  153, 153, 153
L -76.0000, -108.0000, 0.0000,  -61.0000, -88.0000, 0.0000,  153, 153, 153
L -71.0000, -180.0000, 0.0000,  -76.0000, -108.0000, 0.0000,  153, 153, 153
L -84.0000, -60.0000, 0.0000,  -89.0000, -178.0000, 0.0000,  153, 153, 153
L -73.0000, -57.0000, 0.0000,  -84.0000, -60.0000, 0.0000,  153, 153, 153
L -86.0000, -5.0000, 0.0000,  -73.0000, -57.0000, 0.0000,  153, 153, 153
L -86.0000, 5.0000, 0.0000,  -86.0000, -5.0000, 0.0000,  153, 153, 153
L -75.0000, 56.0000, 0.0000,  -86.0000, 5.0000, 0.0000,  153, 153, 153
L -87.0000, 61.0000, 0.0000,  -75.0000, 56.0000, 0.0000,  153, 153, 153
L -109.0000, 76.0000, 0.0000,  -87.0000, 61.0000, 0.0000,  153, 153, 153
L -175.0000, 72.0000, 0.0000,  -109.0000, 76.0000, 0.0000,  153, 153, 153
L -60.0000, 84.0000, 0.0000,  -173.0000, 90.0000, 0.0000,  153, 153, 153
L -57.0000, 75.0000, 0.0000,  -60.0000, 84.0000, 0.0000,  153, 153, 153
L -6.0000, 85.0000, 0.0000,  -57.0000, 75.0000, 0.0000,  153, 153, 153
L 8.0000, 84.0000, 0.0000,  -6.0000, 85.0000, 0.0000,  153, 153, 153
L 56.0000, 76.0000, 0.0000,  8.0000, 84.0000, 0.0000,  153, 153, 153
L 59.0000, 87.0000, 0.0000,  56.0000, 76.0000, 0.0000,  153, 153, 153
L 76.0000, 107.0000, 0.0000,  59.0000, 87.0000, 0.0000,  153, 153, 153
L 73.0000, 169.0000, 0.0000,  76.0000, 107.0000, 0.0000,  153, 153, 153
L 84.0000, 60.0000, 0.0000,  89.0000, 167.0000, 0.0000,  153, 153, 153
L 76.0000, 54.0000, 0.0000,  84.0000, 60.0000, 0.0000,  153, 153, 153
L 85.0000, 7.0000, 0.0000,  76.0000, 54.0000, 0.0000,  153, 153, 153
L 84.0000, -8.0000, 0.0000,  85.0000, 7.0000, 0.0000,  153, 153, 153
L 74.0000, -59.0000, 0.0000,  84.0000, -8.0000, 0.0000,  153, 153, 153
L 87.0000, -60.0000, 0.0000,  74.0000, -59.0000, 0.0000,  153, 153, 153
L 109.0000, -76.0000, 0.0000,  87.0000, -60.0000, 0.0000,  153, 153, 153
L 178.0000, -70.0000, 0.0000,  109.0000, -76.0000, 0.0000,  153, 153, 153
L 176.0000, -88.0000, 0.0000,  178.0000, -70.0000, 0.0000,  153, 153, 153
L 165.0000, -111.0000, 0.0000,  176.0000, -88.0000, 0.0000,  153, 153, 153
L 111.0000, -166.0000, 0.0000,  165.0000, -111.0000, 0.0000,  153, 153, 153
L 19.0000, -185.0000, 0.0000,  111.0000, -166.0000, 0.0000,  153, 153, 153
L -2.0000, -185.0000, 0.0000,  19.0000, -185.0000, 0.0000,  153, 153, 153
L -71.0000, -180.0000, 0.0000,  -2.0000, -185.0000, 0.0000,  153, 153, 153
L -89.0000, -178.0000, 0.0000,  -71.0000, -180.0000, 0.0000,  153, 153, 153
L -112.0000, -174.0000, 0.0000,  -89.0000, -178.0000, 0.0000,  153, 153, 153
L -165.0000, -111.0000, 0.0000,  -112.0000, -174.0000, 0.0000,  153, 153, 153
L -182.0000, -18.0000, 0.0000,  -165.0000, -111.0000, 0.0000,  153, 153, 153
L -175.0000, 18.0000, 0.0000,  -182.0000, -18.0000, 0.0000,  153, 153, 153
L -171.0000, 72.0000, 0.0000,  -175.0000, 18.0000, 0.0000,  153, 153, 153
L -173.0000, 90.0000, 0.0000,  -171.0000, 72.0000, 0.0000,  153, 153, 153
L -163.0000, 111.0000, 0.0000,  -173.0000, 90.0000, 0.0000,  153, 153, 153
L -113.0000, 158.0000, 0.0000,  -163.0000, 111.0000, 0.0000,  153, 153, 153
L -17.0000, 175.0000, 0.0000,  -113.0000, 158.0000, 0.0000,  153, 153, 153
L 17.0000, 173.0000, 0.0000,  -17.0000, 175.0000, 0.0000,  153, 153, 153
L 73.0000, 169.0000, 0.0000,  17.0000, 173.0000, 0.0000,  153, 153, 153
L 89.0000, 167.0000, 0.0000,  73.0000, 169.0000, 0.0000,  153, 153, 153
L 111.0000, 159.0000, 0.0000,  89.0000, 167.0000, 0.0000,  153, 153, 153
L 169.0000, 112.0000, 0.0000,  111.0000, 159.0000, 0.0000,  153, 153, 153
L 185.0000, 17.0000, 0.0000,  169.0000, 112.0000, 0.0000,  153, 153, 153
L 168.0000, -17.0000, 0.0000,  185.0000, 17.0000, 0.0000,  153, 153, 153
L 178.0000, -70.0000, 0.0000,  168.0000, -17.0000, 0.0000,  153, 153, 153
L 230.0000, -147.0000, 0.0000,  208.0000, -148.0000, 0.0000,  153, 153, 153
L 250.0000, -133.0000, 0.0000,  230.0000, -147.0000, 0.0000,  153, 153, 153
L 266.0000, -132.0000, 0.0000,  250.0000, -133.0000, 0.0000,  153, 153, 153
L 281.0000, -146.0000, 0.0000,  266.0000, -132.0000, 0.0000,  153, 153, 153
L 284.0000, -193.0000, 0.0000,  281.0000, -146.0000, 0.0000,  153, 153, 153
L 312.0000, -195.0000, 0.0000,  284.0000, -193.0000, 0.0000,  153, 153, 153
L 312.0000, -210.0000, 0.0000,  312.0000, -195.0000, 0.0000,  153, 153, 153
L 332.0000, -242.0000, 0.0000,  312.0000, -210.0000, 0.0000,  153, 153, 153
L 350.0000, -245.0000, 0.0000,  332.0000, -242.0000, 0.0000,  153, 153, 153
L 371.0000, -203.0000, 0.0000,  350.0000, -245.0000, 0.0000,  153, 153, 153
L 387.0000, -203.0000, 0.0000,  371.0000, -203.0000, 0.0000,  153, 153, 153
L 406.0000, -243.0000, 0.0000,  387.0000, -203.0000, 0.0000,  153, 153, 153
L 406.0000, -258.0000, 0.0000,  406.0000, -243.0000, 0.0000,  153, 153, 153
L 388.0000, -300.0000, 0.0000,  406.0000, -258.0000, 0.0000,  153, 153, 153
L 370.0000, -300.0000, 0.0000,  388.0000, -300.0000, 0.0000,  153, 153, 153
L 349.0000, -255.0000, 0.0000,  370.0000, -300.0000, 0.0000,  153, 153, 153
L 328.0000, -267.0000, 0.0000,  349.0000, -255.0000, 0.0000,  153, 153, 153
L 326.0000, -294.0000, 0.0000,  328.0000, -267.0000, 0.0000,  153, 153, 153
L 314.0000, -313.0000, 0.0000,  326.0000, -294.0000, 0.0000,  153, 153, 153
L 286.0000, -317.0000, 0.0000,  314.0000, -313.0000, 0.0000,  153, 153, 153
L 264.0000, -334.0000, 0.0000,  286.0000, -317.0000, 0.0000,  153, 153, 153
L 261.0000, -409.0000, 0.0000,  264.0000, -334.0000, 0.0000,  153, 153, 153
L 241.0000, -438.0000, 0.0000,  261.0000, -409.0000, 0.0000,  153, 153, 153
L 243.0000, -633.0000, 0.0000,  241.0000, -438.0000, 0.0000,  153, 153, 153
L 326.0000, -633.0000, 0.0000,  243.0000, -633.0000, 0.0000,  153, 153, 153
L 326.0000, -742.0000, 0.0000,  326.0000, -633.0000, 0.0000,  153, 153, 153
L 274.0000, -742.0000, 0.0000,  326.0000, -742.0000, 0.0000,  153, 153, 153
L 273.0000, -799.0000, 0.0000,  274.0000, -742.0000, 0.0000,  153, 153, 153
L 249.0000, -799.0000, 0.0000,  273.0000, -799.0000, 0.0000,  153, 153, 153
L 249.0000, -718.0000, 0.0000,  249.0000, -799.0000, 0.0000,  153, 153, 153
L 299.0000, -718.0000, 0.0000,  249.0000, -718.0000, 0.0000,  153, 153, 153
L 298.0000, -660.0000, 0.0000,  299.0000, -718.0000, 0.0000,  153, 153, 153
L 247.0000, -659.0000, 0.0000,  298.0000, -660.0000, 0.0000,  153, 153, 153
L 217.0000, -628.0000, 0.0000,  247.0000, -659.0000, 0.0000,  153, 153, 153
L 217.0000, -538.0000, 0.0000,  217.0000, -628.0000, 0.0000,  153, 153, 153
L 197.0000, -516.0000, 0.0000,  217.0000, -519.0000, 0.0000,  153, 153, 153
L 196.0000, -494.0000, 0.0000,  197.0000, -516.0000, 0.0000,  153, 153, 153
L 154.0000, -494.0000, 0.0000,  196.0000, -494.0000, 0.0000,  153, 153, 153
L 141.0000, -503.0000, 0.0000,  154.0000, -494.0000, 0.0000,  153, 153, 153
L 141.0000, -553.0000, 0.0000,  141.0000, -503.0000, 0.0000,  153, 153, 153
L 156.0000, -557.0000, 0.0000,  141.0000, -553.0000, 0.0000,  153, 153, 153
L 196.0000, -557.0000, 0.0000,  156.0000, -557.0000, 0.0000,  153, 153, 153
L 198.0000, -541.0000, 0.0000,  196.0000, -557.0000, 0.0000,  153, 153, 153
L 217.0000, -535.0000, 0.0000,  198.0000, -541.0000, 0.0000,  153, 153, 153
L 216.0000, -263.0000, 0.0000,  196.0000, -284.0000, 0.0000,  153, 153, 153
L 216.0000, -254.0000, 0.0000,  216.0000, -263.0000, 0.0000,  153, 153, 153
L 198.0000, -234.0000, 0.0000,  216.0000, -254.0000, 0.0000,  153, 153, 153
L 179.0000, -234.0000, 0.0000,  198.0000, -234.0000, 0.0000,  153, 153, 153
L 167.0000, -254.0000, 0.0000,  179.0000, -234.0000, 0.0000,  153, 153, 153
L 153.0000, -240.0000, 0.0000,  167.0000, -254.0000, 0.0000,  153, 153, 153
L 137.0000, -240.0000, 0.0000,  153.0000, -240.0000, 0.0000,  153, 153, 153
L 126.0000, -252.0000, 0.0000,  137.0000, -240.0000, 0.0000,  153, 153, 153
L 126.0000, -267.0000, 0.0000,  126.0000, -252.0000, 0.0000,  153, 153, 153
L 136.0000, -284.0000, 0.0000,  126.0000, -267.0000, 0.0000,  153, 153, 153
L 166.0000, -345.0000, 0.0000,  153.0000, -328.0000, 0.0000,  153, 153, 153
L 174.0000, -328.0000, 0.0000,  166.0000, -345.0000, 0.0000,  153, 153, 153
L 153.0000, -328.0000, 0.0000,  174.0000, -328.0000, 0.0000,  153, 153, 153
L 208.0000, -356.0000, 0.0000,  191.0000, -328.0000, 0.0000,  153, 153, 153
L 208.0000, -373.0000, 0.0000,  208.0000, -356.0000, 0.0000,  153, 153, 153
L 193.0000, -379.0000, 0.0000,  208.0000, -373.0000, 0.0000,  153, 153, 153
L 178.0000, -379.0000, 0.0000,  193.0000, -379.0000, 0.0000,  153, 153, 153
L 164.0000, -371.0000, 0.0000,  178.0000, -379.0000, 0.0000,  153, 153, 153
L 153.0000, -379.0000, 0.0000,  164.0000, -371.0000, 0.0000,  153, 153, 153
L 138.0000, -379.0000, 0.0000,  153.0000, -379.0000, 0.0000,  153, 153, 153
L 126.0000, -373.0000, 0.0000,  138.0000, -379.0000, 0.0000,  153, 153, 153
L 126.0000, -355.0000, 0.0000,  126.0000, -373.0000, 0.0000,  153, 153, 153
L 137.0000, -328.0000, 0.0000,  126.0000, -355.0000, 0.0000,  153, 153, 153
L 132.0000, -299.0000, 0.0000,  121.0000, -279.0000, 0.0000,  153, 153, 153
L 132.0000, -284.0000, 0.0000,  132.0000, -299.0000, 0.0000,  153, 153, 153
L 167.0000, -265.0000, 0.0000,  178.0000, -284.0000, 0.0000,  153, 153, 153
L 156.0000, -284.0000, 0.0000,  167.0000, -265.0000, 0.0000,  153, 153, 153
L 178.0000, -284.0000, 0.0000,  156.0000, -284.0000, 0.0000,  153, 153, 153
L 218.0000, -284.0000, 0.0000,  199.0000, -284.0000, 0.0000,  153, 153, 153
L 218.0000, -299.0000, 0.0000,  218.0000, -284.0000, 0.0000,  153, 153, 153
L 245.0000, -281.0000, 0.0000,  218.0000, -299.0000, 0.0000,  153, 153, 153
L 266.0000, -281.0000, 0.0000,  245.0000, -281.0000, 0.0000,  153, 153, 153
L 289.0000, -299.0000, 0.0000,  266.0000, -281.0000, 0.0000,  153, 153, 153
L 301.0000, -297.0000, 0.0000,  289.0000, -299.0000, 0.0000,  153, 153, 153
L 307.0000, -269.0000, 0.0000,  301.0000, -297.0000, 0.0000,  153, 153, 153
L 307.0000, -237.0000, 0.0000,  307.0000, -269.0000, 0.0000,  153, 153, 153
L 297.0000, -205.0000, 0.0000,  307.0000, -237.0000, 0.0000,  153, 153, 153
L 281.0000, -209.0000, 0.0000,  297.0000, -205.0000, 0.0000,  153, 153, 153
L 281.0000, -252.0000, 0.0000,  281.0000, -209.0000, 0.0000,  153, 153, 153
L 266.0000, -264.0000, 0.0000,  281.0000, -252.0000, 0.0000,  153, 153, 153
L 254.0000, -264.0000, 0.0000,  266.0000, -264.0000, 0.0000,  153, 153, 153
L 231.0000, -251.0000, 0.0000,  254.0000, -264.0000, 0.0000,  153, 153, 153
L 232.0000, -232.0000, 0.0000,  231.0000, -251.0000, 0.0000,  153, 153, 153
L 238.0000, -208.0000, 0.0000,  232.0000, -232.0000, 0.0000,  153, 153, 153
L 238.0000, -197.0000, 0.0000,  238.0000, -208.0000, 0.0000,  153, 153, 153
L 231.0000, -164.0000, 0.0000,  238.0000, -197.0000, 0.0000,  153, 153, 153
L 202.0000, -160.0000, 0.0000,  231.0000, -164.0000, 0.0000,  153, 153, 153
L 217.0000, -438.0000, 0.0000,  217.0000, -519.0000, 0.0000,  153, 153, 153
L 249.0000, -411.0000, 0.0000,  217.0000, -438.0000, 0.0000,  153, 153, 153
L 248.0000, -336.0000, 0.0000,  249.0000, -411.0000, 0.0000,  153, 153, 153
L 215.0000, -317.0000, 0.0000,  248.0000, -336.0000, 0.0000,  153, 153, 153
L 215.0000, -328.0000, 0.0000,  215.0000, -317.0000, 0.0000,  153, 153, 153
L 191.0000, -328.0000, 0.0000,  215.0000, -328.0000, 0.0000,  153, 153, 153
L 132.0000, -327.0000, 0.0000,  136.0000, -328.0000, 0.0000,  153, 153, 153
L 130.0000, -316.0000, 0.0000,  132.0000, -327.0000, 0.0000,  153, 153, 153
L 121.0000, -320.0000, 0.0000,  130.0000, -316.0000, 0.0000,  153, 153, 153
L 121.0000, -330.0000, 0.0000,  121.0000, -320.0000, 0.0000,  153, 153, 153
L 98.0000, -376.0000, 0.0000,  121.0000, -330.0000, 0.0000,  153, 153, 153
L 81.0000, -431.0000, 0.0000,  98.0000, -376.0000, 0.0000,  153, 153, 153
L 46.0000, -464.0000, 0.0000,  81.0000, -431.0000, 0.0000,  153, 153, 153
L -18.0000, -465.0000, 0.0000,  46.0000, -464.0000, 0.0000,  153, 153, 153
L -33.0000, -485.0000, 0.0000,  -18.0000, -465.0000, 0.0000,  153, 153, 153
L -34.0000, -498.0000, 0.0000,  -33.0000, -485.0000, 0.0000,  153, 153, 153
L 96.0000, -280.0000, 0.0000,  73.0000, -235.0000, 0.0000,  153, 153, 153
L 95.0000, -333.0000, 0.0000,  96.0000, -280.0000, 0.0000,  153, 153, 153
L 71.0000, -380.0000, 0.0000,  95.0000, -333.0000, 0.0000,  153, 153, 153
L 48.0000, -437.0000, 0.0000,  71.0000, -380.0000, 0.0000,  153, 153, 153
L -18.0000, -437.0000, 0.0000,  48.0000, -437.0000, 0.0000,  153, 153, 153
L -46.0000, -416.0000, 0.0000,  -18.0000, -437.0000, 0.0000,  153, 153, 153
L -48.0000, -410.0000, 0.0000,  -46.0000, -416.0000, 0.0000,  153, 153, 153
L -72.0000, -381.0000, 0.0000,  -48.0000, -410.0000, 0.0000,  153, 153, 153
L -111.0000, -378.0000, 0.0000,  -72.0000, -381.0000, 0.0000,  153, 153, 153
L -109.0000, -346.0000, 0.0000,  -111.0000, -378.0000, 0.0000,  153, 153, 153
L -25.0000, -343.0000, 0.0000,  -109.0000, -346.0000, 0.0000,  153, 153, 153
L -25.0000, -341.0000, 0.0000,  -25.0000, -343.0000, 0.0000,  153, 153, 153
L -55.0000, -319.0000, 0.0000,  -25.0000, -323.0000, 0.0000,  153, 153, 153
L -67.0000, -318.0000, 0.0000,  -55.0000, -319.0000, 0.0000,  153, 153, 153
L -78.0000, -279.0000, 0.0000,  -67.0000, -318.0000, 0.0000,  153, 153, 153
L -109.0000, -277.0000, 0.0000,  -78.0000, -279.0000, 0.0000,  153, 153, 153
L -108.0000, -249.0000, 0.0000,  -109.0000, -277.0000, 0.0000,  153, 153, 153
L -91.0000, -247.0000, 0.0000,  -108.0000, -249.0000, 0.0000,  153, 153, 153
L -76.0000, -228.0000, 0.0000,  -91.0000, -247.0000, 0.0000,  153, 153, 153
L -73.0000, -198.0000, 0.0000,  -76.0000, -228.0000, 0.0000,  153, 153, 153
L -16.0000, -201.0000, 0.0000,  -73.0000, -198.0000, 0.0000,  153, 153, 153
L 64.0000, -230.0000, 0.0000,  -16.0000, -201.0000, 0.0000,  153, 153, 153
L 73.0000, -235.0000, 0.0000,  64.0000, -230.0000, 0.0000,  153, 153, 153
L 98.0000, -237.0000, 0.0000,  121.0000, -276.0000, 0.0000,  153, 153, 153
L 94.0000, -204.0000, 0.0000,  98.0000, -237.0000, 0.0000,  153, 153, 153
L 108.0000, -185.0000, 0.0000,  94.0000, -204.0000, 0.0000,  153, 153, 153
L 188.0000, -109.0000, 0.0000,  108.0000, -185.0000, 0.0000,  153, 153, 153
L 196.0000, -86.0000, 0.0000,  188.0000, -109.0000, 0.0000,  153, 153, 153
L 216.0000, -89.0000, 0.0000,  196.0000, -86.0000, 0.0000,  153, 153, 153
L 185.0000, -144.0000, 0.0000,  216.0000, -89.0000, 0.0000,  153, 153, 153
L 202.0000, -160.0000, 0.0000,  185.0000, -144.0000, 0.0000,  153, 153, 153
L 215.0000, -115.0000, 0.0000,  208.0000, -148.0000, 0.0000,  153, 153, 153
L 235.0000, -89.0000, 0.0000,  215.0000, -115.0000, 0.0000,  153, 153, 153
L 235.0000, -76.0000, 0.0000,  235.0000, -89.0000, 0.0000,  153, 153, 153
L 194.0000, -74.0000, 0.0000,  235.0000, -76.0000, 0.0000,  153, 153, 153
L 207.0000, -6.0000, 0.0000,  194.0000, -74.0000, 0.0000,  153, 153, 153
L 224.0000, -15.0000, 0.0000,  207.0000, -6.0000, 0.0000,  153, 153, 153
L 233.0000, -22.0000, 0.0000,  224.0000, -15.0000, 0.0000,  153, 153, 153
L 241.0000, -22.0000, 0.0000,  233.0000, -22.0000, 0.0000,  153, 153, 153
L 247.0000, -15.0000, 0.0000,  241.0000, -22.0000, 0.0000,  153, 153, 153
L 260.0000, -17.0000, 0.0000,  247.0000, -15.0000, 0.0000,  153, 153, 153
L 269.0000, -17.0000, 0.0000,  260.0000, -17.0000, 0.0000,  153, 153, 153
L 269.0000, 10.0000, 0.0000,  269.0000, -17.0000, 0.0000,  153, 153, 153
L 261.0000, 18.0000, 0.0000,  269.0000, 10.0000, 0.0000,  153, 153, 153
L 266.0000, 25.0000, 0.0000,  261.0000, 18.0000, 0.0000,  153, 153, 153
L 266.0000, 36.0000, 0.0000,  266.0000, 25.0000, 0.0000,  153, 153, 153
L 252.0000, 37.0000, 0.0000,  266.0000, 36.0000, 0.0000,  153, 153, 153
L 252.0000, 25.0000, 0.0000,  252.0000, 37.0000, 0.0000,  153, 153, 153
L 255.0000, 16.0000, 0.0000,  252.0000, 25.0000, 0.0000,  153, 153, 153
L 246.0000, 13.0000, 0.0000,  255.0000, 16.0000, 0.0000,  153, 153, 153
L 241.0000, 20.0000, 0.0000,  246.0000, 13.0000, 0.0000,  153, 153, 153
L 229.0000, 20.0000, 0.0000,  241.0000, 20.0000, 0.0000,  153, 153, 153
L 225.0000, 14.0000, 0.0000,  229.0000, 20.0000, 0.0000,  153, 153, 153
L 209.0000, 6.0000, 0.0000,  225.0000, 14.0000, 0.0000,  153, 153, 153
L 196.0000, 109.0000, 0.0000,  209.0000, 6.0000, 0.0000,  153, 153, 153
L 109.0000, 181.0000, 0.0000,  196.0000, 109.0000, 0.0000,  153, 153, 153
L 71.0000, 181.0000, 0.0000,  109.0000, 181.0000, 0.0000,  153, 153, 153
L 15.0000, 189.0000, 0.0000,  71.0000, 181.0000, 0.0000,  153, 153, 153
L -18.0000, 189.0000, 0.0000,  15.0000, 189.0000, 0.0000,  153, 153, 153
L -110.0000, 178.0000, 0.0000,  -18.0000, 189.0000, 0.0000,  153, 153, 153
L -189.0000, 110.0000, 0.0000,  -110.0000, 178.0000, 0.0000,  153, 153, 153
L -189.0000, 71.0000, 0.0000,  -189.0000, 110.0000, 0.0000,  153, 153, 153
L -193.0000, -17.0000, 0.0000,  -189.0000, 71.0000, 0.0000,  153, 153, 153
L -187.0000, -110.0000, 0.0000,  -193.0000, -17.0000, 0.0000,  153, 153, 153
L -110.0000, -197.0000, 0.0000,  -187.0000, -110.0000, 0.0000,  153, 153, 153
L -86.0000, -200.0000, 0.0000,  -110.0000, -197.0000, 0.0000,  153, 153, 153
L -87.0000, -232.0000, 0.0000,  -86.0000, -200.0000, 0.0000,  153, 153, 153
L -104.0000, -233.0000, 0.0000,  -87.0000, -232.0000, 0.0000,  153, 153, 153
L -121.0000, -253.0000, 0.0000,  -104.0000, -233.0000, 0.0000,  153, 153, 153
L -121.0000, -274.0000, 0.0000,  -121.0000, -253.0000, 0.0000,  153, 153, 153
L -104.0000, -291.0000, 0.0000,  -121.0000, -274.0000, 0.0000,  153, 153, 153
L -82.0000, -294.0000, 0.0000,  -104.0000, -291.0000, 0.0000,  153, 153, 153
L -90.0000, -319.0000, 0.0000,  -82.0000, -294.0000, 0.0000,  153, 153, 153
L -111.0000, -320.0000, 0.0000,  -90.0000, -319.0000, 0.0000,  153, 153, 153
L -131.0000, -376.0000, 0.0000,  -131.0000, -349.0000, 0.0000,  153, 153, 153
L -106.0000, -404.0000, 0.0000,  -131.0000, -376.0000, 0.0000,  153, 153, 153
L -67.0000, -407.0000, 0.0000,  -106.0000, -404.0000, 0.0000,  153, 153, 153
L -68.0000, -416.0000, 0.0000,  -67.0000, -407.0000, 0.0000,  153, 153, 153
L -93.0000, -435.0000, 0.0000,  -68.0000, -416.0000, 0.0000,  153, 153, 153
L -93.0000, -467.0000, 0.0000,  -93.0000, -435.0000, 0.0000,  153, 153, 153
L -82.0000, -485.0000, 0.0000,  -93.0000, -467.0000, 0.0000,  153, 153, 153
L -82.0000, -501.0000, 0.0000,  -82.0000, -485.0000, 0.0000,  153, 153, 153
L -420.0000, 172.0000, 0.0000,  -419.0000, 187.0000, 0.0000,  153, 153, 153
L -391.0000, 140.0000, 0.0000,  -420.0000, 172.0000, 0.0000,  153, 153, 153
L -392.0000, 102.0000, 0.0000,  -391.0000, 140.0000, 0.0000,  153, 153, 153
L -433.0000, 17.0000, 0.0000,  -392.0000, 102.0000, 0.0000,  153, 153, 153
L -434.0000, -35.0000, 0.0000,  -433.0000, 17.0000, 0.0000,  153, 153, 153
L -485.0000, -80.0000, 0.0000,  -434.0000, -35.0000, 0.0000,  153, 153, 153
L -499.0000, -124.0000, 0.0000,  -485.0000, -80.0000, 0.0000,  153, 153, 153
L -500.0000, -161.0000, 0.0000,  -499.0000, -124.0000, 0.0000,  153, 153, 153
L -520.0000, -202.0000, 0.0000,  -500.0000, -161.0000, 0.0000,  153, 153, 153
L -543.0000, -261.0000, 0.0000,  -520.0000, -202.0000, 0.0000,  153, 153, 153
L -614.0000, -324.0000, 0.0000,  -543.0000, -261.0000, 0.0000,  153, 153, 153
L -630.0000, -324.0000, 0.0000,  -614.0000, -324.0000, 0.0000,  153, 153, 153
L -655.0000, -369.0000, 0.0000,  -630.0000, -324.0000, 0.0000,  153, 153, 153
L -659.0000, -443.0000, 0.0000,  -655.0000, -401.0000, 0.0000,  153, 153, 153
L -656.0000, -520.0000, 0.0000,  -658.0000, -486.0000, 0.0000,  153, 153, 153
L -630.0000, -598.0000, 0.0000,  -656.0000, -549.0000, 0.0000,  153, 153, 153
L -611.0000, -600.0000, 0.0000,  -630.0000, -598.0000, 0.0000,  153, 153, 153
L -542.0000, -680.0000, 0.0000,  -611.0000, -600.0000, 0.0000,  153, 153, 153
L -521.0000, -723.0000, 0.0000,  -542.0000, -680.0000, 0.0000,  153, 153, 153
L -466.0000, -781.0000, 0.0000,  -521.0000, -723.0000, 0.0000,  153, 153, 153
L -304.0000, -781.0000, 0.0000,  -466.0000, -781.0000, 0.0000,  153, 153, 153
L -257.0000, -740.0000, 0.0000,  -304.0000, -781.0000, 0.0000,  153, 153, 153
L -197.0000, -682.0000, 0.0000,  -257.0000, -740.0000, 0.0000,  153, 153, 153
L -144.0000, -682.0000, 0.0000,  -197.0000, -682.0000, 0.0000,  153, 153, 153
L -115.0000, -700.0000, 0.0000,  -144.0000, -682.0000, 0.0000,  153, 153, 153
L -30.0000, -700.0000, 0.0000,  -115.0000, -700.0000, 0.0000,  153, 153, 153
L -2.0000, -689.0000, 0.0000,  -30.0000, -700.0000, 0.0000,  153, 153, 153
L 14.0000, -659.0000, 0.0000,  -2.0000, -689.0000, 0.0000,  153, 153, 153
L 31.0000, -616.0000, 0.0000,  14.0000, -659.0000, 0.0000,  153, 153, 153
L 37.0000, -553.0000, 0.0000,  31.0000, -616.0000, 0.0000,  153, 153, 153
L 15.0000, -509.0000, 0.0000,  37.0000, -553.0000, 0.0000,  153, 153, 153
L -1.0000, -504.0000, 0.0000,  15.0000, -509.0000, 0.0000,  153, 153, 153
L -31.0000, -502.0000, 0.0000,  -1.0000, -504.0000, 0.0000,  153, 153, 153
L -144.0000, -555.0000, 0.0000,  -82.0000, -500.0000, 0.0000,  153, 153, 153
L -169.0000, -567.0000, 0.0000,  -144.0000, -555.0000, 0.0000,  153, 153, 153
L -252.0000, -663.0000, 0.0000,  -169.0000, -567.0000, 0.0000,  153, 153, 153
L -301.0000, -696.0000, 0.0000,  -252.0000, -663.0000, 0.0000,  153, 153, 153
L -365.0000, -728.0000, 0.0000,  -301.0000, -696.0000, 0.0000,  153, 153, 153
L -420.0000, -683.0000, 0.0000,  -365.0000, -728.0000, 0.0000,  153, 153, 153
L -435.0000, -603.0000, 0.0000,  -420.0000, -683.0000, 0.0000,  153, 153, 153
L -435.0000, -519.0000, 0.0000,  -435.0000, -603.0000, 0.0000,  153, 153, 153
L -447.0000, -486.0000, 0.0000,  -435.0000, -519.0000, 0.0000,  153, 153, 153
L -447.0000, -441.0000, 0.0000,  -447.0000, -486.0000, 0.0000,  153, 153, 153
L -427.0000, -321.0000, 0.0000,  -447.0000, -441.0000, 0.0000,  153, 153, 153
L -359.0000, -198.0000, 0.0000,  -427.0000, -321.0000, 0.0000,  153, 153, 153
L -405.0000, 215.0000, 0.0000,  -405.0000, 190.0000, 0.0000,  153, 153, 153
L -428.0000, 233.0000, 0.0000,  -405.0000, 215.0000, 0.0000,  153, 153, 153
L -454.0000, 234.0000, 0.0000,  -428.0000, 233.0000, 0.0000,  153, 153, 153
L -480.0000, 249.0000, 0.0000,  -454.0000, 234.0000, 0.0000,  153, 153, 153
L -487.0000, 270.0000, 0.0000,  -480.0000, 249.0000, 0.0000,  153, 153, 153
L -481.0000, 293.0000, 0.0000,  -487.0000, 270.0000, 0.0000,  153, 153, 153
L -424.0000, 264.0000, 0.0000,  -481.0000, 293.0000, 0.0000,  153, 153, 153
L -390.0000, 226.0000, 0.0000,  -424.0000, 264.0000, 0.0000,  153, 153, 153
L -383.0000, 194.0000, 0.0000,  -390.0000, 226.0000, 0.0000,  153, 153, 153
L -376.0000, 239.0000, 0.0000,  -344.0000, 233.0000, 0.0000,  153, 153, 153
L -416.0000, 276.0000, 0.0000,  -376.0000, 239.0000, 0.0000,  153, 153, 153
L -449.0000, 325.0000, 0.0000,  -416.0000, 276.0000, 0.0000,  153, 153, 153
L -436.0000, 335.0000, 0.0000,  -449.0000, 325.0000, 0.0000,  153, 153, 153
L -414.0000, 335.0000, 0.0000,  -436.0000, 335.0000, 0.0000,  153, 153, 153
L -395.0000, 323.0000, 0.0000,  -414.0000, 335.0000, 0.0000,  153, 153, 153
L -384.0000, 300.0000, 0.0000,  -395.0000, 323.0000, 0.0000,  153, 153, 153
L -384.0000, 276.0000, 0.0000,  -384.0000, 300.0000, 0.0000,  153, 153, 153
L -363.0000, 255.0000, 0.0000,  -384.0000, 276.0000, 0.0000,  153, 153, 153
L -342.0000, 255.0000, 0.0000,  -363.0000, 255.0000, 0.0000,  153, 153, 153
L -368.0000, 272.0000, 0.0000,  -336.0000, 271.0000, 0.0000,  153, 153, 153
L -369.0000, 300.0000, 0.0000,  -368.0000, 272.0000, 0.0000,  153, 153, 153
L -378.0000, 320.0000, 0.0000,  -369.0000, 300.0000, 0.0000,  153, 153, 153
L -378.0000, 338.0000, 0.0000,  -378.0000, 320.0000, 0.0000,  153, 153, 153
L -399.0000, 338.0000, 0.0000,  -378.0000, 338.0000, 0.0000,  153, 153, 153
L -417.0000, 349.0000, 0.0000,  -399.0000, 338.0000, 0.0000,  153, 153, 153
L -438.0000, 350.0000, 0.0000,  -417.0000, 349.0000, 0.0000,  153, 153, 153
L -447.0000, 356.0000, 0.0000,  -438.0000, 350.0000, 0.0000,  153, 153, 153
L -481.0000, 356.0000, 0.0000,  -447.0000, 356.0000, 0.0000,  153, 153, 153
L -507.0000, 324.0000, 0.0000,  -481.0000, 356.0000, 0.0000,  153, 153, 153
L -507.0000, 291.0000, 0.0000,  -507.0000, 324.0000, 0.0000,  153, 153, 153
L -493.0000, 248.0000, 0.0000,  -507.0000, 291.0000, 0.0000,  153, 153, 153
L -493.0000, 235.0000, 0.0000,  -493.0000, 248.0000, 0.0000,  153, 153, 153
L -474.0000, 235.0000, 0.0000,  -493.0000, 235.0000, 0.0000,  153, 153, 153
L -451.0000, 221.0000, 0.0000,  -474.0000, 235.0000, 0.0000,  153, 153, 153
L -420.0000, 215.0000, 0.0000,  -451.0000, 221.0000, 0.0000,  153, 153, 153
L -419.0000, 187.0000, 0.0000,  -420.0000, 215.0000, 0.0000,  153, 153, 153
L -328.0000, 289.0000, 0.0000,  -336.0000, 252.0000, 0.0000,  153, 153, 153
L -331.0000, 279.0000, 0.0000,  -328.0000, 289.0000, 0.0000,  153, 153, 153
L -331.0000, 263.0000, 0.0000,  -331.0000, 279.0000, 0.0000,  153, 153, 153
L -330.0000, 250.0000, 0.0000,  -331.0000, 263.0000, 0.0000,  153, 153, 153
L -330.0000, 213.0000, 0.0000,  -330.0000, 250.0000, 0.0000,  153, 153, 153
L -371.0000, 179.0000, 0.0000,  -330.0000, 213.0000, 0.0000,  153, 153, 153
L -401.0000, 183.0000, 0.0000,  -371.0000, 179.0000, 0.0000,  153, 153, 153
L -422.0000, 179.0000, 0.0000,  -401.0000, 183.0000, 0.0000,  153, 153, 153
L -422.0000, 172.0000, 0.0000,  -422.0000, 179.0000, 0.0000,  153, 153, 153
L -335.0000, -154.0000, 0.0000,  -359.0000, -198.0000, 0.0000,  153, 153, 153
L -348.0000, -117.0000, 0.0000,  -335.0000, -154.0000, 0.0000,  153, 153, 153
L -348.0000, -76.0000, 0.0000,  -348.0000, -117.0000, 0.0000,  153, 153, 153
L -357.0000, -31.0000, 0.0000,  -348.0000, -76.0000, 0.0000,  153, 153, 153
L -356.0000, 20.0000, 0.0000,  -357.0000, -31.0000, 0.0000,  153, 153, 153
L -348.0000, 60.0000, 0.0000,  -356.0000, 20.0000, 0.0000,  153, 153, 153
L -347.0000, 106.0000, 0.0000,  -348.0000, 60.0000, 0.0000,  153, 153, 153
L -329.0000, 144.0000, 0.0000,  -347.0000, 106.0000, 0.0000,  153, 153, 153
L -252.0000, 197.0000, 0.0000,  -329.0000, 144.0000, 0.0000,  153, 153, 153
L -190.0000, 211.0000, 0.0000,  -252.0000, 197.0000, 0.0000,  153, 153, 153
L -87.0000, 202.0000, 0.0000,  -190.0000, 211.0000, 0.0000,  153, 153, 153
L -18.0000, 222.0000, 0.0000,  -87.0000, 202.0000, 0.0000,  153, 153, 153
L -10.0000, 222.0000, 0.0000,  -18.0000, 222.0000, 0.0000,  153, 153, 153
L 23.0000, 238.0000, 0.0000,  -10.0000, 222.0000, 0.0000,  153, 153, 153
L 36.0000, 271.0000, 0.0000,  23.0000, 238.0000, 0.0000,  153, 153, 153
L 14.0000, 304.0000, 0.0000,  36.0000, 271.0000, 0.0000,  153, 153, 153
L 17.0000, 332.0000, 0.0000,  14.0000, 304.0000, 0.0000,  153, 153, 153
L 116.0000, 332.0000, 0.0000,  17.0000, 332.0000, 0.0000,  153, 153, 153
L 116.0000, 383.0000, 0.0000,  116.0000, 332.0000, 0.0000,  153, 153, 153
L 77.0000, 368.0000, 0.0000,  80.0000, 380.0000, 0.0000,  153, 153, 153
L -15.0000, 368.0000, 0.0000,  77.0000, 368.0000, 0.0000,  153, 153, 153
L -18.0000, 295.0000, 0.0000,  -15.0000, 368.0000, 0.0000,  153, 153, 153
L -36.0000, 269.0000, 0.0000,  -18.0000, 295.0000, 0.0000,  153, 153, 153
L -90.0000, 248.0000, 0.0000,  -36.0000, 269.0000, 0.0000,  153, 153, 153
L -187.0000, 292.0000, 0.0000,  -90.0000, 248.0000, 0.0000,  153, 153, 153
L -251.0000, 279.0000, 0.0000,  -187.0000, 292.0000, 0.0000,  153, 153, 153
L -328.0000, 289.0000, 0.0000,  -251.0000, 279.0000, 0.0000,  153, 153, 153
P 99.0000, 345.0000, 0.0000,  255, 255, 255,  2,  Succor
