L -353.2716, -211.1214, 14.0010,  -352.9193, -206.3714, 14.0010,  0, 0, 0
L -360.7668, -206.3714, 14.5757,  -360.4158, -211.1214, 14.0010,  0, 0, 0
L -389.9688, -170.0015, 12.3554,  -389.7813, -238.3786, -41.9677,  127, 127, 127
L -390.1432, -250.5525, -41.9677,  -403.9688, -250.0313, -41.9677,  0, 0, 0
L -405.1156, -268.0586, -41.9677,  -390.1432, -250.5525, -41.9677,  0, 0, 0
L -421.7239, -252.0041, -41.9677,  -405.1156, -268.0586, -41.9677,  0, 0, 0
L -404.7908, -235.8010, -41.9677,  -421.7239, -252.0041, -41.9677,  0, 0, 0
L -403.9688, -250.0313, -41.9677,  -404.7908, -235.8010, -41.9677,  0, 0, 0
L -210.6190, -408.1755, -41.9677,  -224.6829, -393.7187, -41.9677,  0, 0, 0
L -180.2501, -376.9639, -41.9677,  -210.6190, -408.1755, -41.9677,  0, 0, 0
L -208.9489, -362.2223, -41.9677,  -180.2501, -376.9639, -41.9677,  0, 0, 0
L -224.5672, -362.0891, -41.9677,  -208.9489, -362.2223, -41.9677,  0, 0, 0
L -238.6825, -375.9688, -41.9677,  -224.5672, -362.0891, -41.9677,  0, 0, 0
L -253.7396, -376.1245, -41.9677,  -238.6825, -375.9688, -41.9677,  0, 0, 0
L -238.6624, -393.5595, -41.9677,  -253.7396, -376.1245, -41.9677,  0, 0, 0
L -224.6829, -393.7187, -41.9677,  -238.6624, -393.5595, -41.9677,  0, 0, 0
L -222.8655, -417.6294, -41.9677,  -251.1296, -417.9688, -41.9677,  0, 0, 0
L -221.6279, -449.6963, -41.9677,  -222.8655, -417.6294, -41.9677,  0, 0, 0
L -280.7198, -435.4864, -41.9677,  -221.6279, -449.6963, -41.9677,  0, 0, 0
L -281.1847, -404.5020, -41.9677,  -280.7198, -435.4864, -41.9677,  0, 0, 0
L -265.9957, -403.9687, -41.9677,  -281.1847, -404.5020, -41.9677,  0, 0, 0
L -251.1296, -417.9688, -41.9677,  -265.9957, -403.9687, -41.9677,  0, 0, 0
L -210.6825, -320.0000, -41.9677,  -223.1296, -320.0000, -41.9677,  0, 0, 0
L -196.5415, -306.0702, -41.9677,  -210.6825, -320.0000, -41.9677,  0, 0, 0
L -180.6900, -305.9433, -41.9677,  -196.5415, -306.0702, -41.9677,  0, 0, 0
L -180.0624, -321.3427, -41.9677,  -180.6900, -305.9433, -41.9677,  0, 0, 0
L -194.0313, -336.6504, -41.9677,  -180.0624, -321.3427, -41.9677,  0, 0, 0
L -194.2903, -351.2957, -41.9677,  -194.0313, -336.6504, -41.9677,  0, 0, 0
L -223.9068, -337.9709, -41.9677,  -194.2903, -351.2957, -41.9677,  0, 0, 0
L -280.1101, -365.7039, -41.9677,  -223.9068, -337.9709, -41.9677,  0, 0, 0
L -294.6504, -351.7500, -41.9677,  -280.1101, -365.7039, -41.9677,  0, 0, 0
L -308.3330, -351.6932, -41.9677,  -294.6504, -351.7500, -41.9677,  0, 0, 0
L -322.9857, -337.4160, -41.9677,  -308.3330, -351.6932, -41.9677,  0, 0, 0
L -350.2453, -323.7862, -41.9677,  -322.9857, -337.4160, -41.9677,  0, 0, 0
L -365.7151, -308.7693, -41.9677,  -350.2453, -323.7862, -41.9677,  0, 0, 0
L -349.0901, -291.2201, -41.9677,  -365.7151, -308.7693, -41.9677,  0, 0, 0
L -334.7162, -320.0000, -41.9677,  -349.0901, -291.2201, -41.9677,  0, 0, 0
L -321.1446, -320.1480, -41.9677,  -334.7162, -320.0000, -41.9677,  0, 0, 0
L -306.5038, -334.5961, -41.9677,  -321.1446, -320.1480, -41.9677,  0, 0, 0
L -308.5942, -295.6117, -41.9677,  -306.5038, -334.5961, -41.9677,  0, 0, 0
L -350.7377, -281.5399, -41.9677,  -308.5942, -295.6117, -41.9677,  0, 0, 0
L -379.2493, -267.1472, -41.9677,  -350.7377, -281.5399, -41.9677,  0, 0, 0
L -379.7887, -153.1338, 14.0010,  -379.2493, -267.1472, -41.9677,  0, 0, 0
L -362.3363, -152.5914, 14.0010,  -379.7887, -153.1338, 14.0010,  0, 0, 0
L -361.9688, -206.0313, 16.3893,  -362.3363, -152.5914, 14.0010,  0, 0, 0
L -360.7668, -206.3714, 14.5757,  -361.9688, -206.0313, 16.3893,  0, 0, 0
L -352.9200, -206.3714, 14.0010,  -360.7668, -206.3714, 14.5757,  127, 127, 0
L -351.7491, -206.0312, 14.0010,  -352.9200, -206.3714, 14.0010,  0, 0, 0
L -351.7500, -154.7130, 13.9476,  -351.7491, -206.0312, 14.0010,  0, 0, 0
L -364.6216, -141.8125, 14.0010,  -351.7500, -154.7130, 13.9476,  0, 0, 0
L -377.0671, -141.8125, 14.0010,  -364.6216, -141.8125, 14.0010,  0, 0, 0
L -389.9688, -154.7138, 14.0010,  -377.0671, -141.8125, 14.0010,  0, 0, 0
L -389.6820, -169.9501, 12.3963,  -389.9688, -154.7138, 14.0010,  0, 0, 0
L -393.7187, -169.8125, -9.7015,  -389.6820, -169.9501, 12.3963,  0, 0, 0
L -406.2538, -169.7671, -25.0492,  -393.7187, -169.8125, -9.7015,  0, 0, 0
L -419.8430, -156.5899, -40.6863,  -406.2538, -169.7671, -25.0492,  0, 0, 0
L -445.5305, -182.3061, -41.9677,  -419.8430, -156.5899, -40.6863,  0, 0, 0
L -432.6537, -208.0312, -41.9677,  -445.5305, -182.3061, -41.9677,  0, 0, 0
L -418.5259, -208.1593, -41.9677,  -432.6537, -208.0312, -41.9677,  0, 0, 0
L -418.7040, -225.4534, -41.9677,  -418.5259, -208.1593, -41.9677,  0, 0, 0
L -458.7789, -225.7809, -41.9677,  -418.7040, -225.4534, -41.9677,  0, 0, 0
L -446.6537, -250.0313, -41.9677,  -458.7789, -225.7809, -41.9677,  0, 0, 0
L -431.4854, -250.4929, -41.9677,  -446.6537, -250.0313, -41.9677,  0, 0, 0
L -445.5306, -266.2760, -41.9677,  -431.4854, -250.4929, -41.9677,  0, 0, 0
L -432.6542, -292.0000, -41.9677,  -445.5306, -266.2760, -41.9677,  0, 0, 0
L -420.6204, -292.0000, -41.9677,  -432.6542, -292.0000, -41.9677,  0, 0, 0
L -407.7586, -278.7472, -41.9677,  -420.6204, -292.0000, -41.9677,  0, 0, 0
L -390.4080, -278.5664, -41.9677,  -407.7586, -278.7472, -41.9677,  0, 0, 0
L -389.9688, -292.0000, -41.9677,  -390.4080, -278.5664, -41.9677,  0, 0, 0
L -376.0956, -293.1969, -41.9677,  -389.9688, -292.0000, -41.9677,  0, 0, 0
L -376.0934, -308.5472, -41.9677,  -376.0956, -293.1969, -41.9677,  0, 0, 0
L -389.1921, -321.8750, -41.9677,  -376.0934, -308.5472, -41.9677,  0, 0, 0
L -377.0671, -334.0000, -41.9677,  -389.1921, -321.8750, -41.9677,  0, 0, 0
L -362.6918, -334.2708, -41.9677,  -377.0671, -334.0000, -41.9677,  0, 0, 0
L -361.9687, -348.0000, -41.9677,  -362.6918, -334.2708, -41.9677,  0, 0, 0
L -349.1391, -348.1504, -41.9677,  -361.9687, -348.0000, -41.9677,  0, 0, 0
L -334.7167, -375.9688, -41.9677,  -349.1391, -348.1504, -41.9677,  0, 0, 0
L -320.6348, -376.4157, -41.9677,  -334.7167, -375.9688, -41.9677,  0, 0, 0
L -320.0000, -389.9688, -41.9677,  -320.6348, -376.4157, -41.9677,  0, 0, 0
L -307.7109, -389.9169, -41.9677,  -320.0000, -389.9688, -41.9677,  0, 0, 0
L -291.8488, -404.0441, -41.9677,  -307.7109, -389.9169, -41.9677,  0, 0, 0
L -307.6986, -435.9264, -41.9677,  -291.8488, -404.0441, -41.9677,  0, 0, 0
L -322.6256, -421.7435, -41.9677,  -307.6986, -435.9264, -41.9677,  0, 0, 0
L -335.0995, -421.7187, -41.9677,  -322.6256, -421.7435, -41.9677,  0, 0, 0
L -349.6060, -435.6681, -41.9677,  -335.0995, -421.7187, -41.9677,  0, 0, 0
L -362.4923, -435.6875, -41.9677,  -349.6060, -435.6681, -41.9677,  0, 0, 0
L -375.2423, -473.9375, -41.9677,  -362.4923, -435.6875, -41.9677,  0, 0, 0
L -364.6216, -473.9375, -41.9677,  -375.2423, -473.9375, -41.9677,  0, 0, 0
L -350.2803, -459.8927, -41.9677,  -364.6216, -473.9375, -41.9677,  0, 0, 0
L -335.0983, -473.9375, -41.9677,  -350.2803, -459.8927, -41.9677,  0, 0, 0
L -308.6881, -473.9375, -41.9677,  -335.0983, -473.9375, -41.9677,  0, 0, 0
L -294.2895, -459.9823, -41.9677,  -308.6881, -473.9375, -41.9677,  0, 0, 0
L -279.4595, -459.9154, -41.9677,  -294.2895, -459.9823, -41.9677,  0, 0, 0
L -265.1283, -473.9375, -41.9677,  -279.4595, -459.9154, -41.9677,  0, 0, 0
L -238.1098, -473.8274, -41.9677,  -265.1283, -473.9375, -41.9677,  0, 0, 0
L -223.1296, -487.9375, -41.9677,  -238.1098, -473.8274, -41.9677,  0, 0, 0
L -197.0659, -487.9375, -41.9677,  -223.1296, -487.9375, -41.9677,  0, 0, 0
L -184.2170, -462.1816, -41.9677,  -197.0659, -487.9375, -41.9677,  0, 0, 0
L -197.7659, -448.1615, -41.9677,  -184.2170, -462.1816, -41.9677,  0, 0, 0
L -183.1405, -418.4055, -41.9677,  -197.7659, -448.1615, -41.9677,  0, 0, 0
L -167.6241, -417.9549, -41.9677,  -183.1405, -418.4055, -41.9677,  0, 0, 0
L -153.1620, -431.9375, -41.9677,  -167.6241, -417.9549, -41.9677,  0, 0, 0
L -126.7141, -431.9375, -41.9677,  -153.1620, -431.9375, -41.9677,  0, 0, 0
L -113.2146, -418.4341, -41.9677,  -126.7141, -431.9375, -41.9677,  0, 0, 0
L -97.3653, -418.0685, -41.9677,  -113.2146, -418.4341, -41.9677,  0, 0, 0
L -83.1933, -431.9375, -41.9677,  -97.3653, -418.0685, -41.9677,  0, 0, 0
L -56.7441, -431.9375, -41.9677,  -83.1933, -431.9375, -41.9677,  0, 0, 0
L -42.4608, -418.0330, -41.9677,  -56.7441, -431.9375, -41.9677,  0, 0, 0
L -15.8750, -417.9688, -41.9677,  -42.4608, -418.0330, -41.9677,  0, 0, 0
L -15.8750, -365.7187, -27.9990,  -15.8750, -417.9688, -41.9677,  0, 0, 0
L -28.7017, -365.5825, -27.9990,  -15.8750, -365.7187, -27.9990,  0, 0, 0
L -43.8424, -349.3601, -27.9990,  -28.7017, -365.5825, -27.9990,  0, 0, 0
L -28.9510, -334.2591, -27.9990,  -43.8424, -349.3601, -27.9990,  0, 0, 0
L -13.6111, -334.0407, -27.9990,  -28.9510, -334.2591, -27.9990,  0, 0, 0
L 0.7767, -348.0000, -27.9990,  -13.6111, -334.0407, -27.9990,  0, 0, 0
L 12.1250, -348.0000, -27.9990,  0.7767, -348.0000, -27.9990,  0, 0, 0
L 12.1250, -322.6510, -27.9990,  12.1250, -348.0000, -27.9990,  0, 0, 0
L 0.0000, -310.5266, -27.9990,  12.1250, -322.6510, -27.9990,  0, 0, 0
L -12.9981, -323.6723, -27.9990,  0.0000, -310.5266, -27.9990,  0, 0, 0
L -28.7766, -309.7500, -27.9990,  -12.9981, -323.6723, -27.9990,  0, 0, 0
L -43.2579, -309.2365, -27.9990,  -28.7766, -309.7500, -27.9990,  0, 0, 0
L -43.8437, -294.6516, -27.9990,  -43.2579, -309.2365, -27.9990,  0, 0, 0
L -57.4773, -278.7615, -27.9990,  -43.8437, -294.6516, -27.9990,  0, 0, 0
L -48.4573, -271.1024, -27.9990,  -57.4773, -278.7615, -27.9990,  0, 0, 0
L -41.1946, -278.0000, -27.9990,  -48.4573, -271.1024, -27.9990,  0, 0, 0
L -35.7742, -278.0000, -27.9990,  -41.1946, -278.0000, -27.9990,  0, 0, 0
L -26.7012, -271.5540, -27.9990,  -35.7742, -278.0000, -27.9990,  0, 0, 0
L -19.1250, -279.8635, -27.9990,  -26.7012, -271.5540, -27.9990,  0, 0, 0
L -19.1251, -285.7162, -27.9990,  -19.1250, -279.8635, -27.9990,  0, 0, 0
L -6.5574, -292.0000, -27.9990,  -19.1251, -285.7162, -27.9990,  0, 0, 0
L 8.0896, -292.3491, -27.9990,  -6.5574, -292.0000, -27.9990,  0, 0, 0
L 14.7767, -299.0000, -27.9990,  8.0896, -292.3491, -27.9990,  0, 0, 0
L 19.1250, -299.0000, -27.9990,  14.7767, -299.0000, -27.9990,  0, 0, 0
L 19.1250, -294.1833, -27.9990,  19.1250, -299.0000, -27.9990,  0, 0, 0
L 12.1549, -272.5574, -27.9990,  19.1250, -294.1833, -27.9990,  0, 0, 0
L 19.1250, -265.1296, -27.9990,  12.1549, -272.5574, -27.9990,  0, 0, 0
L 19.1250, -259.6828, -27.9990,  19.1250, -265.1296, -27.9990,  0, 0, 0
L 13.2234, -253.7812, -27.9990,  19.1250, -259.6828, -27.9990,  0, 0, 0
L 7.7767, -253.7812, -27.9990,  13.2234, -253.7812, -27.9990,  0, 0, 0
L 1.8749, -259.6830, -27.9990,  7.7767, -253.7812, -27.9990,  0, 0, 0
L 1.8750, -265.1296, -27.9990,  1.8749, -259.6830, -27.9990,  0, 0, 0
L 8.5107, -274.0168, -27.9990,  1.8750, -265.1296, -27.9990,  0, 0, 0
L 0.3810, -281.7109, -27.9990,  8.5107, -274.0168, -27.9990,  0, 0, 0
L -15.4643, -281.0461, -27.9990,  0.3810, -281.7109, -27.9990,  0, 0, 0
L -15.8750, -274.0651, -27.9990,  -15.4643, -281.0461, -27.9990,  0, 0, 0
L -29.4349, -267.7754, -27.9990,  -15.8750, -274.0651, -27.9990,  0, 0, 0
L -35.7766, -260.7813, -27.9990,  -29.4349, -267.7754, -27.9990,  0, 0, 0
L -41.1922, -260.7813, -27.9990,  -35.7766, -260.7813, -27.9990,  0, 0, 0
L -48.9991, -267.7803, -27.9990,  -41.1922, -260.7813, -27.9990,  0, 0, 0
L -61.8111, -267.7812, -27.9990,  -48.9991, -267.7803, -27.9990,  0, 0, 0
L -68.0938, -280.9576, -27.9990,  -61.8111, -267.7812, -27.9990,  0, 0, 0
L -68.0938, -293.0984, -27.9990,  -68.0938, -280.9576, -27.9990,  0, 0, 0
L -53.8277, -306.9576, -27.9990,  -68.0938, -293.0984, -27.9990,  0, 0, 0
L -69.6496, -323.7226, -26.3797,  -53.8277, -306.9576, -27.9990,  0, 0, 0
L -101.5294, -326.1353, -19.9990,  -69.6496, -323.7226, -26.3797,  0, 0, 0
L -100.1244, -318.4128, -19.9990,  -101.5294, -326.1353, -19.9990,  0, 0, 0
L -104.5940, -312.1445, -19.9990,  -100.1244, -318.4128, -19.9990,  0, 0, 0
L -113.3810, -315.6555, -19.9990,  -104.5940, -312.1445, -19.9990,  0, 0, 0
L -114.6106, -315.7500, -19.9990,  -113.3810, -315.6555, -19.9990,  0, 0, 0
L -116.0053, -320.0000, -19.9990,  -114.6106, -315.7500, -19.9990,  0, 0, 0
L -116.2092, -325.7500, -19.9990,  -116.0053, -320.0000, -19.9990,  0, 0, 0
L -121.1608, -325.7500, -19.9990,  -116.2092, -325.7500, -19.9990,  0, 0, 0
L -122.0625, -326.6516, -19.9990,  -121.1608, -325.7500, -19.9990,  0, 0, 0
L -122.0625, -331.0983, -19.9990,  -122.0625, -326.6516, -19.9990,  0, 0, 0
L -121.1608, -332.0000, -19.9990,  -122.0625, -331.0983, -19.9990,  0, 0, 0
L -116.7453, -332.0000, -19.9990,  -121.1608, -332.0000, -19.9990,  0, 0, 0
L -115.3491, -330.6037, -19.9990,  -116.7453, -332.0000, -19.9990,  0, 0, 0
L -110.0937, -333.0983, -19.9990,  -115.3491, -330.6037, -19.9990,  0, 0, 0
L -108.8580, -334.3340, -19.9990,  -110.0937, -333.0983, -19.9990,  0, 0, 0
L -105.5261, -336.0000, -19.9990,  -108.8580, -334.3340, -19.9990,  0, 0, 0
L -104.4114, -336.0000, -19.9990,  -105.5261, -336.0000, -19.9990,  0, 0, 0
L -99.7161, -334.0000, -20.0350,  -104.4114, -336.0000, -19.9990,  0, 0, 0
L -68.7683, -334.4347, -27.9990,  -99.7161, -334.0000, -20.0350,  0, 0, 0
L -53.4538, -349.5986, -27.9990,  -68.7683, -334.4347, -27.9990,  0, 0, 0
L -54.0938, -363.0671, -27.9990,  -53.4538, -349.5986, -27.9990,  0, 0, 0
L -41.1921, -375.9688, -27.9990,  -54.0938, -363.0671, -27.9990,  0, 0, 0
L -27.5202, -376.0311, -27.9990,  -41.1921, -375.9688, -27.9990,  0, 0, 0
L -26.7855, -393.2811, -41.9677,  -27.5202, -376.0311, -27.9990,  0, 0, 0
L -41.5902, -408.3478, -41.9677,  -26.7855, -393.2811, -41.9677,  0, 0, 0
L -55.1918, -407.7187, -41.9677,  -41.5902, -408.3478, -41.9677,  0, 0, 0
L -68.8562, -421.3531, -41.9677,  -55.1918, -407.7187, -41.9677,  0, 0, 0
L -99.3613, -390.5877, -41.9677,  -68.8562, -421.3531, -41.9677,  0, 0, 0
L -84.7452, -389.9688, -41.9677,  -99.3613, -390.5877, -41.9677,  0, 0, 0
L -71.8437, -377.0671, -41.9677,  -84.7452, -389.9688, -41.9677,  0, 0, 0
L -71.8437, -364.6216, -41.9677,  -71.8437, -377.0671, -41.9677,  0, 0, 0
L -84.3384, -352.1548, -41.9677,  -71.8437, -364.6216, -41.9677,  0, 0, 0
L -113.8467, -364.3695, -41.9677,  -84.3384, -352.1548, -41.9677,  0, 0, 0
L -113.8437, -351.7500, -41.9677,  -113.8467, -364.3695, -41.9677,  0, 0, 0
L -124.0625, -351.7500, -41.9677,  -113.8437, -351.7500, -41.9677,  0, 0, 0
L -124.0625, -377.0683, -41.9677,  -124.0625, -351.7500, -41.9677,  0, 0, 0
L -111.0733, -389.9156, -41.9677,  -124.0625, -377.0683, -41.9677,  0, 0, 0
L -110.7311, -407.2522, -41.9677,  -111.0733, -389.9156, -41.9677,  0, 0, 0
L -127.0286, -407.3945, -41.9677,  -110.7311, -407.2522, -41.9677,  0, 0, 0
L -155.0314, -393.6429, -41.9677,  -127.0286, -407.3945, -41.9677,  0, 0, 0
L -169.0876, -379.3453, -41.9677,  -155.0314, -393.6429, -41.9677,  0, 0, 0
L -169.4074, -348.0663, -41.9677,  -169.0876, -379.3453, -41.9677,  0, 0, 0
L -156.9667, -348.0000, -41.9677,  -169.4074, -348.0663, -41.9677,  0, 0, 0
L -169.5457, -323.1259, -41.9677,  -156.9667, -348.0000, -41.9677,  0, 0, 0
L -169.8125, -295.7500, -41.9677,  -169.5457, -323.1259, -41.9677,  0, 0, 0
L -192.8054, -295.7501, -41.9677,  -169.8125, -295.7500, -41.9677,  0, 0, 0
L -210.6829, -281.7500, -41.9677,  -192.8054, -295.7501, -41.9677,  0, 0, 0
L -223.1296, -281.7500, -41.9677,  -210.6829, -281.7500, -41.9677,  0, 0, 0
L -236.0313, -294.6516, -41.9677,  -223.1296, -281.7500, -41.9677,  0, 0, 0
L -236.0313, -307.0983, -41.9677,  -236.0313, -294.6516, -41.9677,  0, 0, 0
L -223.1296, -320.0000, -41.9677,  -236.0313, -307.0983, -41.9677,  0, 0, 0
L 236.0313, -952.3981, -108.8427,  209.1296, -925.4999, -108.8427,  0, 0, 0
L 209.1296, -925.4999, -108.8427,  206.6671, -928.6319, -108.8417,  0, 0, 0
L 206.6671, -928.6319, -108.8417,  195.1152, -929.4108, -108.8427,  0, 0, 0
L 195.1152, -929.4108, -108.8427,  183.8125, -952.0667, -108.8427,  0, 0, 0
L 183.8125, -952.0667, -108.8427,  183.8123, -964.8482, -108.8427,  0, 0, 0
L 183.8123, -964.8482, -108.8427,  197.8930, -979.6574, -108.8427,  0, 0, 0
L 197.8930, -979.6574, -108.8427,  167.4154, -995.3945, -108.8427,  0, 0, 0
L 167.4154, -995.3945, -108.8427,  138.0995, -951.2539, -108.8427,  0, 0, 0
L 138.0995, -951.2539, -108.8427,  165.6559, -923.2549, -108.8427,  0, 0, 0
L 165.6559, -923.2549, -108.8427,  146.3118, -884.5884, -108.8427,  0, 0, 0
L 146.3118, -884.5884, -108.8427,  124.6567, -862.1041, -108.8427,  0, 0, 0
L 124.6567, -862.1041, -108.8427,  79.9286, -839.4177, -108.8427,  0, 0, 0
L 79.9286, -839.4177, -108.8427,  13.4810, -799.5624, -108.8427,  0, 0, 0
L 13.4810, -799.5624, -108.8427,  -27.5577, -799.5624, -108.8427,  0, 0, 0
L -27.5577, -799.5624, -108.8427,  -61.2119, -816.3802, -108.8427,  0, 0, 0
L -61.2119, -816.3802, -108.8427,  -66.1299, -829.9413, -106.0225,  0, 0, 0
L -66.1299, -829.9413, -106.0225,  -77.4034, -839.4069, -99.6628,  0, 0, 0
L -79.4967, -841.5906, -80.8427,  -101.5393, -845.8784, -80.8427,  0, 0, 0
L -101.5393, -845.8784, -80.8427,  -124.8168, -869.1594, -80.8427,  0, 0, 0
L -124.8168, -869.1594, -80.8427,  -181.2736, -883.4230, -80.8427,  0, 0, 0
L -181.2736, -883.4230, -80.8427,  -222.8701, -897.2871, -80.8427,  0, 0, 0
L -222.8701, -897.2871, -80.8427,  -251.1295, -897.5312, -80.8427,  0, 0, 0
L -251.1295, -897.5312, -80.8427,  -254.3655, -900.7671, -80.8426,  0, 0, 0
L -254.3655, -900.7671, -80.8426,  -251.9800, -910.3990, -80.8427,  0, 0, 0
L -251.9800, -910.3990, -80.8427,  -268.5025, -914.9041, -80.8427,  0, 0, 0
L -268.5025, -914.9041, -80.8427,  -290.9325, -937.3341, -80.8427,  0, 0, 0
L -290.9325, -937.3341, -80.8427,  -250.0802, -966.0508, -80.8427,  0, 0, 0
L -250.0802, -966.0508, -80.8427,  -278.0000, -994.3694, -80.8427,  0, 0, 0
L -278.0000, -994.3694, -80.8427,  -278.0000, -1006.4355, -80.8427,  0, 0, 0
L -278.0000, -1006.4355, -80.8427,  -254.9838, -1017.9565, -80.8427,  0, 0, 0
L -254.9838, -1017.9565, -80.8427,  -239.8585, -1019.7188, -80.8350,  0, 0, 0
L -239.8585, -1019.7188, -80.8350,  -238.6829, -1019.7188, -80.8427,  0, 0, 0
L -238.6829, -1019.7188, -80.8427,  -225.7812, -1006.8171, -80.8427,  0, 0, 0
L -225.7812, -1006.8171, -80.8427,  -226.7578, -992.0831, -80.8427,  0, 0, 0
L -226.7578, -992.0831, -80.8427,  -233.0483, -979.5043, -80.8427,  0, 0, 0
L -233.0483, -979.5043, -80.8427,  -239.7706, -965.8241, -80.8427,  0, 0, 0
L -239.7706, -965.8241, -80.8427,  -225.5195, -922.6694, -80.8427,  0, 0, 0
L -225.5195, -922.6694, -80.8427,  -223.4519, -921.7500, -80.8427,  0, 0, 0
L -223.4519, -921.7500, -80.8427,  -218.3050, -909.3326, -80.8427,  0, 0, 0
L -218.3050, -909.3326, -80.8427,  -208.6038, -911.6152, -80.8427,  0, 0, 0
L -208.6038, -911.6152, -80.8427,  -200.6037, -926.1488, -80.8427,  0, 0, 0
L -200.6037, -926.1488, -80.8427,  -208.0313, -933.2523, -80.8427,  0, 0, 0
L -208.0313, -933.2523, -80.8427,  -208.0313, -977.7187, -80.8427,  0, 0, 0
L -208.0313, -977.7187, -80.8427,  -195.6118, -977.6740, -80.8427,  0, 0, 0
L -195.6118, -977.6740, -80.8427,  -180.7775, -1005.7188, -80.8427,  0, 0, 0
L -180.7775, -1005.7188, -80.8427,  -176.5394, -995.9954, -80.8427,  0, 0, 0
L -176.5394, -995.9954, -80.8427,  -166.2413, -991.4724, -76.3625,  0, 0, 0
L -166.2413, -991.4724, -76.3625,  -151.6328, -1000.7137, -80.8427,  0, 0, 0
L -151.6328, -1000.7137, -80.8427,  -152.8931, -1006.0364, -80.8427,  0, 0, 0
L -152.8931, -1006.0364, -80.8427,  -124.2315, -1034.7531, -80.8427,  0, 0, 0
L -124.2315, -1034.7531, -80.8427,  -124.0625, -1049.0264, -80.8427,  0, 0, 0
L -124.0625, -1049.0264, -80.8427,  -96.9651, -1089.6875, -80.8427,  0, 0, 0
L -96.9651, -1089.6875, -80.8427,  -54.5035, -1090.3925, -80.8427,  0, 0, 0
L -54.5035, -1090.3925, -80.8427,  -40.8099, -1117.6875, -80.8427,  0, 0, 0
L -40.8099, -1117.6875, -80.8427,  19.4551, -1117.2231, -80.8427,  0, 0, 0
L 19.4551, -1117.2231, -80.8427,  29.1739, -1115.7343, -80.8427,  0, 0, 0
L 29.1739, -1115.7343, -80.8427,  58.1463, -1090.1147, -80.8427,  127, 127, 127
L 58.1463, -1090.1147, -80.8427,  83.1767, -1090.5669, -80.8427,  127, 127, 127
L 83.1767, -1090.5669, -80.8427,  122.7806, -1127.7227, -80.8427,  127, 127, 127
L 122.7806, -1127.7227, -80.8427,  133.4711, -1131.6525, -80.8427,  127, 127, 127
L 133.4711, -1131.6525, -80.8427,  184.4995, -1135.4021, -80.8427,  0, 0, 0
L 184.4995, -1135.4021, -80.8427,  170.9711, -1159.6563, -80.8427,  0, 0, 0
L 170.9711, -1159.6563, -80.8427,  181.8302, -1159.4880, -80.8427,  0, 0, 0
L 181.8302, -1159.4880, -80.8427,  207.4681, -1146.6549, -80.8427,  0, 0, 0
L 221.2618, -1106.6565, -80.8427,  179.6094, -1091.5731, -80.8427,  0, 0, 0
L 179.6094, -1091.5731, -80.8427,  180.0625, -1044.2068, -80.8427,  0, 0, 0
L 180.0625, -1044.2068, -80.8427,  169.9936, -1045.9851, -80.8427,  0, 0, 0
L 169.9936, -1045.9851, -80.8427,  164.6117, -1037.4686, -80.8427,  0, 0, 0
L 164.6117, -1037.4686, -80.8427,  125.2465, -1037.5277, -80.8427,  0, 0, 0
L 125.2465, -1037.5277, -80.8427,  96.8587, -995.3096, -80.8427,  0, 0, 0
L 96.8587, -995.3096, -80.8427,  13.1711, -981.2756, -80.8427,  0, 0, 0
L 13.1711, -981.2756, -80.8427,  -15.0031, -939.4999, -80.8427,  0, 0, 0
L -15.0031, -939.4999, -80.8427,  -69.5259, -939.4999, -80.8427,  0, 0, 0
L -69.5259, -939.4999, -80.8427,  -125.6722, -967.4811, -80.8427,  0, 0, 0
L -125.6722, -967.4811, -80.8427,  -154.2676, -967.4707, -80.8427,  0, 0, 0
L -154.2676, -967.4707, -80.8427,  -169.9621, -921.3216, -80.8427,  0, 0, 0
L -169.9621, -921.3216, -80.8427,  -154.4287, -907.8154, -80.8427,  0, 0, 0
L -154.4287, -907.8154, -80.8427,  -39.5050, -907.7474, -80.8427,  0, 0, 0
L -39.5050, -907.7474, -80.8427,  -32.8335, -901.0396, -80.8427,  0, 0, 0
L -32.8335, -901.0396, -80.8427,  -43.7900, -868.1021, -80.8427,  0, 0, 0
L -43.7900, -868.1021, -80.8427,  -27.8304, -823.7960, -108.8427,  0, 0, 0
L -27.8304, -823.7960, -108.8427,  0.7766, -851.7813, -108.8427,  0, 0, 0
L 0.7766, -851.7813, -108.8427,  15.8395, -852.9636, -108.8427,  0, 0, 0
L 15.8395, -852.9636, -108.8427,  1.8749, -882.0989, -108.8427,  0, 0, 0
L 1.8749, -882.0989, -108.8427,  1.8750, -909.1824, -108.8427,  0, 0, 0
L 1.8750, -909.1824, -108.8427,  14.1901, -933.8129, -108.8425,  0, 0, 0
L 14.1901, -933.8129, -108.8425,  42.4117, -949.7500, -108.8427,  0, 0, 0
L 42.4117, -949.7500, -108.8427,  113.3030, -950.3076, -108.8427,  0, 0, 0
L 113.3030, -950.3076, -108.8427,  127.5766, -992.5812, -108.8427,  0, 0, 0
L 127.5766, -992.5812, -108.8427,  154.7141, -1019.7188, -108.8427,  0, 0, 0
L 154.7141, -1019.7188, -108.8427,  194.5548, -1019.7188, -108.8427,  0, 0, 0
L 194.5548, -1019.7188, -108.8427,  208.5497, -978.2993, -108.8427,  0, 0, 0
L 208.5497, -978.2993, -108.8427,  236.0312, -964.4650, -108.8427,  0, 0, 0
L 236.0312, -964.4650, -108.8427,  236.0313, -952.4016, -108.8427,  0, 0, 0
L 236.0313, -952.4016, -108.8427,  209.1295, -925.4999, -108.8427,  0, 0, 0
L -27.6678, -823.7595, -108.8427,  -61.4566, -824.1931, -108.8427,  127, 127, 127
L -69.3831, -867.3297, -80.9143,  -43.8343, -867.8439, -80.8427,  127, 127, 127
L -77.4339, -839.3154, -99.7243,  -69.2326, -867.4891, -80.8608,  127, 127, 127
L -80.1216, -841.5322, -80.8427,  -77.3870, -839.4562, -99.6297,  0, 0, 0
L 29.1738, -1115.7341, -80.8427,  70.8131, -1159.6563, -64.9574,  0, 0, 0
L 70.8131, -1159.6563, -64.9574,  102.0677, -1159.3112, -67.2289,  127, 127, 127
L 102.0677, -1159.3112, -67.2289,  114.1949, -1152.8688, -68.3864,  127, 127, 127
L 114.1949, -1152.8688, -68.3864,  133.5457, -1131.6561, -80.8427,  0, 0, 0
L 70.7454, -1159.6561, -65.0360,  73.7200, -1162.6307, -52.4946,  0, 0, 0
L 73.7200, -1162.6307, -52.4946,  108.3261, -1197.2369, -28.9866,  0, 0, 0
L 108.3261, -1197.2369, -28.9866,  120.0923, -1201.3195, -25.7045,  127, 127, 127
L 120.0923, -1201.3195, -25.7045,  124.0625, -1189.9729, -33.9125,  127, 127, 127
L 124.0625, -1189.9729, -33.9125,  110.3779, -1160.5199, -53.7378,  0, 0, 0
L 110.3779, -1160.5199, -53.7378,  113.7355, -1153.7896, -67.8217,  0, 0, 0
L 108.3402, -1197.2511, -28.9770,  113.7659, -1202.9963, -11.0858,  0, 0, 0
L 113.7659, -1202.9963, -11.0858,  113.8437, -1213.8645, -10.8740,  0, 0, 0
L 113.8437, -1213.8645, -10.8740,  121.3872, -1213.4493, -10.8740,  0, 0, 0
L 121.3872, -1213.4493, -10.8740,  126.6619, -1226.4250, -10.8740,  0, 0, 0
L 126.6619, -1226.4250, -10.8740,  116.9980, -1237.3809, -10.8740,  0, 0, 0
L 116.9980, -1237.3809, -10.8740,  127.0973, -1257.6250, -10.8740,  0, 0, 0
L 127.0973, -1257.6250, -10.8740,  139.4948, -1257.6250, -10.8740,  0, 0, 0
L 139.4948, -1257.6250, -10.8740,  150.4751, -1252.1349, -10.8740,  0, 0, 0
L 150.4751, -1252.1349, -10.8740,  155.8174, -1242.2842, -10.8740,  0, 0, 0
L 155.8174, -1242.2842, -10.8740,  166.0625, -1228.7543, -10.8740,  0, 0, 0
L 166.0625, -1228.7543, -10.8740,  166.1196, -1216.1754, -10.8740,  127, 127, 127
L 166.1196, -1216.1754, -10.8740,  180.1187, -1217.0442, -10.8740,  0, 0, 0
L 180.1187, -1217.0442, -10.8740,  197.3108, -1207.7261, -10.8738,  0, 0, 0
L 197.3108, -1207.7261, -10.8738,  191.4450, -1205.4420, -10.8740,  0, 0, 0
L 191.4450, -1205.4420, -10.8740,  208.0313, -1193.2477, -10.8740,  0, 0, 0
L 208.0313, -1193.2477, -10.8740,  208.0313, -1190.3073, -10.8740,  0, 0, 0
L 208.0313, -1190.3073, -10.8740,  180.2524, -1162.3534, -10.8740,  0, 0, 0
L 180.2524, -1162.3534, -10.8740,  169.3939, -1162.7122, -10.8740,  240, 0, 0
L 169.3939, -1162.7122, -10.8740,  140.3379, -1182.1844, -10.8740,  0, 0, 0
L 140.3379, -1182.1844, -10.8740,  126.2373, -1198.0439, -10.8740,  0, 0, 0
L 126.2373, -1198.0439, -10.8740,  126.7142, -1204.0461, -10.7487,  127, 127, 127
L 126.7142, -1204.0461, -10.7487,  113.8437, -1204.0519, -10.8740,  127, 127, 127
L 124.0625, -1189.9729, -33.9125,  126.1353, -1197.7994, -10.8740,  0, 0, 0
L 166.0625, -1229.7566, -10.8740,  169.8124, -1244.3417, 7.0914,  0, 0, 0
L 169.8124, -1244.3417, 7.0914,  197.7694, -1259.2892, 17.0970,  0, 0, 0
L 197.7694, -1259.2892, 17.0970,  197.7810, -1285.6250, 17.1260,  0, 0, 0
L 197.7810, -1285.6250, 17.1260,  209.1296, -1285.6250, 17.1260,  0, 0, 0
L 209.1296, -1285.6250, 17.1260,  224.0439, -1271.6249, 17.1260,  0, 0, 0
L 224.0439, -1271.6249, 17.1260,  236.0312, -1271.6250, 17.1260,  0, 0, 0
L 236.0312, -1271.6250, 17.1260,  236.0313, -1232.1852, 17.1260,  0, 0, 0
L 236.0313, -1232.1852, 17.1260,  236.0553, -1161.2085, 59.1500,  0, 0, 0
L 236.0553, -1161.2085, 59.1500,  250.0313, -1146.7545, 59.0947,  0, 0, 0
L 250.0313, -1146.7545, 59.0947,  250.0313, -1092.9580, 59.0947,  0, 0, 0
L 250.0313, -1092.9580, 59.0947,  225.7812, -1093.1914, 59.0947,  127, 0, 0
L 225.7812, -1093.1914, 59.0947,  225.4988, -1106.5698, 59.0947,  0, 0, 0
L 225.4988, -1106.5698, 59.0947,  211.6320, -1134.2725, 59.0947,  0, 0, 0
L 211.6320, -1134.2725, 59.0947,  211.3912, -1145.5690, 59.0947,  240, 0, 0
L 211.3912, -1145.5690, 59.0947,  225.7226, -1160.8655, 59.0947,  0, 0, 0
L 225.7226, -1160.8655, 59.0947,  224.7880, -1233.1547, 17.1260,  0, 0, 0
L 224.7880, -1233.1547, 17.1260,  179.7810, -1217.0697, -10.8740,  0, 0, 0
L 210.8867, -1259.4064, 17.1260,  225.2704, -1244.0214, 17.1260,  127, 127, 127
L 225.2704, -1244.0214, 17.1260,  225.1772, -1232.8785, 17.1260,  127, 127, 127
L 250.0313, -1094.5676, 59.0947,  250.0313, -1089.6875, 17.1260,  0, 0, 0
L 250.0313, -1089.6875, 17.1260,  250.0313, -1077.7736, 17.1260,  0, 0, 0
L 250.0313, -1077.7736, 17.1260,  225.7812, -1078.0472, 17.1260,  127, 0, 0
L 225.7812, -1078.0472, 17.1260,  225.7810, -1089.6875, 17.1260,  0, 0, 0
L 225.7810, -1089.6875, 17.1260,  250.0312, -1089.6875, 17.1260,  0, 127, 0
L 250.0313, -1079.8468, 17.1260,  250.0312, -1075.6875, 3.1260,  0, 0, 0
L -86.4322, -972.1088, -80.8426,  -86.4421, -966.1331, -80.8427,  0, 0, 0
L -86.4421, -966.1331, -80.8427,  -80.7682, -960.6997, -80.8427,  0, 0, 0
L -80.7682, -960.6997, -80.8427,  -72.7530, -958.8615, -80.8427,  0, 0, 0
L -72.7530, -958.8615, -80.8427,  -66.0279, -965.3505, -80.8427,  0, 0, 0
L -66.0279, -965.3505, -80.8427,  -64.5721, -978.7575, -80.8427,  0, 0, 0
L -64.5721, -978.7575, -80.8427,  -74.7609, -983.9410, -80.8427,  0, 0, 0
L -74.7609, -983.9410, -80.8427,  -85.1542, -980.2906, -80.8427,  0, 0, 0
L -85.1542, -980.2906, -80.8427,  -86.4474, -971.2000, -80.8426,  0, 0, 0
L -86.4474, -971.2000, -80.8426,  -86.5104, -967.4390, -80.8426,  0, 0, 0
L -49.0946, -1058.1438, -80.8427,  -39.0985, -1049.9169, -80.8427,  0, 0, 0
L -39.0985, -1049.9169, -80.8427,  -29.9314, -1058.0583, -80.8427,  0, 0, 0
L -29.9314, -1058.0583, -80.8427,  -26.9362, -1069.9841, -80.8427,  0, 0, 0
L -26.9362, -1069.9841, -80.8427,  -39.3963, -1076.8438, -80.8427,  0, 0, 0
L -39.3963, -1076.8438, -80.8427,  -46.3793, -1074.1052, -80.8427,  0, 0, 0
L -46.3793, -1074.1052, -80.8427,  -49.5307, -1058.1765, -80.8427,  0, 0, 0
L -49.5307, -1058.1765, -80.8427,  -44.7741, -1052.7635, -80.8427,  0, 0, 0
L 225.7812, -1093.2783, 59.0947,  225.7812, -1089.6875, 17.1260,  0, 0, 0
L 225.7812, -1080.0067, 17.1260,  225.7812, -1075.6875, 3.1260,  0, 0, 0
L 170.9709, -1159.6563, -80.8427,  168.5178, -1163.3978, -10.8740,  0, 0, 0
L 180.3864, -1162.6799, -10.8740,  181.4942, -1159.6563, -80.8427,  0, 0, 0
L 207.4686, -1146.6547, -80.8219,  208.0332, -1133.4802, -80.8427,  0, 0, 0
L 208.0294, -1146.3739, -77.8692,  211.6691, -1145.8800, 59.0947,  0, 0, 0
L 208.0313, -1134.5978, -80.8427,  221.2609, -1106.6584, -80.8427,  0, 0, 0
L 211.6945, -1134.1476, 59.0947,  208.0313, -1134.5470, -80.8427,  0, 0, 0
