L 45, -508, 0, 44, -507, 1, 0, 0, 0
L 46, -509, 0, 43, -506, 1, 0, 0, 0
L 43, -506, 0, 43, -504, 1, 0, 0, 0
L 43, -504, 0, 43, -504, 1, 0, 0, 0
L 43, -504, 0, 42, -502, 1, 0, 0, 0
L 42, -502, 0, 41, -501, 1, 0, 0, 0
L 41, -501, 0, 40, -501, 1, 0, 0, 0
L 40, -501, 0, 39, -500, 1, 0, 0, 0
L 39, -500, 0, 31, -492, 1, 0, 0, 0
L 31, -492, 0, 30, -491, 1, 0, 0, 0
L 30, -491, 0, 29, -491, 1, 0, 0, 0
L 29, -491, 0, 28, -490, 1, 0, 0, 0
L 28, -490, 0, 26, -489, 1, 0, 0, 0
L 26, -489, 0, 26, -488, 1, 0, 0, 0
L 26, -488, 0, 26, -446, 1, 0, 0, 0
L 26, -446, 0, 26, -445, 1, 0, 0, 0
L 26, -445, 0, 24, -444, 1, 0, 0, 0
L 24, -444, 0, 23, -443, 1, 0, 0, 0
L 23, -443, 0, 18, -438, 1, 0, 0, 0
L 18, -438, 0, 17, -437, 1, 0, 0, 0
L 17, -437, 0, 17, -435, 1, 0, 0, 0
L 17, -435, 0, 16, -432, 1, 0, 0, 0
L 16, -432, 0, 15, -431, 1, 0, 0, 0
L 15, -431, 0, 14, -430, 1, 0, 0, 0
L 14, -430, 0, 13, -428, 1, 0, 0, 0
L 13, -428, 0, 12, -426, 1, 0, 0, 0
L 12, -426, 0, 10, -422, 1, 0, 0, 0
L 10, -422, 0, 9, -421, 1, 0, 0, 0
L 9, -421, 0, 9, -420, 1, 0, 0, 0
L 9, -420, 1, 8, -418, 1, 0, 0, 0
L 8, -418, 1, 8, -417, 1, 0, 0, 0
L 8, -417, 1, 5, -414, 1, 0, 0, 0
L 5, -414, 0, 4, -414, 1, 0, 0, 0
L 4, -414, 0, 2, -414, 1, 0, 0, 0
L 2, -414, 0, 2, -412, 1, 0, 0, 0
L 2, -412, 0, 3, -394, 1, 0, 0, 0
L 3, -394, 0, 4, -394, 1, 0, 0, 0
L 4, -394, 0, 6, -394, 1, 0, 0, 0
L 6, -394, 0, 7, -395, 1, 0, 0, 0
L 7, -395, 0, 9, -396, 1, 0, 0, 0
L 9, -396, 0, 9, -396, 1, 0, 0, 0
L 9, -396, 0, 11, -396, 1, 0, 0, 0
L 11, -396, 0, 24, -396, 1, 0, 0, 0
L 24, -396, 0, 26, -395, 1, 0, 0, 0
L 26, -395, 0, 29, -394, 1, 0, 0, 0
L 29, -394, 0, 30, -395, 1, 0, 0, 0
L 30, -395, 0, 32, -395, 1, 0, 0, 0
L 32, -395, 0, 34, -394, 1, 0, 0, 0
L 34, -394, 0, 34, -392, 1, 0, 0, 0
L 34, -392, 0, 34, -380, 1, 0, 0, 0
L 34, -380, 0, 33, -379, 1, 0, 0, 0
L 33, -379, 0, 32, -379, 1, 0, 0, 0
L 32, -379, 0, 27, -379, 1, 0, 0, 0
L 27, -379, 0, 27, -381, 1, 0, 0, 0
L 27, -381, 0, 28, -383, 1, 0, 0, 0
L 28, -383, 0, 29, -385, 1, 0, 0, 0
L 29, -385, 1, 28, -385, 1, 0, 0, 0
L 28, -385, 1, 27, -385, 2, 0, 0, 0
L 27, -385, 2, 18, -385, 2, 0, 0, 0
L 18, -385, 2, 18, -383, 1, 0, 0, 0
L 18, -383, 1, 16, -381, 1, 0, 0, 0
L 16, -381, 0, 15, -380, 1, 0, 0, 0
L 15, -380, 0, 14, -380, 1, 0, 0, 0
L 14, -380, 0, 12, -379, 1, 0, 0, 0
L 12, -379, 0, 10, -379, 1, 0, 0, 0
L 10, -379, 0, 9, -380, 1, 0, 0, 0
L 9, -380, 0, 8, -382, 1, 0, 0, 0
L 8, -382, 0, 8, -383, 1, 0, 0, 0
L 8, -383, 0, 7, -384, 1, 0, 0, 0
L 7, -384, 0, 6, -385, 1, 0, 0, 0
L 6, -385, 0, 5, -385, 1, 0, 0, 0
L 5, -385, 0, 1, -385, 1, 0, 0, 0
L 1, -385, 0, 1, -384, 1, 0, 0, 0
L 1, -384, 0, 0, -383, 1, 0, 0, 0
L 0, -383, 0, 0, -383, 1, 0, 0, 0
L 0, -383, 0, -6, -383, 1, 0, 0, 0
L -6, -383, 0, -8, -383, 1, 0, 0, 0
L -8, -383, 0, -9, -383, 1, 0, 0, 0
L -9, -383, 0, -15, -383, 2, 0, 0, 0
L -15, -383, 2, -17, -384, 2, 0, 0, 0
L -17, -384, 2, -20, -384, 1, 0, 0, 0
L -20, -384, 1, -22, -385, 1, 0, 0, 0
L -22, -385, 1, -22, -383, 1, 0, 0, 0
L -22, -383, 0, -23, -382, 1, 0, 0, 0
L -23, -382, 0, -24, -380, 1, 0, 0, 0
L -24, -380, 0, -24, -380, 1, 0, 0, 0
L -24, -380, 0, -27, -378, 1, 0, 0, 0
L -27, -378, 0, -29, -379, 1, 0, 0, 0
L -29, -379, 0, -30, -380, 1, 0, 0, 0
L -30, -380, 0, -31, -381, 1, 0, 0, 0
L -31, -381, 0, -32, -383, 1, 0, 0, 0
L -32, -383, 0, -32, -384, 1, 0, 0, 0
L -32, -384, 0, -34, -385, 1, 0, 0, 0
L -34, -385, 0, -36, -385, 1, 0, 0, 0
L -36, -385, 0, -52, -385, 4, 0, 0, 0
L -52, -385, 4, -52, -384, 4, 0, 0, 0
L -52, -384, 4, -52, -366, 1, 0, 0, 0
L -52, -366, 0, -50, -365, 1, 0, 0, 0
L -50, -365, 0, -48, -364, 1, 0, 0, 0
L -48, -364, 0, -47, -363, 1, 0, 0, 0
L -47, -363, 0, -46, -362, 1, 0, 0, 0
L -46, -362, 0, -46, -361, 1, 0, 0, 0
L -46, -361, 0, -46, -358, 1, 0, 0, 0
L -46, -358, 0, -47, -356, 1, 0, 0, 0
L -47, -356, 0, -49, -355, 1, 0, 0, 0
L -49, -355, 0, -50, -355, 1, 0, 0, 0
L -50, -355, 0, -52, -354, 1, 0, 0, 0
L -52, -354, 0, -50, -353, 1, 0, 0, 0
L -50, -353, 0, -49, -352, 1, 0, 0, 0
L -49, -352, 0, -49, -351, 1, 0, 0, 0
L -49, -351, 0, -49, -328, 1, 0, 0, 0
L -49, -328, 0, -50, -327, 1, 0, 0, 0
L -50, -327, 0, -52, -326, 1, 0, 0, 0
L -52, -326, 0, -50, -325, 1, 0, 0, 0
L -50, -325, 0, -47, -324, 1, 0, 0, 0
L -47, -324, 0, -46, -323, 1, 0, 0, 0
L -46, -323, 0, -46, -321, 1, 0, 0, 0
L -46, -321, 0, -45, -319, 1, 0, 0, 0
L -45, -319, 0, -46, -318, 1, 0, 0, 0
L -46, -318, 0, -48, -316, 1, 0, 0, 0
L -48, -316, 0, -51, -315, 1, 0, 0, 0
L -51, -315, 0, -51, -314, 1, 0, 0, 0
L -51, -314, 0, -51, -311, 1, 0, 0, 0
L -51, -311, 0, -52, -309, 1, 0, 0, 0
L -52, -309, 0, -50, -308, 1, 0, 0, 0
L -50, -308, 0, -49, -307, 1, 0, 0, 0
L -49, -307, 0, -49, -307, 1, 0, 0, 0
L -49, -307, 0, -49, -284, 1, 0, 0, 0
L -49, -284, 0, -50, -283, 1, 0, 0, 0
L -50, -283, 0, -51, -282, 1, 0, 0, 0
L -51, -282, 0, -52, -281, 1, 0, 0, 0
L -52, -281, 0, -52, -280, 1, 0, 0, 0
L -52, -280, 0, -52, -279, 1, 0, 0, 0
L -52, -279, 0, -51, -278, 1, 0, 0, 0
L -51, -278, 0, -51, -276, 1, 0, 0, 0
L -51, -276, 0, -49, -276, 1, 0, 0, 0
L -49, -276, 0, -48, -275, 1, 0, 0, 0
L -48, -275, 0, -47, -273, 1, 0, 0, 0
L -47, -273, 1, -46, -272, 1, 0, 0, 0
L -46, -272, 0, -46, -271, 1, 0, 0, 0
L -46, -271, 0, -46, -269, 1, 0, 0, 0
L -46, -269, 0, -47, -268, 1, 0, 0, 0
L -47, -268, 1, -48, -267, 1, 0, 0, 0
L -48, -267, 0, -50, -266, 1, 0, 0, 0
L -50, -266, 0, -51, -265, 1, 0, 0, 0
L -51, -265, 0, -52, -264, 1, 0, 0, 0
L -52, -264, 0, -52, -262, 1, 0, 0, 0
L -52, -262, 0, -50, -261, 1, 0, 0, 0
L -50, -261, 0, -49, -260, 1, 0, 0, 0
L -49, -260, 0, -49, -259, 1, 0, 0, 0
L -49, -259, 0, -49, -245, 1, 0, 0, 0
L -49, -245, 0, -49, -244, 1, 0, 0, 0
L -49, -244, 0, -49, -243, 1, 0, 0, 0
L -49, -243, 0, -48, -241, 1, 0, 0, 0
L -48, -241, 0, -48, -234, 1, 0, 0, 0
L -48, -234, 0, -47, -233, 1, 0, 0, 0
L -47, -233, 1, -46, -232, 1, 0, 0, 0
L -46, -232, 0, -46, -230, 1, 0, 0, 0
L -46, -230, 0, -46, -227, 1, 0, 0, 0
L -46, -227, 0, -47, -225, 1, 0, 0, 0
L -47, -225, 0, -49, -225, 1, 0, 0, 0
L -49, -225, 0, -50, -225, 1, 0, 0, 0
L -50, -225, 0, -52, -225, 1, 0, 0, 0
L -52, -225, 0, -52, -223, 1, 0, 0, 0
L -52, -223, 0, -51, -206, 8, 0, 0, 0
L -51, -206, 8, -50, -206, 8, 0, 0, 0
L -50, -206, 8, -48, -206, 7, 0, 0, 0
L -48, -206, 7, -32, -206, 1, 0, 0, 0
L -32, -206, 0, -32, -207, 1, 0, 0, 0
L -32, -207, 0, -32, -210, 1, 0, 0, 0
L -32, -210, 0, -32, -210, 1, 0, 0, 0
L -32, -210, 0, -30, -211, 1, 0, 0, 0
L -30, -211, 0, -27, -212, 1, 0, 0, 0
L -27, -212, 0, -26, -212, 1, 0, 0, 0
L -26, -212, 0, -25, -211, 1, 0, 0, 0
L -25, -211, 0, -23, -210, 1, 0, 0, 0
L -23, -210, 0, -20, -208, 1, 0, 0, 0
L -20, -208, 0, -18, -208, 1, 0, 0, 0
L -18, -208, 0, -14, -208, 1, 0, 0, 0
L -14, -208, 0, -12, -208, 1, 0, 0, 0
L -12, -208, 0, -4, -209, 1, 0, 0, 0
L -4, -209, 0, 5, -209, 1, 0, 0, 0
L 5, -209, 0, 7, -209, 1, 0, 0, 0
L 7, -209, 0, 9, -210, 1, 0, 0, 0
L 9, -210, 0, 10, -212, 1, 0, 0, 0
L 10, -212, 0, 12, -212, 1, 0, 0, 0
L 12, -212, 0, 15, -213, 1, 0, 0, 0
L 15, -213, 0, 21, -213, 1, 0, 0, 0
L 21, -213, 0, 22, -213, 1, 0, 0, 0
L 22, -213, 0, 31, -207, 1, 0, 0, 0
L 31, -207, 0, 33, -208, 1, 0, 0, 0
L 33, -208, 0, 34, -207, 1, 0, 0, 0
L 34, -207, 0, 34, -205, 1, 0, 0, 0
L 34, -205, 0, 34, -197, 1, 0, 0, 0
L 34, -197, 0, 32, -196, 1, 0, 0, 0
L 32, -196, 0, 31, -196, 1, 0, 0, 0
L 31, -196, 0, 30, -196, 1, 0, 0, 0
L 30, -196, 0, 29, -196, 1, 0, 0, 0
L 29, -196, 0, 27, -197, 1, 0, 0, 0
L 27, -197, 0, 25, -197, 1, 0, 0, 0
L 25, -197, 0, 24, -197, 1, 0, 0, 0
L 24, -197, 0, 7, -197, 4, 0, 0, 0
L 7, -197, 4, 5, -197, 6, 0, 0, 0
L 5, -197, 6, 4, -195, 6, 0, 0, 0
L 4, -195, 6, 4, -194, 6, 0, 0, 0
L 4, -194, 6, 5, -167, 1, 0, 0, 0
L 5, -167, 0, 6, -165, 1, 0, 0, 0
L 6, -165, 0, 5, -167, 1, 0, 0, 0
L 5, -167, 0, 6, -165, 1, 0, 0, 0
L 6, -165, 0, 6, -164, 1, 0, 0, 0
L 6, -164, 0, 6, -147, 1, 0, 0, 0
L 6, -147, 0, 5, -146, 1, 0, 0, 0
L 5, -146, 0, 5, -142, 1, 0, 0, 0
L 5, -142, 0, 4, -141, 1, 0, 0, 0
L 4, -141, 0, 5, -117, 4, 0, 0, 0
L 5, -117, 4, 5, -115, 6, 0, 0, 0
L 5, -115, 6, 6, -114, 6, 0, 0, 0
L 6, -114, 6, 8, -114, 5, 0, 0, 0
L 8, -114, 5, 35, -114, 1, 0, 0, 0
L 35, -114, 0, 36, -113, 1, 0, 0, 0
L 36, -113, 0, 37, -112, 1, 0, 0, 0
L 37, -112, 0, 38, -111, 1, 0, 0, 0
L 38, -111, 0, 38, -109, 1, 0, 0, 0
L 38, -109, 0, 37, -108, 1, 0, 0, 0
L 37, -108, 0, 36, -106, 1, 0, 0, 0
L 36, -106, 0, 37, -94, 1, 0, 0, 0
L 37, -94, 0, 37, -93, 1, 0, 0, 0
L 37, -93, 0, 37, -89, 1, 0, 0, 0
L 37, -89, 0, 37, -88, 1, 0, 0, 0
L 37, -88, 0, 38, -84, 1, 0, 0, 0
L 38, -84, 0, 38, -83, 1, 0, 0, 0
L 38, -83, 0, 38, -79, 1, 0, 0, 0
L 38, -79, 0, 38, -78, 1, 0, 0, 0
L 38, -78, 0, 39, -74, 1, 0, 0, 0
L 39, -74, 1, 39, -70, 3, 0, 0, 0
L 39, -70, 3, 40, -69, 3, 0, 0, 0
L 40, -69, 3, 40, -68, 4, 0, 0, 0
L 40, -68, 4, 41, -67, 4, 0, 0, 0
L 41, -67, 4, 42, -66, 3, 0, 0, 0
L 42, -66, 3, 44, -66, 2, 0, 0, 0
L 44, -66, 2, 62, -66, 1, 0, 0, 0
L 62, -66, 0, 63, -67, 1, 0, 0, 0
L 63, -67, 0, 65, -67, 1, 0, 0, 0
L 65, -67, 0, 67, -65, 1, 0, 0, 0
L 67, -65, 0, 67, -64, 1, 0, 0, 0
L 67, -64, 0, 66, -52, 1, 0, 0, 0
L 66, -52, 0, 65, -51, 1, 0, 0, 0
L 65, -51, 0, 64, -50, 1, 0, 0, 0
L 64, -50, 0, 62, -51, 1, 0, 0, 0
L 62, -51, 0, 61, -52, 1, 0, 0, 0
L 61, -52, 0, 60, -54, 1, 0, 0, 0
L 60, -54, 0, 60, -56, 1, 0, 0, 0
L 60, -56, 0, 59, -10, 1, 0, 0, 0
L 59, -10, 0, 58, -9, 1, 0, 0, 0
L 58, -9, 0, 57, -9, 1, 0, 0, 0
L 57, -9, 0, 56, -9, 1, 0, 0, 0
L 56, -9, 0, 41, -9, 1, 0, 0, 0
L 41, -9, 0, 21, -9, 1, 0, 0, 0
L 21, -9, 0, 4, -9, 1, 0, 0, 0
L 4, -9, 0, 4, -7, 1, 0, 0, 0
L 4, -7, 0, 5, -6, 1, 0, 0, 0
L 5, -6, 0, 5, -4, 1, 0, 0, 0
L 5, -4, 0, 4, -2, 1, 0, 0, 0
L 4, -2, 0, 2, -2, 1, 0, 0, 0
L 2, -2, 0, -5, -3, 1, 0, 0, 0
L -5, -3, 0, -5, -4, 1, 0, 0, 0
L -5, -4, 0, -5, -7, 1, 0, 0, 0
L -5, -7, 1, -5, -8, 1, 0, 0, 0
L -5, -8, 1, -6, -9, 2, 0, 0, 0
L -6, -9, 2, -127, -9, 5, 0, 0, 0
L -127, -9, 5, -127, -7, 5, 0, 0, 0
L -127, -7, 5, -127, 9, 1, 0, 0, 0
L -127, 9, 0, -126, 9, 1, 0, 0, 0
L -126, 9, 0, -93, 9, 1, 0, 0, 0
L -92, 9, 0, -73, 9, 1, 0, 0, 0
L -73, 9, 0, -72, 8, 1, 0, 0, 0
L -72, 8, 0, -70, 8, 1, 0, 0, 0
L -70, 8, 0, -68, 10, 1, 0, 0, 0
L -68, 10, 0, -68, 10, 1, 0, 0, 0
L -68, 10, 0, -68, 13, 1, 0, 0, 0
L -68, 13, 0, -69, 23, 1, 0, 0, 0
L -69, 23, 0, -69, 22, 1, 0, 0, 0
L -69, 22, 0, -70, 20, 1, 0, 0, 0
L -70, 20, 0, -71, 19, 1, 0, 0, 0
L -71, 19, 0, -73, 19, 1, 0, 0, 0
L -73, 19, 1, -75, 18, 2, 0, 0, 0
L -75, 18, 2, -75, 72, 1, 0, 0, 0
L -75, 72, 0, -74, 73, 1, 0, 0, 0
L -74, 73, 0, -74, 74, 1, 0, 0, 0
L -74, 74, 0, -75, 76, 1, 0, 0, 0
L -75, 76, 0, -76, 77, 1, 0, 0, 0
L -76, 77, 0, -78, 77, 1, 0, 0, 0
L -78, 77, 0, -81, 77, 1, 0, 0, 0
L -81, 77, 0, -88, 77, 1, 0, 0, 0
L -88, 77, 0, -89, 76, 1, 0, 0, 0
L -89, 76, 0, -90, 74, 1, 0, 0, 0
L -90, 74, 0, -89, 73, 1, 0, 0, 0
L -89, 73, 0, -89, 71, 1, 0, 0, 0
L -89, 71, 0, -88, 70, 1, 0, 0, 0
L -88, 70, 0, -88, 70, 1, 0, 0, 0
L -88, 70, 0, -87, 69, 1, 0, 0, 0
L -87, 69, 0, -86, 68, 1, 0, 0, 0
L -86, 68, 0, -85, 67, 1, 0, 0, 0
L -85, 67, 0, -84, 66, 1, 0, 0, 0
L -84, 66, 1, -84, 64, 2, 0, 0, 0
L -84, 64, 2, -84, 62, 2, 0, 0, 0
L -84, 62, 2, -114, 62, 1, 0, 0, 0
L -114, 62, 0, -115, 61, 1, 0, 0, 0
L -115, 61, 0, -116, 60, 1, 0, 0, 0
L -116, 60, 0, -117, 59, 1, 0, 0, 0
L -117, 59, 0, -118, 58, 1, 0, 0, 0
L -118, 58, 0, -118, 57, 1, 0, 0, 0
L -118, 57, 0, -119, 56, 1, 0, 0, 0
L -119, 56, 0, -119, 54, 1, 0, 0, 0
L -119, 54, 0, -118, 53, 1, 0, 0, 0
L -118, 53, 0, -116, 53, 1, 0, 0, 0
L -116, 53, 0, -116, 51, 1, 0, 0, 0
L -116, 51, 0, -116, 49, 1, 0, 0, 0
L -116, 49, 0, -116, 44, 1, 0, 0, 0
L -116, 44, 0, -116, 43, 1, 0, 0, 0
L -116, 43, 0, -117, 40, 1, 0, 0, 0
L -117, 40, 0, -117, 39, 1, 0, 0, 0
L -117, 39, 0, -117, 37, 1, 0, 0, 0
L -117, 37, 0, -118, 35, 1, 0, 0, 0
L -118, 35, 0, -118, 34, 1, 0, 0, 0
L -118, 34, 0, -118, 33, 1, 0, 0, 0
L -118, 33, 0, -119, 32, 1, 0, 0, 0
L -119, 32, 0, -119, 31, 1, 0, 0, 0
L -119, 31, 0, -120, 30, 1, 0, 0, 0
L -120, 30, 0, -122, 30, 1, 0, 0, 0
L -122, 30, 0, -145, 30, 1, 0, 0, 0
L -145, 30, 0, -147, 30, 1, 0, 0, 0
L -147, 30, 0, -148, 30, 1, 0, 0, 0
L -148, 30, 0, -153, 32, 1, 0, 0, 0
L -153, 32, 0, -154, 32, 1, 0, 0, 0
L -154, 32, 0, -156, 33, 1, 0, 0, 0
L -156, 33, 0, -157, 34, 1, 0, 0, 0
L -157, 34, 0, -163, 40, 1, 0, 0, 0
L -163, 40, 0, -178, 56, 1, 0, 0, 0
L -178, 56, 0, -179, 57, 1, 0, 0, 0
L -179, 57, 0, -180, 58, 1, 0, 0, 0
L -180, 58, 0, -181, 59, 1, 0, 0, 0
L -181, 59, 0, -181, 60, 1, 0, 0, 0
L -181, 60, 0, -182, 62, 1, 0, 0, 0
L -182, 62, 0, -183, 63, 1, 0, 0, 0
L -183, 63, 0, -183, 64, 1, 0, 0, 0
L -183, 64, 0, -183, 65, 1, 0, 0, 0
L -183, 65, 0, -183, 72, 1, 0, 0, 0
L -183, 72, 0, -182, 74, 1, 0, 0, 0
L -182, 74, 0, -182, 74, 1, 0, 0, 0
L -183, 89, 0, -183, 97, 1, 0, 0, 0
L -183, 97, 0, -181, 97, 1, 0, 0, 0
L -181, 97, 0, -153, 97, 1, 0, 0, 0
L -153, 97, 0, -151, 99, 1, 0, 0, 0
L -151, 99, 0, -151, 100, 1, 0, 0, 0
L -151, 100, 0, -151, 129, 1, 0, 0, 0
L -151, 129, 0, -149, 129, 1, 0, 0, 0
L -149, 129, 0, -134, 129, 1, 0, 0, 0
L -134, 129, 0, -125, 129, 1, 0, 0, 0
L -125, 129, 0, -116, 129, 1, 0, 0, 0
L -116, 129, 1, -116, 127, 2, 0, 0, 0
L -116, 127, 2, -115, 98, 1, 0, 0, 0
L -115, 98, 0, -114, 97, 1, 0, 0, 0
L -114, 97, 0, -113, 97, 1, 0, 0, 0
L -113, 97, 0, -84, 97, 1, 0, 0, 0
L -84, 97, 0, -84, 95, 1, 0, 0, 0
L -84, 95, 0, -84, 87, 1, 0, 0, 0
L -84, 87, 0, -85, 85, 1, 0, 0, 0
L -85, 85, 0, -85, 83, 1, 0, 0, 0
L -85, 83, 0, -84, 82, 1, 0, 0, 0
L -84, 82, 0, -82, 82, 1, 0, 0, 0
L -82, 82, 0, -81, 82, 1, 0, 0, 0
L -81, 82, 0, -76, 82, 1, 0, 0, 0
L -76, 82, 0, -75, 83, 1, 0, 0, 0
L -75, 83, 0, -73, 84, 1, 0, 0, 0
L -73, 84, 0, -72, 86, 1, 0, 0, 0
L -72, 86, 0, -74, 87, 1, 0, 0, 0
L -74, 87, 0, -75, 88, 1, 0, 0, 0
L -75, 88, 1, -75, 90, 2, 0, 0, 0
L -75, 90, 2, -75, 139, 4, 0, 0, 0
L -75, 139, 4, -75, 140, 5, 0, 0, 0
L -75, 140, 5, -73, 141, 5, 0, 0, 0
L -73, 141, 5, -72, 141, 5, 0, 0, 0
L -72, 141, 5, -70, 141, 4, 0, 0, 0
L -70, 141, 4, -68, 141, 4, 0, 0, 0
L -68, 141, 4, -56, 141, 1, 0, 0, 0
L -56, 141, 0, -56, 140, 1, 0, 0, 0
L -56, 140, 0, -56, 136, 1, 0, 0, 0
L -56, 136, 0, -56, 134, 1, 0, 0, 0
L -56, 134, 0, -57, 133, 1, 0, 0, 0
L -57, 133, 0, -57, 132, 1, 0, 0, 0
L -57, 132, 0, -57, 129, 1, 0, 0, 0
L -57, 129, 0, -58, 127, 1, 0, 0, 0
L -58, 127, 0, -58, 126, 1, 0, 0, 0
L -58, 126, 0, -59, 124, 1, 0, 0, 0
L -59, 124, 0, -58, 118, 1, 0, 0, 0
L -58, 118, 0, -58, 116, 1, 0, 0, 0
L -58, 116, 0, -57, 114, 1, 0, 0, 0
L -57, 114, 0, -57, 113, 1, 0, 0, 0
L -57, 113, 0, -56, 111, 1, 0, 0, 0
L -56, 111, 0, -56, 109, 1, 0, 0, 0
L -56, 109, 0, -56, 87, 1, 0, 0, 0
L -56, 87, 0, -57, 85, 1, 0, 0, 0
L -57, 85, 0, -57, 83, 1, 0, 0, 0
L -57, 83, 0, -56, 82, 1, 0, 0, 0
L -56, 82, 0, -54, 82, 1, 0, 0, 0
L -54, 82, 0, -52, 82, 1, 0, 0, 0
L -52, 82, 0, -51, 82, 1, 0, 0, 0
L -51, 82, 0, -50, 82, 1, 0, 0, 0
L -50, 82, 0, -47, 82, 1, 0, 0, 0
L -47, 82, 0, -45, 82, 1, 0, 0, 0
L -45, 82, 0, -43, 82, 1, 0, 0, 0
L -43, 82, 0, -41, 83, 1, 0, 0, 0
L -41, 83, 0, -41, 85, 1, 0, 0, 0
L -41, 85, 0, -42, 87, 1, 0, 0, 0
L -42, 87, 0, -43, 87, 1, 0, 0, 0
L -43, 87, 0, -45, 87, 1, 0, 0, 0
L -45, 87, 0, -47, 87, 1, 0, 0, 0
L -47, 87, 0, -47, 89, 1, 0, 0, 0
L -47, 89, 0, -47, 90, 1, 0, 0, 0
L -47, 90, 0, -47, 133, 1, 0, 0, 0
L -47, 133, 0, -46, 133, 1, 0, 0, 0
L -46, 133, 0, 2, 133, 4, 0, 0, 0
L 2, 133, 4, 32, 133, 1, 0, 0, 0
L 32, 133, 0, 39, 134, 1, 0, 0, 0
L 39, 134, 0, 40, 135, 1, 0, 0, 0
L 40, 135, 0, 40, 136, 1, 0, 0, 0
L 40, 136, 0, 41, 179, 15, 0, 0, 0
L 41, 179, 15, 43, 178, 15, 0, 0, 0
L 43, 178, 15, 45, 178, 15, 0, 0, 0
L 45, 178, 15, 47, 180, 15, 0, 0, 0
L 47, 180, 15, 47, 195, 15, 0, 0, 0
L 47, 195, 15, 46, 195, 15, 0, 0, 0
L 46, 195, 15, 42, 194, 15, 0, 0, 0
L 42, 194, 15, 40, 192, 15, 0, 0, 0
L 40, 192, 15, 40, 191, 15, 0, 0, 0
L 40, 191, 15, 40, 243, 15, 0, 0, 0
L 40, 243, 15, 39, 244, 15, 0, 0, 0
L 39, 244, 15, -7, 244, 15, 0, 0, 0
L -7, 244, 15, -6, 246, 15, 0, 0, 0
L -6, 246, 15, -6, 248, 15, 0, 0, 0
L -7, 263, 15, 39, 263, 15, 0, 0, 0
L 39, 263, 15, 40, 264, 15, 0, 0, 0
L 40, 264, 15, 41, 319, 15, 0, 0, 0
L 41, 319, 15, 43, 319, 15, 0, 0, 0
L 43, 319, 15, 44, 318, 15, 0, 0, 0
L 44, 318, 15, 48, 318, 15, 0, 0, 0
L 48, 318, 15, 48, 321, 15, 0, 0, 0
L 48, 321, 15, 47, 323, 15, 0, 0, 0
L 47, 323, 15, 47, 328, 15, 0, 0, 0
L 47, 328, 15, 46, 330, 15, 0, 0, 0
L 46, 330, 15, 43, 335, 15, 0, 0, 0
L 43, 335, 15, 42, 336, 15, 0, 0, 0
L 42, 336, 15, 40, 335, 15, 0, 0, 0
L 40, 335, 15, 40, 333, 15, 0, 0, 0
L 40, 333, 15, 41, 385, 15, 0, 0, 0
L 41, 385, 15, 40, 386, 15, 0, 0, 0
L 40, 386, 15, 38, 387, 15, 0, 0, 0
L 38, 387, 15, 28, 387, 15, 0, 0, 0
L 28, 387, 15, 31, 384, 15, 0, 0, 0
L 31, 384, 15, 31, 382, 15, 0, 0, 0
L 31, 382, 15, 32, 381, 15, 0, 0, 0
L 32, 381, 15, 31, 354, 15, 0, 0, 0
L 31, 354, 15, 21, 344, 15, 0, 0, 0
L 21, 344, 15, 20, 344, 15, 0, 0, 0
L 20, 344, 15, 19, 342, 15, 0, 0, 0
L 19, 342, 15, 18, 341, 15, 0, 0, 0
L 18, 341, 15, 16, 339, 17, 0, 0, 0
L 16, 339, 17, 12, 336, 19, 0, 0, 0
L 12, 336, 19, 11, 336, 19, 0, 0, 0
L 11, 336, 19, -3, 336, 15, 0, 0, 0
L -3, 336, 15, -5, 338, 15, 0, 0, 0
L -5, 338, 15, -16, 338, 15, 0, 0, 0
L -16, 338, 15, -24, 337, 15, 0, 0, 0
L -24, 337, 15, -25, 337, 15, 0, 0, 0
L -25, 337, 15, -27, 336, 15, 0, 0, 0
L -27, 336, 15, -77, 336, 15, 0, 0, 0
L -77, 336, 15, -78, 336, 16, 0, 0, 0
L -78, 336, 16, -80, 336, 16, 0, 0, 0
L -80, 336, 16, -82, 336, 18, 0, 0, 0
L -82, 336, 18, -83, 338, 19, 0, 0, 0
L -83, 338, 19, -82, 432, 15, 0, 0, 0
L -82, 432, 15, -81, 433, 15, 0, 0, 0
L -81, 433, 15, -81, 451, 15, 0, 0, 0
L -81, 451, 15, -82, 452, 15, 0, 0, 0
L -82, 452, 15, -82, 453, 15, 0, 0, 0
L -82, 453, 15, -83, 455, 16, 0, 0, 0
L -83, 455, 16, -83, 457, 17, 0, 0, 0
L -83, 457, 17, -82, 463, 18, 0, 0, 0
L -82, 463, 18, -81, 463, 17, 0, 0, 0
L -81, 463, 17, -66, 463, 15, 0, 0, 0
L -66, 463, 15, -57, 463, 15, 0, 0, 0
L -57, 463, 15, -55, 462, 15, 0, 0, 0
L -55, 462, 15, -53, 462, 15, 0, 0, 0
L -53, 462, 15, -52, 464, 15, 0, 0, 0
L -52, 464, 15, -52, 472, 15, 0, 0, 0
L -52, 472, 15, -54, 473, 15, 0, 0, 0
L -54, 473, 15, -57, 473, 15, 0, 0, 0
L -57, 473, 15, -58, 472, 15, 0, 0, 0
L -58, 472, 15, -84, 472, 15, 0, 0, 0
L -84, 472, 15, -84, 474, 15, 0, 0, 0
L -84, 474, 15, -83, 476, 15, 0, 0, 0
L -83, 476, 15, -82, 476, 15, 0, 0, 0
L -82, 476, 15, -82, 478, 15, 0, 0, 0
L -82, 478, 15, -82, 494, 16, 0, 0, 0
L -82, 494, 16, -82, 496, 17, 0, 0, 0
L -82, 496, 17, -83, 497, 18, 0, 0, 0
L -83, 497, 18, -83, 499, 18, 0, 0, 0
L -83, 499, 18, -84, 500, 19, 0, 0, 0
L -84, 500, 19, -82, 501, 18, 0, 0, 0
L -82, 501, 18, -60, 524, 15, 0, 0, 0
L -60, 524, 15, -59, 526, 15, 0, 0, 0
L -59, 526, 15, -59, 566, 15, 0, 0, 0
L -59, 566, 15, -58, 567, 15, 0, 0, 0
L -58, 567, 15, -58, 568, 15, 0, 0, 0
L -58, 568, 15, -57, 570, 15, 0, 0, 0
L -57, 570, 15, -57, 571, 15, 0, 0, 0
L -57, 571, 15, -41, 586, 15, 0, 0, 0
L -41, 586, 15, -40, 586, 16, 0, 0, 0
L -40, 586, 16, -38, 587, 17, 0, 0, 0
L -38, 587, 17, -37, 587, 18, 0, 0, 0
L -37, 587, 18, -35, 587, 18, 0, 0, 0
L -35, 587, 18, -25, 587, 19, 0, 0, 0
L -25, 587, 19, -14, 587, 19, 0, 0, 0
L -14, 587, 19, -13, 586, 19, 0, 0, 0
L -13, 586, 19, -10, 586, 19, 0, 0, 0
L -10, 586, 19, -8, 587, 19, 0, 0, 0
L -8, 587, 19, -7, 587, 19, 0, 0, 0
L -9, 592, 19, -9, 598, 19, 0, 0, 0
L -9, 598, 19, -10, 598, 19, 0, 0, 0
L -10, 598, 19, -11, 597, 19, 0, 0, 0
L -11, 597, 19, -13, 597, 19, 0, 0, 0
L -13, 597, 19, -16, 596, 19, 0, 0, 0
L -16, 596, 19, -26, 596, 19, 0, 0, 0
L -26, 596, 19, -37, 596, 20, 0, 0, 0
L -37, 596, 20, -38, 596, 21, 0, 0, 0
L -38, 596, 21, -40, 597, 22, 0, 0, 0
L -40, 597, 22, -40, 598, 23, 0, 0, 0
L -40, 598, 23, -40, 642, 23, 0, 0, 0
L 0, 596, 19, 19, 596, 19, 0, 0, 0
L 19, 596, 19, 21, 598, 19, 0, 0, 0
L 21, 598, 19, 32, 598, 19, 0, 0, 0
L 32, 598, 19, 39, 597, 19, 0, 0, 0
L 39, 597, 19, 41, 597, 19, 0, 0, 0
L 41, 597, 19, 46, 596, 19, 0, 0, 0
L 46, 596, 19, 47, 596, 19, 0, 0, 0
L 47, 596, 19, 54, 596, 21, 0, 0, 0
L 54, 596, 21, 55, 596, 22, 0, 0, 0
L 55, 596, 22, 56, 597, 23, 0, 0, 0
L 56, 597, 23, 57, 598, 23, 0, 0, 0
L 57, 598, 23, 64, 604, 19, 0, 0, 0
L 64, 604, 19, 64, 605, 19, 0, 0, 0
L 64, 605, 19, 73, 614, 19, 0, 0, 0
L 73, 614, 19, 73, 615, 19, 0, 0, 0
L 73, 615, 19, 74, 617, 19, 0, 0, 0
L 74, 617, 19, 74, 619, 19, 0, 0, 0
L 74, 619, 19, 75, 621, 19, 0, 0, 0
L 75, 621, 19, 75, 623, 19, 0, 0, 0
L 75, 623, 19, 74, 642, 19, 0, 0, 0
L 74, 642, 19, 74, 646, 19, 0, 0, 0
L 74, 646, 19, 75, 647, 19, 0, 0, 0
L 75, 647, 19, 76, 647, 19, 0, 0, 0
L 76, 647, 19, 78, 648, 19, 0, 0, 0
L 78, 648, 19, 81, 648, 19, 0, 0, 0
L 81, 648, 19, 85, 649, 19, 0, 0, 0
L 85, 649, 19, 85, 648, 19, 0, 0, 0
L 85, 648, 19, 86, 647, 19, 0, 0, 0
L 86, 647, 19, 88, 647, 19, 0, 0, 0
L 88, 647, 19, 89, 646, 19, 0, 0, 0
L 89, 646, 19, 89, 637, 19, 0, 0, 0
L 89, 637, 19, 87, 636, 19, 0, 0, 0
L 87, 636, 19, 86, 636, 19, 0, 0, 0
L 86, 636, 19, 83, 637, 19, 0, 0, 0
L 83, 637, 19, 83, 625, 19, 0, 0, 0
L 83, 625, 19, 84, 624, 19, 0, 0, 0
L 84, 624, 19, 84, 621, 19, 0, 0, 0
L 84, 621, 19, 86, 619, 19, 0, 0, 0
L 86, 619, 19, 85, 618, 19, 0, 0, 0
L 85, 618, 19, 86, 609, 19, 0, 0, 0
L 86, 609, 19, 87, 609, 19, 0, 0, 0
L 87, 609, 19, 88, 608, 19, 0, 0, 0
L 88, 608, 19, 88, 606, 19, 0, 0, 0
L 88, 606, 19, 87, 602, 19, 0, 0, 0
L 87, 602, 19, 87, 600, 19, 0, 0, 0
L 87, 600, 19, 86, 599, 19, 0, 0, 0
L 86, 599, 19, 86, 597, 19, 0, 0, 0
L 86, 597, 19, 85, 596, 19, 0, 0, 0
L 85, 596, 19, 85, 595, 19, 0, 0, 0
L 85, 595, 19, 84, 594, 19, 0, 0, 0
L 84, 594, 19, 84, 593, 20, 0, 0, 0
L 84, 593, 20, 84, 592, 20, 0, 0, 0
L 84, 592, 20, 83, 590, 21, 0, 0, 0
L 83, 590, 21, 83, 588, 23, 0, 0, 0
L 83, 588, 23, 87, 588, 21, 0, 0, 0
L 87, 588, 21, 94, 590, 19, 0, 0, 0
L 94, 590, 19, 110, 590, 19, 0, 0, 0
L 110, 590, 19, 111, 589, 19, 0, 0, 0
L 111, 589, 19, 120, 588, 19, 0, 0, 0
L 120, 588, 19, 124, 588, 19, 0, 0, 0
L 124, 588, 19, 124, 589, 19, 0, 0, 0
L 124, 589, 19, 125, 590, 19, 0, 0, 0
L 125, 590, 19, 127, 590, 19, 0, 0, 0
L 127, 590, 19, 132, 591, 19, 0, 0, 0
L 132, 591, 19, 135, 591, 19, 0, 0, 0
L 135, 591, 19, 143, 590, 19, 0, 0, 0
L 143, 590, 19, 155, 590, 19, 0, 0, 0
L 155, 590, 19, 156, 589, 19, 0, 0, 0
L 156, 589, 19, 158, 588, 19, 0, 0, 0
L 158, 588, 19, 163, 588, 19, 0, 0, 0
L 163, 588, 19, 164, 587, 19, 0, 0, 0
L 164, 587, 19, 164, 586, 19, 0, 0, 0
L 164, 586, 19, 164, 582, 20, 0, 0, 0
L 164, 582, 20, 164, 581, 21, 0, 0, 0
L 164, 581, 21, 164, 572, 25, 0, 0, 0
L 164, 572, 25, 164, 571, 26, 0, 0, 0
L 164, 571, 26, 164, 542, 34, 0, 0, 0
L 164, 542, 34, 166, 542, 34, 0, 0, 0
L 181, 542, 34, 183, 543, 34, 0, 0, 0
L 183, 543, 34, 183, 545, 34, 0, 0, 0
L 183, 545, 34, 183, 587, 19, 0, 0, 0
L 183, 587, 19, 185, 588, 19, 0, 0, 0
L 185, 588, 19, 183, 586, 19, 0, 0, 0
L 183, 586, 19, 185, 588, 19, 0, 0, 0
L 185, 588, 19, 191, 588, 19, 0, 0, 0
L 191, 588, 19, 191, 594, 19, 0, 0, 0
L 191, 594, 19, 193, 596, 19, 0, 0, 0
L 193, 596, 19, 194, 595, 19, 0, 0, 0
L 194, 595, 19, 195, 595, 20, 0, 0, 0
L 195, 595, 20, 204, 595, 24, 0, 0, 0
L 204, 595, 24, 230, 595, 34, 0, 0, 0
L 230, 595, 34, 232, 596, 34, 0, 0, 0
L 232, 596, 34, 236, 596, 34, 0, 0, 0
L 236, 596, 34, 236, 598, 34, 0, 0, 0
L 236, 598, 34, 235, 600, 34, 0, 0, 0
L 235, 600, 34, 236, 602, 34, 0, 0, 0
L 236, 602, 34, 237, 603, 34, 0, 0, 0
L 237, 603, 34, 239, 603, 34, 0, 0, 0
L 239, 603, 34, 241, 602, 34, 0, 0, 0
L 241, 602, 34, 247, 602, 34, 0, 0, 0
L 247, 602, 34, 247, 595, 34, 0, 0, 0
L 247, 595, 34, 246, 594, 34, 0, 0, 0
L 246, 594, 34, 246, 593, 35, 0, 0, 0
L 246, 593, 35, 245, 591, 36, 0, 0, 0
L 245, 591, 36, 246, 590, 36, 0, 0, 0
L 246, 590, 36, 246, 588, 35, 0, 0, 0
L 246, 588, 35, 245, 587, 35, 0, 0, 0
L 245, 587, 35, 246, 557, 34, 0, 0, 0
L 246, 557, 34, 248, 555, 34, 0, 0, 0
L 248, 555, 34, 248, 554, 34, 0, 0, 0
L 248, 554, 34, 249, 553, 34, 0, 0, 0
L 249, 553, 34, 250, 553, 34, 0, 0, 0
L 250, 553, 34, 251, 552, 34, 0, 0, 0
L 251, 552, 34, 253, 551, 34, 0, 0, 0
L 253, 551, 34, 262, 551, 34, 0, 0, 0
L 262, 551, 34, 264, 550, 34, 0, 0, 0
L 264, 550, 34, 265, 550, 34, 0, 0, 0
L 265, 550, 34, 270, 548, 34, 0, 0, 0
L 270, 548, 34, 270, 547, 34, 0, 0, 0
L 270, 547, 34, 278, 543, 38, 0, 0, 0
L 278, 543, 38, 279, 542, 38, 0, 0, 0
L 279, 542, 38, 282, 542, 38, 0, 0, 0
L 282, 542, 38, 283, 541, 39, 0, 0, 0
L 283, 541, 39, 284, 541, 40, 0, 0, 0
L 284, 541, 40, 286, 541, 41, 0, 0, 0
L 286, 541, 41, 287, 542, 41, 0, 0, 0
L 287, 542, 41, 295, 546, 40, 0, 0, 0
L 295, 546, 40, 299, 547, 39, 0, 0, 0
L 299, 547, 39, 301, 547, 38, 0, 0, 0
L 301, 547, 38, 306, 547, 34, 0, 0, 0
L 306, 547, 34, 311, 547, 34, 0, 0, 0
L 311, 547, 34, 320, 545, 34, 0, 0, 0
L 320, 545, 34, 325, 543, 34, 0, 0, 0
L 325, 543, 34, 326, 543, 34, 0, 0, 0
L 326, 543, 34, 337, 543, 36, 0, 0, 0
L 337, 543, 36, 338, 544, 36, 0, 0, 0
L 338, 544, 36, 340, 544, 36, 0, 0, 0
L 340, 544, 36, 341, 545, 36, 0, 0, 0
L 341, 545, 36, 341, 546, 36, 0, 0, 0
L 341, 546, 36, 343, 548, 34, 0, 0, 0
L 343, 548, 34, 343, 549, 34, 0, 0, 0
L 343, 549, 34, 348, 554, 34, 0, 0, 0
L 348, 554, 34, 349, 554, 34, 0, 0, 0
L 349, 554, 34, 349, 555, 34, 0, 0, 0
L 349, 555, 34, 350, 556, 35, 0, 0, 0
L 350, 556, 35, 350, 558, 36, 0, 0, 0
L 350, 558, 36, 351, 558, 36, 0, 0, 0
L 351, 558, 36, 352, 560, 37, 0, 0, 0
L 352, 560, 37, 353, 561, 38, 0, 0, 0
L 353, 561, 38, 353, 563, 39, 0, 0, 0
L 353, 563, 39, 354, 564, 39, 0, 0, 0
L 354, 564, 39, 355, 565, 40, 0, 0, 0
L 355, 565, 40, 355, 567, 41, 0, 0, 0
L 355, 567, 41, 356, 569, 42, 0, 0, 0
L 356, 569, 42, 358, 573, 42, 0, 0, 0
L 358, 573, 42, 359, 574, 43, 0, 0, 0
L 359, 574, 43, 359, 578, 47, 0, 0, 0
L 359, 578, 47, 360, 584, 47, 0, 0, 0
L 360, 584, 47, 360, 585, 46, 0, 0, 0
L 360, 585, 46, 360, 590, 43, 0, 0, 0
L 360, 590, 43, 361, 592, 45, 0, 0, 0
L 361, 592, 45, 361, 593, 46, 0, 0, 0
L 359, 595, 34, 361, 597, 34, 0, 0, 0
L 361, 597, 34, 366, 597, 34, 0, 0, 0
L 366, 597, 34, 368, 596, 34, 0, 0, 0
L 368, 596, 34, 369, 596, 34, 0, 0, 0
L 369, 596, 34, 371, 595, 34, 0, 0, 0
L 371, 595, 34, 374, 595, 34, 0, 0, 0
L 374, 595, 34, 376, 594, 35, 0, 0, 0
L 376, 594, 35, 384, 591, 38, 0, 0, 0
L 384, 591, 38, 386, 590, 40, 0, 0, 0
L 386, 590, 40, 387, 591, 40, 0, 0, 0
L 387, 591, 40, 393, 591, 40, 0, 0, 0
L 393, 591, 40, 394, 590, 40, 0, 0, 0
L 394, 590, 40, 397, 591, 40, 0, 0, 0
L 397, 591, 40, 398, 591, 40, 0, 0, 0
L 398, 591, 40, 399, 592, 40, 0, 0, 0
L 399, 592, 40, 401, 593, 40, 0, 0, 0
L 401, 593, 40, 406, 593, 40, 0, 0, 0
L 406, 593, 40, 415, 593, 37, 0, 0, 0
L 415, 593, 37, 418, 592, 38, 0, 0, 0
L 418, 592, 38, 419, 592, 38, 0, 0, 0
L 419, 592, 38, 420, 591, 39, 0, 0, 0
L 420, 591, 39, 424, 591, 39, 0, 0, 0
L 424, 591, 39, 429, 590, 39, 0, 0, 0
L 429, 590, 39, 438, 590, 35, 0, 0, 0
L 438, 590, 35, 447, 590, 35, 0, 0, 0
L 447, 590, 35, 476, 589, 40, 0, 0, 0
L 476, 589, 40, 478, 589, 41, 0, 0, 0
L 478, 589, 41, 479, 589, 41, 0, 0, 0
L 479, 589, 41, 488, 591, 40, 0, 0, 0
L 488, 591, 40, 490, 591, 40, 0, 0, 0
L 490, 591, 40, 494, 592, 39, 0, 0, 0
L 494, 592, 39, 506, 591, 40, 0, 0, 0
L 506, 591, 40, 507, 592, 40, 0, 0, 0
L 507, 592, 40, 511, 592, 40, 0, 0, 0
L 511, 592, 40, 513, 592, 39, 0, 0, 0
L 513, 592, 39, 519, 592, 39, 0, 0, 0
L 519, 592, 39, 529, 592, 38, 0, 0, 0
L 529, 592, 38, 548, 592, 38, 0, 0, 0
L 548, 592, 38, 565, 590, 36, 0, 0, 0
L 565, 590, 36, 568, 590, 36, 0, 0, 0
L 568, 590, 36, 570, 589, 37, 0, 0, 0
L 570, 589, 37, 572, 588, 37, 0, 0, 0
L 572, 588, 37, 574, 588, 38, 0, 0, 0
L 574, 588, 38, 575, 587, 39, 0, 0, 0
L 575, 587, 39, 578, 585, 41, 0, 0, 0
L 578, 585, 41, 579, 585, 41, 0, 0, 0
L 579, 585, 41, 581, 584, 40, 0, 0, 0
L 581, 584, 40, 585, 580, 40, 0, 0, 0
L 585, 580, 40, 586, 579, 39, 0, 0, 0
L 586, 579, 39, 586, 578, 39, 0, 0, 0
L 586, 578, 39, 587, 575, 39, 0, 0, 0
L 587, 575, 39, 587, 573, 38, 0, 0, 0
L 587, 573, 38, 587, 572, 37, 0, 0, 0
L 587, 572, 37, 587, 568, 36, 0, 0, 0
L 587, 568, 36, 587, 566, 36, 0, 0, 0
L 587, 566, 36, 586, 564, 36, 0, 0, 0
L 586, 564, 36, 586, 562, 36, 0, 0, 0
L 586, 562, 36, 585, 560, 37, 0, 0, 0
L 585, 560, 37, 584, 555, 38, 0, 0, 0
L 584, 555, 38, 584, 552, 39, 0, 0, 0
L 584, 552, 39, 584, 542, 38, 0, 0, 0
L 584, 542, 38, 583, 539, 38, 0, 0, 0
L 583, 539, 38, 582, 536, 37, 0, 0, 0
L 582, 536, 37, 582, 533, 37, 0, 0, 0
L 582, 533, 37, 582, 531, 38, 0, 0, 0
L 582, 531, 38, 582, 521, 37, 0, 0, 0
L 582, 521, 37, 582, 518, 37, 0, 0, 0
L 582, 518, 37, 583, 515, 37, 0, 0, 0
L 583, 515, 37, 583, 513, 36, 0, 0, 0
L 583, 513, 36, 583, 510, 37, 0, 0, 0
L 583, 510, 37, 583, 507, 37, 0, 0, 0
L 583, 507, 37, 584, 504, 37, 0, 0, 0
L 584, 504, 37, 584, 502, 38, 0, 0, 0
L 584, 502, 38, 585, 496, 39, 0, 0, 0
L 585, 496, 39, 585, 492, 39, 0, 0, 0
L 585, 492, 39, 586, 487, 39, 0, 0, 0
L 586, 487, 39, 586, 485, 39, 0, 0, 0
L 586, 485, 39, 586, 473, 40, 0, 0, 0
L 586, 473, 40, 585, 471, 40, 0, 0, 0
L 626, 473, 40, 626, 469, 40, 0, 0, 0
L 626, 469, 40, 629, 466, 40, 0, 0, 0
L 629, 466, 40, 630, 466, 40, 0, 0, 0
L 630, 466, 40, 632, 465, 40, 0, 0, 0
L 632, 465, 40, 638, 465, 40, 0, 0, 0
L 638, 465, 40, 639, 464, 40, 0, 0, 0
L 639, 464, 40, 641, 463, 40, 0, 0, 0
L 641, 463, 40, 642, 461, 40, 0, 0, 0
L 642, 461, 40, 643, 460, 40, 0, 0, 0
L 643, 460, 40, 644, 460, 40, 0, 0, 0
L 644, 460, 40, 645, 459, 39, 0, 0, 0
L 645, 459, 39, 646, 458, 39, 0, 0, 0
L 646, 458, 39, 648, 457, 38, 0, 0, 0
L 648, 457, 38, 651, 455, 36, 0, 0, 0
L 651, 455, 36, 654, 454, 38, 0, 0, 0
L 654, 454, 38, 655, 453, 39, 0, 0, 0
L 655, 453, 39, 656, 452, 39, 0, 0, 0
L 656, 452, 39, 659, 451, 40, 0, 0, 0
L 659, 451, 40, 661, 450, 40, 0, 0, 0
L 661, 450, 40, 662, 449, 41, 0, 0, 0
L 662, 449, 41, 665, 446, 41, 0, 0, 0
L 665, 446, 41, 665, 444, 40, 0, 0, 0
L 665, 444, 40, 668, 441, 40, 0, 0, 0
L 668, 441, 40, 670, 440, 40, 0, 0, 0
L 670, 440, 40, 672, 438, 41, 0, 0, 0
L 672, 438, 41, 673, 436, 41, 0, 0, 0
L 673, 436, 41, 674, 435, 41, 0, 0, 0
L 674, 435, 41, 674, 434, 41, 0, 0, 0
L 674, 434, 41, 675, 433, 41, 0, 0, 0
L 675, 433, 41, 676, 431, 41, 0, 0, 0
L 676, 431, 41, 676, 430, 41, 0, 0, 0
L 676, 430, 41, 676, 427, 40, 0, 0, 0
L 676, 427, 40, 676, 425, 40, 0, 0, 0
L 676, 425, 40, 677, 418, 40, 0, 0, 0
L 677, 418, 40, 678, 416, 40, 0, 0, 0
L 678, 416, 40, 678, 415, 40, 0, 0, 0
L 678, 415, 40, 679, 414, 39, 0, 0, 0
L 679, 414, 39, 679, 412, 38, 0, 0, 0
L 679, 412, 38, 680, 410, 36, 0, 0, 0
L 680, 410, 36, 680, 405, 36, 0, 0, 0
L 680, 405, 36, 679, 403, 36, 0, 0, 0
L 679, 403, 36, 678, 402, 36, 0, 0, 0
L 678, 402, 36, 678, 400, 36, 0, 0, 0
L 678, 400, 36, 677, 400, 36, 0, 0, 0
L 677, 400, 36, 676, 399, 36, 0, 0, 0
L 676, 399, 36, 675, 397, 36, 0, 0, 0
L 675, 397, 36, 675, 395, 36, 0, 0, 0
L 675, 395, 36, 675, 393, 37, 0, 0, 0
L 675, 393, 37, 675, 385, 47, 0, 0, 0
L 675, 385, 47, 673, 384, 46, 0, 0, 0
L 673, 384, 46, 673, 382, 44, 0, 0, 0
L 673, 382, 44, 673, 381, 42, 0, 0, 0
L 673, 381, 42, 673, 380, 43, 0, 0, 0
L 673, 380, 43, 674, 378, 44, 0, 0, 0
L 674, 378, 44, 674, 376, 46, 0, 0, 0
L 674, 376, 46, 676, 375, 49, 0, 0, 0
L 676, 375, 49, 677, 374, 53, 0, 0, 0
L 677, 374, 53, 678, 373, 56, 0, 0, 0
L 678, 373, 56, 678, 372, 58, 0, 0, 0
L 678, 372, 58, 679, 371, 61, 0, 0, 0
L 679, 371, 61, 680, 370, 63, 0, 0, 0
L 680, 370, 63, 681, 369, 66, 0, 0, 0
L 681, 369, 66, 682, 367, 67, 0, 0, 0
L 682, 367, 67, 683, 366, 68, 0, 0, 0
L 683, 366, 68, 685, 365, 68, 0, 0, 0
L 685, 365, 68, 687, 364, 67, 0, 0, 0
L 687, 364, 67, 687, 362, 65, 0, 0, 0
L 687, 362, 65, 688, 361, 63, 0, 0, 0
L 688, 361, 63, 688, 360, 60, 0, 0, 0
L 688, 360, 60, 687, 359, 58, 0, 0, 0
L 687, 359, 58, 688, 357, 55, 0, 0, 0
L 688, 357, 55, 688, 356, 53, 0, 0, 0
L 688, 356, 53, 690, 347, 38, 0, 0, 0
L 690, 347, 38, 691, 346, 36, 0, 0, 0
L 691, 346, 36, 693, 344, 36, 0, 0, 0
L 693, 344, 36, 696, 342, 36, 0, 0, 0
L 696, 342, 36, 697, 340, 36, 0, 0, 0
L 697, 340, 36, 697, 338, 36, 0, 0, 0
L 697, 338, 36, 698, 337, 36, 0, 0, 0
L 698, 337, 36, 699, 335, 36, 0, 0, 0
L 699, 335, 36, 700, 334, 36, 0, 0, 0
L 700, 334, 36, 701, 332, 36, 0, 0, 0
L 701, 332, 36, 702, 331, 36, 0, 0, 0
L 702, 331, 36, 702, 330, 37, 0, 0, 0
L 702, 330, 37, 702, 328, 36, 0, 0, 0
L 702, 328, 36, 702, 326, 36, 0, 0, 0
L 702, 326, 36, 701, 324, 36, 0, 0, 0
L 701, 324, 36, 701, 322, 36, 0, 0, 0
L 701, 322, 36, 700, 321, 36, 0, 0, 0
L 700, 321, 36, 700, 316, 38, 0, 0, 0
L 700, 316, 38, 699, 315, 38, 0, 0, 0
L 699, 315, 38, 699, 314, 38, 0, 0, 0
L 699, 314, 38, 699, 303, 41, 0, 0, 0
L 699, 303, 41, 698, 301, 41, 0, 0, 0
L 698, 301, 41, 698, 299, 41, 0, 0, 0
L 698, 299, 41, 697, 298, 40, 0, 0, 0
L 697, 298, 40, 697, 297, 40, 0, 0, 0
L 697, 297, 40, 696, 296, 40, 0, 0, 0
L 696, 296, 40, 696, 293, 40, 0, 0, 0
L 696, 293, 40, 695, 292, 40, 0, 0, 0
L 695, 292, 40, 695, 290, 40, 0, 0, 0
L 695, 290, 40, 694, 289, 40, 0, 0, 0
L 694, 289, 40, 694, 287, 39, 0, 0, 0
L 694, 287, 39, 695, 277, 40, 0, 0, 0
L 695, 277, 40, 695, 276, 42, 0, 0, 0
L 695, 276, 42, 695, 271, 47, 0, 0, 0
L 695, 271, 47, 694, 269, 49, 0, 0, 0
L 694, 269, 49, 694, 263, 50, 0, 0, 0
L 694, 263, 50, 693, 262, 50, 0, 0, 0
L 693, 262, 50, 692, 260, 50, 0, 0, 0
L 692, 260, 50, 691, 260, 50, 0, 0, 0
L 691, 260, 50, 689, 258, 50, 0, 0, 0
L 689, 258, 50, 688, 256, 49, 0, 0, 0
L 688, 256, 49, 686, 254, 47, 0, 0, 0
L 686, 254, 47, 685, 254, 47, 0, 0, 0
L 685, 254, 47, 683, 253, 46, 0, 0, 0
L 683, 253, 46, 681, 251, 44, 0, 0, 0
L 681, 251, 44, 679, 250, 43, 0, 0, 0
L 679, 250, 43, 677, 248, 41, 0, 0, 0
L 677, 248, 41, 675, 246, 41, 0, 0, 0
L 675, 246, 41, 673, 244, 38, 0, 0, 0
L 673, 244, 38, 672, 243, 38, 0, 0, 0
L 672, 243, 38, 670, 242, 38, 0, 0, 0
L 670, 242, 38, 669, 241, 40, 0, 0, 0
L 669, 241, 40, 667, 240, 40, 0, 0, 0
L 667, 240, 40, 666, 239, 39, 0, 0, 0
L 666, 239, 39, 665, 238, 39, 0, 0, 0
L 665, 238, 39, 663, 237, 39, 0, 0, 0
L 663, 237, 39, 662, 237, 39, 0, 0, 0
L 662, 237, 39, 660, 236, 39, 0, 0, 0
L 660, 236, 39, 657, 236, 39, 0, 0, 0
L 657, 236, 39, 656, 236, 38, 0, 0, 0
L 656, 236, 38, 653, 235, 39, 0, 0, 0
L 653, 235, 39, 651, 235, 39, 0, 0, 0
L 651, 235, 39, 650, 235, 38, 0, 0, 0
L 650, 235, 38, 648, 235, 38, 0, 0, 0
L 648, 235, 38, 644, 236, 37, 0, 0, 0
L 644, 236, 37, 642, 235, 37, 0, 0, 0
L 642, 235, 37, 640, 235, 37, 0, 0, 0
L 640, 235, 37, 637, 234, 38, 0, 0, 0
L 637, 234, 38, 635, 232, 40, 0, 0, 0
L 635, 232, 40, 633, 231, 40, 0, 0, 0
L 633, 231, 40, 632, 231, 38, 0, 0, 0
L 632, 231, 38, 631, 229, 38, 0, 0, 0
L 631, 229, 38, 630, 227, 39, 0, 0, 0
L 630, 227, 39, 629, 225, 39, 0, 0, 0
L 629, 225, 39, 628, 224, 39, 0, 0, 0
L 628, 224, 39, 627, 222, 40, 0, 0, 0
L 627, 222, 40, 627, 221, 40, 0, 0, 0
L 627, 221, 40, 626, 219, 39, 0, 0, 0
L 626, 219, 39, 624, 217, 37, 0, 0, 0
L 624, 217, 37, 622, 216, 36, 0, 0, 0
L 622, 216, 36, 621, 216, 36, 0, 0, 0
L 621, 216, 36, 617, 212, 36, 0, 0, 0
L 617, 212, 36, 615, 211, 36, 0, 0, 0
L 615, 211, 36, 614, 210, 36, 0, 0, 0
L 614, 210, 36, 614, 209, 36, 0, 0, 0
L 614, 209, 36, 612, 208, 36, 0, 0, 0
L 612, 208, 36, 611, 207, 36, 0, 0, 0
L 611, 207, 36, 607, 207, 36, 0, 0, 0
L 607, 207, 36, 606, 208, 36, 0, 0, 0
L 606, 208, 36, 605, 208, 36, 0, 0, 0
L 605, 208, 36, 604, 209, 36, 0, 0, 0
L 604, 209, 36, 602, 209, 36, 0, 0, 0
L 602, 209, 36, 601, 210, 36, 0, 0, 0
L 601, 210, 36, 600, 210, 35, 0, 0, 0
L 600, 210, 35, 598, 211, 35, 0, 0, 0
L 598, 211, 35, 595, 211, 35, 0, 0, 0
L 595, 211, 35, 594, 211, 34, 0, 0, 0
L 594, 211, 34, 592, 212, 34, 0, 0, 0
L 592, 212, 34, 591, 212, 34, 0, 0, 0
L 591, 212, 34, 590, 213, 34, 0, 0, 0
L 590, 213, 34, 589, 215, 34, 0, 0, 0
L 589, 215, 34, 587, 217, 34, 0, 0, 0
L 587, 217, 34, 586, 217, 34, 0, 0, 0
L 586, 217, 34, 585, 218, 34, 0, 0, 0
L 585, 218, 34, 583, 218, 34, 0, 0, 0
L 583, 218, 34, 577, 220, 39, 0, 0, 0
L 577, 220, 39, 575, 219, 39, 0, 0, 0
L 575, 219, 39, 573, 219, 38, 0, 0, 0
L 573, 219, 38, 571, 219, 40, 0, 0, 0
L 571, 219, 40, 570, 219, 43, 0, 0, 0
L 570, 219, 43, 568, 218, 43, 0, 0, 0
L 568, 218, 43, 564, 216, 47, 0, 0, 0
L 564, 216, 47, 562, 216, 51, 0, 0, 0
L 562, 216, 51, 559, 215, 55, 0, 0, 0
L 559, 215, 55, 558, 214, 57, 0, 0, 0
L 558, 214, 57, 557, 213, 58, 0, 0, 0
L 557, 213, 58, 555, 212, 59, 0, 0, 0
L 555, 212, 59, 555, 211, 58, 0, 0, 0
L 555, 211, 58, 546, 210, 46, 0, 0, 0
L 546, 210, 46, 545, 210, 43, 0, 0, 0
L 545, 210, 43, 542, 210, 41, 0, 0, 0
L 542, 210, 41, 540, 211, 41, 0, 0, 0
L 540, 211, 41, 537, 214, 41, 0, 0, 0
L 537, 214, 41, 537, 215, 41, 0, 0, 0
L 537, 215, 41, 535, 219, 41, 0, 0, 0
L 535, 219, 41, 535, 221, 40, 0, 0, 0
L 535, 221, 40, 535, 223, 40, 0, 0, 0
L 535, 223, 40, 534, 223, 40, 0, 0, 0
L 534, 223, 40, 534, 224, 40, 0, 0, 0
L 534, 224, 40, 533, 226, 40, 0, 0, 0
L 533, 226, 40, 531, 228, 40, 0, 0, 0
L 531, 228, 40, 531, 229, 40, 0, 0, 0
L 531, 229, 40, 530, 230, 40, 0, 0, 0
L 530, 230, 40, 530, 231, 40, 0, 0, 0
L 530, 231, 40, 529, 231, 40, 0, 0, 0
L 529, 231, 40, 528, 232, 40, 0, 0, 0
L 528, 232, 40, 527, 232, 40, 0, 0, 0
L 527, 232, 40, 524, 233, 39, 0, 0, 0
L 524, 233, 39, 515, 236, 42, 0, 0, 0
L 515, 236, 42, 513, 238, 42, 0, 0, 0
L 513, 238, 42, 513, 251, 42, 0, 0, 0
L 513, 251, 42, 512, 252, 43, 0, 0, 0
L 512, 252, 43, 512, 253, 43, 0, 0, 0
L 512, 253, 43, 511, 255, 43, 0, 0, 0
L 511, 255, 43, 510, 256, 43, 0, 0, 0
L 510, 256, 43, 506, 258, 43, 0, 0, 0
L 506, 258, 43, 505, 259, 43, 0, 0, 0
L 505, 259, 43, 504, 259, 43, 0, 0, 0
L 504, 259, 43, 502, 260, 43, 0, 0, 0
L 502, 260, 43, 498, 260, 43, 0, 0, 0
L 498, 260, 43, 496, 259, 43, 0, 0, 0
L 496, 259, 43, 491, 257, 43, 0, 0, 0
L 491, 257, 43, 490, 256, 43, 0, 0, 0
L 490, 256, 43, 491, 254, 43, 0, 0, 0
L 491, 254, 43, 491, 253, 43, 0, 0, 0
L 491, 253, 43, 492, 251, 43, 0, 0, 0
L 492, 251, 43, 491, 249, 45, 0, 0, 0
L 491, 249, 45, 490, 248, 45, 0, 0, 0
L 490, 248, 45, 488, 247, 47, 0, 0, 0
L 488, 247, 47, 487, 247, 47, 0, 0, 0
L 487, 247, 47, 485, 246, 47, 0, 0, 0
L 485, 246, 47, 479, 246, 47, 0, 0, 0
L 479, 246, 47, 477, 245, 47, 0, 0, 0
L 477, 245, 47, 474, 245, 47, 0, 0, 0
L 474, 245, 47, 473, 246, 47, 0, 0, 0
L 473, 246, 47, 471, 246, 47, 0, 0, 0
L 471, 246, 47, 470, 247, 47, 0, 0, 0
L 470, 247, 47, 466, 249, 45, 0, 0, 0
L 466, 249, 45, 465, 250, 45, 0, 0, 0
L 465, 250, 45, 463, 251, 44, 0, 0, 0
L 463, 251, 44, 463, 253, 43, 0, 0, 0
L 463, 253, 43, 461, 254, 43, 0, 0, 0
L 461, 254, 43, 459, 256, 43, 0, 0, 0
L 459, 256, 43, 457, 259, 43, 0, 0, 0
L 457, 259, 43, 455, 261, 43, 0, 0, 0
L 455, 261, 43, 455, 266, 43, 0, 0, 0
L 455, 266, 43, 454, 268, 45, 0, 0, 0
L 454, 268, 45, 454, 281, 45, 0, 0, 0
L 454, 281, 45, 455, 282, 44, 0, 0, 0
L 455, 282, 44, 455, 283, 44, 0, 0, 0
L 455, 283, 44, 455, 285, 43, 0, 0, 0
L 455, 285, 43, 455, 286, 43, 0, 0, 0
L 455, 286, 43, 456, 287, 43, 0, 0, 0
L 456, 287, 43, 456, 289, 43, 0, 0, 0
L 456, 289, 43, 457, 290, 43, 0, 0, 0
L 457, 290, 43, 457, 292, 43, 0, 0, 0
L 457, 292, 43, 458, 293, 43, 0, 0, 0
L 458, 293, 43, 458, 294, 43, 0, 0, 0
L 458, 294, 43, 460, 295, 43, 0, 0, 0
L 460, 295, 43, 460, 296, 43, 0, 0, 0
L 460, 296, 43, 461, 297, 43, 0, 0, 0
L 461, 297, 43, 461, 300, 43, 0, 0, 0
L 461, 300, 43, 462, 301, 43, 0, 0, 0
L 462, 301, 43, 462, 304, 43, 0, 0, 0
L 462, 304, 43, 459, 307, 43, 0, 0, 0
L 459, 307, 43, 458, 309, 43, 0, 0, 0
L 458, 309, 43, 458, 310, 43, 0, 0, 0
L 458, 310, 43, 456, 314, 43, 0, 0, 0
L 456, 314, 43, 455, 315, 43, 0, 0, 0
L 455, 315, 43, 455, 320, 43, 0, 0, 0
L 455, 320, 43, 456, 322, 43, 0, 0, 0
L 456, 322, 43, 456, 324, 43, 0, 0, 0
L 456, 324, 43, 455, 324, 43, 0, 0, 0
L 455, 324, 43, 453, 324, 45, 0, 0, 0
L 453, 324, 45, 452, 326, 45, 0, 0, 0
L 452, 326, 45, 452, 327, 45, 0, 0, 0
L 452, 327, 45, 451, 329, 45, 0, 0, 0
L 451, 329, 45, 452, 334, 46, 0, 0, 0
L 452, 334, 46, 452, 336, 45, 0, 0, 0
L 452, 336, 45, 453, 338, 45, 0, 0, 0
L 453, 338, 45, 454, 339, 45, 0, 0, 0
L 454, 339, 45, 456, 340, 44, 0, 0, 0
L 456, 340, 44, 457, 342, 43, 0, 0, 0
L 457, 342, 43, 458, 343, 43, 0, 0, 0
L 458, 343, 43, 459, 345, 43, 0, 0, 0
L 459, 345, 43, 461, 347, 43, 0, 0, 0
L 461, 347, 43, 461, 349, 43, 0, 0, 0
L 461, 349, 43, 460, 354, 43, 0, 0, 0
L 460, 354, 43, 460, 355, 43, 0, 0, 0
L 460, 355, 43, 459, 356, 43, 0, 0, 0
L 459, 356, 43, 458, 358, 43, 0, 0, 0
L 458, 358, 43, 457, 359, 43, 0, 0, 0
L 457, 359, 43, 454, 362, 44, 0, 0, 0
L 454, 362, 44, 454, 364, 45, 0, 0, 0
L 454, 364, 45, 452, 366, 45, 0, 0, 0
L 452, 366, 45, 451, 367, 47, 0, 0, 0
L 451, 367, 47, 450, 369, 47, 0, 0, 0
L 450, 369, 47, 450, 370, 47, 0, 0, 0
L 450, 370, 47, 449, 371, 47, 0, 0, 0
L 449, 371, 47, 449, 376, 47, 0, 0, 0
L 449, 376, 47, 448, 378, 49, 0, 0, 0
L 448, 378, 49, 448, 379, 49, 0, 0, 0
L 448, 379, 49, 447, 381, 49, 0, 0, 0
L 447, 381, 49, 447, 382, 49, 0, 0, 0
L 447, 382, 49, 446, 384, 49, 0, 0, 0
L 446, 384, 49, 446, 387, 49, 0, 0, 0
L 446, 387, 49, 447, 389, 49, 0, 0, 0
L 447, 389, 49, 448, 390, 49, 0, 0, 0
L 448, 390, 49, 450, 392, 47, 0, 0, 0
L 450, 392, 47, 452, 394, 47, 0, 0, 0
L 452, 394, 47, 453, 394, 46, 0, 0, 0
L 453, 394, 46, 455, 393, 44, 0, 0, 0
L 455, 393, 44, 456, 392, 43, 0, 0, 0
L 456, 392, 43, 459, 392, 43, 0, 0, 0
L 459, 392, 43, 460, 393, 43, 0, 0, 0
L 460, 393, 43, 462, 394, 43, 0, 0, 0
L 462, 394, 43, 467, 399, 43, 0, 0, 0
L 467, 399, 43, 468, 399, 43, 0, 0, 0
L 468, 399, 43, 470, 400, 43, 0, 0, 0
L 470, 400, 43, 472, 400, 43, 0, 0, 0
L 472, 400, 43, 476, 399, 43, 0, 0, 0
L 476, 399, 43, 481, 399, 43, 0, 0, 0
L 481, 399, 43, 491, 398, 43, 0, 0, 0
L 491, 398, 43, 501, 398, 43, 0, 0, 0
L 501, 398, 43, 506, 399, 43, 0, 0, 0
L 506, 399, 43, 512, 399, 43, 0, 0, 0
L 512, 399, 43, 513, 400, 43, 0, 0, 0
L 513, 400, 43, 515, 402, 42, 0, 0, 0
L 515, 402, 42, 515, 406, 42, 0, 0, 0
L 515, 406, 42, 517, 408, 42, 0, 0, 0
L 517, 408, 42, 518, 410, 41, 0, 0, 0
L 518, 410, 41, 519, 411, 41, 0, 0, 0
L 519, 411, 41, 520, 412, 40, 0, 0, 0
L 520, 412, 40, 526, 418, 40, 0, 0, 0
L 526, 418, 40, 528, 418, 40, 0, 0, 0
L 528, 418, 40, 530, 420, 42, 0, 0, 0
L 530, 420, 42, 531, 420, 43, 0, 0, 0
L 531, 420, 43, 534, 424, 45, 0, 0, 0
L 534, 424, 45, 535, 425, 45, 0, 0, 0
L 535, 425, 45, 536, 426, 44, 0, 0, 0
L 536, 426, 44, 536, 428, 43, 0, 0, 0
L 536, 428, 43, 537, 430, 40, 0, 0, 0
L 537, 430, 40, 538, 432, 39, 0, 0, 0
L 538, 432, 39, 539, 433, 39, 0, 0, 0
L 539, 433, 39, 540, 434, 40, 0, 0, 0
L 540, 434, 40, 540, 435, 41, 0, 0, 0
L 540, 435, 41, 541, 436, 43, 0, 0, 0
L 541, 436, 43, 542, 438, 44, 0, 0, 0
L 542, 438, 44, 544, 440, 50, 0, 0, 0
L 544, 440, 50, 545, 441, 50, 0, 0, 0
L 545, 441, 50, 547, 443, 51, 0, 0, 0
L 547, 443, 51, 550, 445, 52, 0, 0, 0
L 550, 445, 52, 558, 451, 47, 0, 0, 0
L 558, 451, 47, 573, 463, 38, 0, 0, 0
L 573, 463, 38, 577, 466, 41, 0, 0, 0
L 577, 466, 41, 580, 466, 41, 0, 0, 0
L 580, 466, 41, 582, 466, 40, 0, 0, 0
L 582, 466, 40, 585, 469, 40, 0, 0, 0
L 627, 469, 41, 625, 470, 40, 0, 0, 0
L 625, 470, 40, 624, 471, 39, 0, 0, 0
L 624, 471, 39, 623, 473, 38, 0, 0, 0
L 623, 473, 38, 623, 474, 38, 0, 0, 0
L 623, 474, 38, 623, 476, 37, 0, 0, 0
L 623, 476, 37, 622, 478, 37, 0, 0, 0
L 622, 478, 37, 622, 479, 36, 0, 0, 0
L 622, 479, 36, 622, 486, 37, 0, 0, 0
L 622, 486, 37, 622, 488, 37, 0, 0, 0
L 622, 488, 37, 621, 489, 37, 0, 0, 0
L 621, 489, 37, 621, 491, 37, 0, 0, 0
L 621, 491, 37, 620, 493, 37, 0, 0, 0
L 620, 493, 37, 620, 495, 38, 0, 0, 0
L 620, 495, 38, 620, 496, 38, 0, 0, 0
L 620, 496, 38, 619, 498, 38, 0, 0, 0
L 619, 498, 38, 619, 500, 39, 0, 0, 0
L 619, 500, 39, 619, 506, 39, 0, 0, 0
L 619, 506, 39, 618, 513, 40, 0, 0, 0
L 618, 513, 40, 618, 515, 40, 0, 0, 0
L 618, 515, 40, 618, 526, 39, 0, 0, 0
L 618, 526, 39, 619, 528, 39, 0, 0, 0
L 619, 528, 39, 619, 535, 39, 0, 0, 0
L 619, 535, 39, 620, 541, 39, 0, 0, 0
L 620, 541, 39, 620, 549, 39, 0, 0, 0
L 620, 549, 39, 621, 554, 38, 0, 0, 0
L 621, 554, 38, 621, 556, 38, 0, 0, 0
L 621, 556, 38, 621, 560, 37, 0, 0, 0
L 621, 560, 37, 622, 561, 37, 0, 0, 0
L 622, 561, 37, 622, 565, 37, 0, 0, 0
L 622, 565, 37, 623, 567, 38, 0, 0, 0
L 623, 567, 38, 623, 570, 38, 0, 0, 0
L 623, 570, 38, 624, 572, 39, 0, 0, 0
L 624, 572, 39, 624, 574, 39, 0, 0, 0
L 624, 574, 39, 625, 575, 40, 0, 0, 0
L 625, 575, 40, 625, 586, 40, 0, 0, 0
L 625, 586, 40, 625, 587, 41, 0, 0, 0
L 625, 587, 41, 624, 591, 41, 0, 0, 0
L 624, 591, 41, 624, 596, 41, 0, 0, 0
L 624, 596, 41, 623, 598, 41, 0, 0, 0
L 623, 598, 41, 623, 599, 40, 0, 0, 0
L 623, 599, 40, 622, 600, 40, 0, 0, 0
L 622, 600, 40, 622, 601, 40, 0, 0, 0
L 622, 601, 40, 621, 602, 40, 0, 0, 0
L 621, 602, 40, 621, 603, 40, 0, 0, 0
L 621, 603, 40, 620, 604, 40, 0, 0, 0
L 620, 604, 40, 618, 608, 40, 0, 0, 0
L 618, 608, 40, 616, 610, 40, 0, 0, 0
L 616, 610, 40, 610, 615, 40, 0, 0, 0
L 610, 615, 40, 607, 618, 40, 0, 0, 0
L 607, 618, 40, 599, 622, 39, 0, 0, 0
L 599, 622, 39, 597, 623, 40, 0, 0, 0
L 597, 623, 40, 596, 624, 40, 0, 0, 0
L 596, 624, 40, 595, 624, 41, 0, 0, 0
L 595, 624, 41, 593, 625, 41, 0, 0, 0
L 593, 625, 41, 591, 624, 41, 0, 0, 0
L 591, 624, 41, 582, 625, 40, 0, 0, 0
L 582, 625, 40, 580, 625, 40, 0, 0, 0
L 580, 625, 40, 563, 628, 40, 0, 0, 0
L 563, 628, 40, 555, 629, 41, 0, 0, 0
L 555, 629, 41, 546, 628, 40, 0, 0, 0
L 546, 628, 40, 531, 629, 37, 0, 0, 0
L 531, 629, 37, 529, 629, 37, 0, 0, 0
L 529, 629, 37, 527, 630, 37, 0, 0, 0
L 527, 630, 37, 525, 630, 37, 0, 0, 0
L 525, 630, 37, 516, 629, 36, 0, 0, 0
L 516, 629, 36, 506, 629, 35, 0, 0, 0
L 506, 629, 35, 488, 629, 39, 0, 0, 0
L 488, 629, 39, 479, 628, 39, 0, 0, 0
L 479, 628, 39, 477, 628, 39, 0, 0, 0
L 477, 628, 39, 470, 626, 38, 0, 0, 0
L 470, 626, 38, 468, 626, 38, 0, 0, 0
L 468, 626, 38, 458, 626, 39, 0, 0, 0
L 458, 626, 39, 456, 625, 42, 0, 0, 0
L 456, 625, 42, 454, 625, 43, 0, 0, 0
L 454, 625, 43, 452, 624, 44, 0, 0, 0
L 452, 624, 44, 449, 624, 44, 0, 0, 0
L 449, 624, 44, 433, 624, 39, 0, 0, 0
L 433, 624, 39, 430, 624, 37, 0, 0, 0
L 430, 624, 37, 428, 624, 37, 0, 0, 0
L 428, 624, 37, 425, 625, 36, 0, 0, 0
L 425, 625, 36, 416, 628, 39, 0, 0, 0
L 416, 628, 39, 408, 631, 38, 0, 0, 0
L 408, 631, 38, 405, 631, 39, 0, 0, 0
L 405, 631, 39, 404, 632, 39, 0, 0, 0
L 404, 632, 39, 400, 631, 38, 0, 0, 0
L 400, 631, 38, 399, 631, 38, 0, 0, 0
L 399, 631, 38, 392, 630, 38, 0, 0, 0
L 392, 630, 38, 391, 629, 38, 0, 0, 0
L 391, 629, 38, 381, 626, 38, 0, 0, 0
L 381, 626, 38, 380, 625, 37, 0, 0, 0
L 380, 625, 37, 376, 624, 36, 0, 0, 0
L 376, 624, 36, 373, 622, 36, 0, 0, 0
L 373, 622, 36, 373, 621, 35, 0, 0, 0
L 373, 621, 35, 373, 616, 34, 0, 0, 0
L 373, 616, 34, 372, 615, 34, 0, 0, 0
L 372, 615, 34, 358, 615, 34, 0, 0, 0
L 358, 615, 34, 357, 616, 35, 0, 0, 0
L 357, 616, 35, 357, 617, 36, 0, 0, 0
L 357, 617, 36, 357, 626, 36, 0, 0, 0
L 357, 626, 36, 358, 627, 38, 0, 0, 0
L 358, 627, 38, 358, 629, 40, 0, 0, 0
L 358, 629, 40, 359, 631, 41, 0, 0, 0
L 359, 631, 41, 358, 638, 42, 0, 0, 0
L 358, 638, 42, 358, 640, 43, 0, 0, 0
L 358, 640, 43, 358, 641, 43, 0, 0, 0
L 358, 641, 43, 357, 642, 43, 0, 0, 0
L 357, 642, 43, 357, 643, 43, 0, 0, 0
L 357, 643, 43, 356, 644, 43, 0, 0, 0
L 356, 644, 43, 356, 646, 43, 0, 0, 0
L 356, 646, 43, 355, 647, 43, 0, 0, 0
L 355, 647, 43, 354, 648, 42, 0, 0, 0
L 354, 648, 42, 354, 649, 42, 0, 0, 0
L 354, 649, 42, 353, 650, 41, 0, 0, 0
L 353, 650, 41, 348, 657, 36, 0, 0, 0
L 348, 657, 36, 347, 658, 34, 0, 0, 0
L 347, 658, 34, 346, 658, 34, 0, 0, 0
L 346, 658, 34, 345, 659, 34, 0, 0, 0
L 345, 659, 34, 343, 660, 34, 0, 0, 0
L 343, 660, 34, 339, 664, 34, 0, 0, 0
L 339, 664, 34, 338, 664, 34, 0, 0, 0
L 338, 664, 34, 337, 665, 34, 0, 0, 0
L 337, 665, 34, 336, 665, 34, 0, 0, 0
L 336, 665, 34, 335, 666, 34, 0, 0, 0
L 335, 666, 34, 332, 667, 34, 0, 0, 0
L 332, 667, 34, 330, 668, 34, 0, 0, 0
L 330, 668, 34, 325, 669, 34, 0, 0, 0
L 325, 669, 34, 323, 670, 34, 0, 0, 0
L 323, 670, 34, 319, 670, 36, 0, 0, 0
L 319, 670, 36, 318, 670, 38, 0, 0, 0
L 318, 670, 38, 312, 670, 45, 0, 0, 0
L 312, 670, 45, 310, 670, 45, 0, 0, 0
L 310, 670, 45, 309, 669, 45, 0, 0, 0
L 309, 669, 45, 302, 665, 43, 0, 0, 0
L 302, 665, 43, 301, 665, 43, 0, 0, 0
L 301, 665, 43, 299, 664, 41, 0, 0, 0
L 299, 664, 41, 297, 664, 40, 0, 0, 0
L 297, 664, 40, 293, 664, 36, 0, 0, 0
L 293, 664, 36, 292, 664, 36, 0, 0, 0
L 292, 664, 36, 289, 665, 35, 0, 0, 0
L 289, 665, 35, 283, 667, 35, 0, 0, 0
L 283, 667, 35, 282, 667, 34, 0, 0, 0
L 282, 667, 34, 280, 667, 36, 0, 0, 0
L 280, 667, 36, 272, 667, 40, 0, 0, 0
L 272, 667, 40, 271, 666, 41, 0, 0, 0
L 271, 666, 41, 269, 665, 41, 0, 0, 0
L 269, 665, 41, 269, 664, 41, 0, 0, 0
L 269, 664, 41, 264, 661, 39, 0, 0, 0
L 264, 661, 39, 262, 660, 38, 0, 0, 0
L 262, 660, 38, 252, 658, 34, 0, 0, 0
L 252, 658, 34, 250, 658, 34, 0, 0, 0
L 250, 658, 34, 249, 657, 34, 0, 0, 0
L 249, 657, 34, 247, 657, 34, 0, 0, 0
L 247, 657, 34, 245, 656, 34, 0, 0, 0
L 245, 656, 34, 245, 654, 34, 0, 0, 0
L 245, 654, 34, 246, 620, 36, 0, 0, 0
L 246, 620, 36, 246, 619, 36, 0, 0, 0
L 246, 619, 36, 246, 612, 34, 0, 0, 0
L 246, 612, 34, 246, 608, 34, 0, 0, 0
L 246, 608, 34, 232, 608, 34, 0, 0, 0
L 232, 608, 34, 231, 609, 34, 0, 0, 0
L 231, 609, 34, 231, 611, 34, 0, 0, 0
L 231, 611, 34, 235, 615, 34, 0, 0, 0
L 235, 615, 34, 225, 615, 34, 0, 0, 0
L 225, 615, 34, 207, 615, 27, 0, 0, 0
L 207, 615, 27, 192, 615, 19, 0, 0, 0
L 192, 615, 19, 191, 615, 19, 0, 0, 0
L 191, 615, 19, 190, 694, 19, 0, 0, 0
L 190, 694, 19, 189, 694, 19, 0, 0, 0
L 189, 694, 19, 189, 695, 19, 0, 0, 0
L 189, 695, 19, 188, 697, 19, 0, 0, 0
L 188, 697, 19, 188, 698, 19, 0, 0, 0
L 188, 698, 19, 186, 700, 19, 0, 0, 0
L 186, 700, 19, 186, 701, 19, 0, 0, 0
L 186, 701, 19, 184, 703, 19, 0, 0, 0
L 184, 703, 19, 173, 703, 19, 0, 0, 0
L 173, 703, 19, 167, 703, 22, 0, 0, 0
L 167, 703, 22, 165, 702, 22, 0, 0, 0
L 165, 702, 22, 164, 701, 22, 0, 0, 0
L 164, 701, 22, 160, 701, 22, 0, 0, 0
L 160, 701, 22, 159, 701, 23, 0, 0, 0
L 159, 701, 23, 157, 701, 23, 0, 0, 0
L 157, 701, 23, 151, 703, 22, 0, 0, 0
L 151, 703, 22, 150, 703, 21, 0, 0, 0
L 150, 703, 21, 105, 703, 19, 0, 0, 0
L 105, 703, 19, 86, 703, 19, 0, 0, 0
L 86, 703, 19, 85, 702, 19, 0, 0, 0
L 85, 702, 19, 83, 701, 19, 0, 0, 0
L 83, 701, 19, 84, 657, 19, 0, 0, 0
L 84, 657, 19, 85, 656, 19, 0, 0, 0
L 85, 656, 19, 86, 654, 19, 0, 0, 0
L 86, 654, 19, 86, 653, 19, 0, 0, 0
L 86, 653, 19, 84, 653, 19, 0, 0, 0
L 84, 653, 19, 83, 652, 19, 0, 0, 0
L 83, 652, 19, 75, 652, 19, 0, 0, 0
L 75, 652, 19, 73, 654, 19, 0, 0, 0
L 73, 654, 19, 74, 656, 19, 0, 0, 0
L 74, 656, 19, 74, 657, 19, 0, 0, 0
L 74, 657, 19, 75, 659, 20, 0, 0, 0
L 75, 659, 20, 75, 681, 19, 0, 0, 0
L 75, 681, 19, 74, 682, 19, 0, 0, 0
L 74, 682, 19, 67, 692, 19, 0, 0, 0
L 67, 692, 19, 66, 694, 19, 0, 0, 0
L 66, 694, 19, 65, 695, 19, 0, 0, 0
L 65, 695, 19, 64, 697, 19, 0, 0, 0
L 64, 697, 19, 62, 698, 20, 0, 0, 0
L 62, 698, 20, 61, 699, 21, 0, 0, 0
L 61, 699, 21, 59, 700, 22, 0, 0, 0
L 59, 700, 22, 58, 701, 22, 0, 0, 0
L 58, 701, 22, 55, 703, 22, 0, 0, 0
L 55, 703, 22, 53, 703, 21, 0, 0, 0
L 53, 703, 21, 52, 703, 21, 0, 0, 0
L 52, 703, 21, 28, 703, 19, 0, 0, 0
L 28, 703, 19, 25, 706, 19, 0, 0, 0
L 25, 706, 19, 25, 707, 19, 0, 0, 0
L 25, 707, 19, 24, 709, 19, 0, 0, 0
L 24, 709, 19, 25, 710, 19, 0, 0, 0
L 25, 710, 19, 26, 712, 19, 0, 0, 0
L 26, 712, 19, 27, 713, 19, 0, 0, 0
L 27, 713, 19, 27, 714, 19, 0, 0, 0
L 27, 714, 19, 26, 723, 22, 0, 0, 0
L 26, 723, 22, 24, 723, 22, 0, 0, 0
L 24, 723, 22, -3, 723, 24, 0, 0, 0
L -3, 723, 24, -4, 723, 23, 0, 0, 0
L -4, 723, 23, -6, 721, 23, 0, 0, 0
L -6, 721, 23, -8, 720, 23, 0, 0, 0
L -8, 720, 23, -9, 720, 23, 0, 0, 0
L -9, 720, 23, -10, 721, 24, 0, 0, 0
L -10, 721, 24, -12, 721, 24, 0, 0, 0
L -12, 721, 24, -14, 720, 23, 0, 0, 0
L -14, 720, 23, -15, 720, 23, 0, 0, 0
L -15, 720, 23, -16, 720, 22, 0, 0, 0
L -16, 720, 22, -22, 720, 20, 0, 0, 0
L -22, 720, 20, -31, 722, 19, 0, 0, 0
L -31, 722, 19, -33, 722, 19, 0, 0, 0
L -33, 722, 19, -37, 723, 20, 0, 0, 0
L -37, 723, 20, -38, 723, 21, 0, 0, 0
L -38, 723, 21, -39, 722, 22, 0, 0, 0
L -39, 722, 22, -40, 722, 21, 0, 0, 0
L -40, 722, 21, -40, 721, 21, 0, 0, 0
L -40, 721, 21, -39, 711, 19, 0, 0, 0
L -39, 711, 19, -38, 710, 19, 0, 0, 0
L -38, 710, 19, -38, 690, 19, 0, 0, 0
L -38, 690, 19, -39, 689, 19, 0, 0, 0
L -39, 689, 19, -40, 686, 19, 0, 0, 0
L -40, 686, 19, -40, 685, 19, 0, 0, 0
L -40, 685, 19, -40, 657, 23, 0, 0, 0
L -40, 657, 23, -39, 657, 23, 0, 0, 0
L -39, 657, 23, -38, 656, 23, 0, 0, 0
L -38, 656, 23, -39, 654, 23, 0, 0, 0
L -39, 654, 23, -39, 653, 23, 0, 0, 0
L -39, 653, 23, -41, 652, 23, 0, 0, 0
L -41, 652, 23, -48, 652, 23, 0, 0, 0
L -48, 652, 23, -49, 653, 23, 0, 0, 0
L -49, 653, 23, -51, 654, 23, 0, 0, 0
L -51, 654, 23, -53, 656, 23, 0, 0, 0
L -53, 656, 23, -53, 659, 23, 0, 0, 0
L -53, 659, 23, -72, 659, 23, 0, 0, 0
L -73, 640, 23, -75, 640, 23, 0, 0, 0
L -75, 640, 23, -70, 640, 23, 0, 0, 0
L -70, 640, 23, -61, 640, 24, 0, 0, 0
L -61, 640, 24, -48, 640, 24, 0, 0, 0
L -48, 640, 24, -48, 642, 23, 0, 0, 0
L -48, 642, 23, -50, 643, 23, 0, 0, 0
L -50, 643, 23, -49, 645, 23, 0, 0, 0
L -49, 645, 23, -47, 647, 23, 0, 0, 0
L -47, 647, 23, -39, 647, 23, 0, 0, 0
L -39, 647, 23, -39, 642, 23, 0, 0, 0
L -39, 642, 23, -40, 640, 23, 0, 0, 0
L -40, 640, 23, -40, 596, 22, 0, 0, 0
L -3, 587, 19, -3, 590, 19, 0, 0, 0
L -3, 590, 19, -3, 588, 19, 0, 0, 0
L -3, 588, 19, -1, 586, 19, 0, 0, 0
L -1, 586, 19, 0, 586, 19, 0, 0, 0
L 0, 586, 19, 1, 587, 19, 0, 0, 0
L 1, 587, 19, 19, 587, 19, 0, 0, 0
L 19, 587, 19, 27, 587, 17, 0, 0, 0
L 27, 587, 17, 28, 586, 16, 0, 0, 0
L 28, 586, 16, 47, 568, 21, 0, 0, 0
L 47, 568, 21, 47, 566, 20, 0, 0, 0
L 47, 566, 20, 47, 524, 15, 0, 0, 0
L 47, 524, 15, 51, 520, 15, 0, 0, 0
L 51, 520, 15, 50, 519, 15, 0, 0, 0
L 50, 519, 15, 49, 517, 15, 0, 0, 0
L 49, 517, 15, 50, 516, 15, 0, 0, 0
L 50, 516, 15, 54, 513, 15, 0, 0, 0
L 54, 513, 15, 55, 513, 15, 0, 0, 0
L 55, 513, 15, 66, 501, 15, 0, 0, 0
L 66, 501, 15, 67, 501, 15, 0, 0, 0
L 67, 501, 15, 68, 500, 15, 0, 0, 0
L 68, 500, 15, 69, 500, 15, 0, 0, 0
L 69, 500, 15, 71, 499, 15, 0, 0, 0
L 71, 499, 15, 71, 497, 15, 0, 0, 0
L 71, 497, 15, 70, 495, 15, 0, 0, 0
L 70, 495, 15, 69, 495, 15, 0, 0, 0
L 69, 495, 15, 69, 492, 15, 0, 0, 0
L 69, 492, 15, 68, 488, 15, 0, 0, 0
L 68, 488, 15, 68, 483, 15, 0, 0, 0
L 68, 483, 15, 69, 481, 15, 0, 0, 0
L 69, 481, 15, 69, 479, 15, 0, 0, 0
L 69, 479, 15, 69, 475, 17, 0, 0, 0
L 69, 475, 17, 71, 475, 17, 0, 0, 0
L 71, 475, 17, 71, 473, 17, 0, 0, 0
L 71, 473, 17, 70, 472, 17, 0, 0, 0
L 70, 472, 17, 68, 472, 18, 0, 0, 0
L 68, 472, 18, -29, 472, 19, 0, 0, 0
L -29, 472, 19, -30, 472, 18, 0, 0, 0
L -30, 472, 18, -34, 472, 17, 0, 0, 0
L -34, 472, 17, -36, 472, 15, 0, 0, 0
L -36, 472, 15, -41, 472, 15, 0, 0, 0
L -41, 472, 15, -43, 473, 15, 0, 0, 0
L -43, 473, 15, -45, 473, 15, 0, 0, 0
L -45, 473, 15, -46, 471, 15, 0, 0, 0
L -46, 471, 15, -47, 470, 15, 0, 0, 0
L -47, 470, 15, -47, 461, 15, 0, 0, 0
L -47, 461, 15, -45, 461, 15, 0, 0, 0
L -45, 461, 15, -44, 462, 15, 0, 0, 0
L -44, 462, 15, -43, 462, 15, 0, 0, 0
L -43, 462, 15, -41, 463, 15, 0, 0, 0
L -41, 463, 15, -26, 463, 15, 0, 0, 0
L -26, 463, 15, -18, 463, 18, 0, 0, 0
L -18, 463, 18, -16, 462, 18, 0, 0, 0
L -16, 462, 18, -15, 461, 18, 0, 0, 0
L -15, 461, 18, -15, 460, 18, 0, 0, 0
L -15, 460, 18, -15, 444, 15, 0, 0, 0
L -15, 444, 15, -14, 443, 15, 0, 0, 0
L -14, 443, 15, -13, 440, 15, 0, 0, 0
L -13, 440, 15, -13, 442, 15, 0, 0, 0
L -13, 442, 15, -12, 443, 15, 0, 0, 0
L -12, 443, 15, 3, 443, 15, 0, 0, 0
L 3, 443, 15, 6, 443, 16, 0, 0, 0
L 6, 443, 16, 8, 442, 17, 0, 0, 0
L 8, 442, 17, 9, 442, 17, 0, 0, 0
L 9, 442, 17, 15, 440, 18, 0, 0, 0
L 15, 440, 18, 19, 440, 18, 0, 0, 0
L 19, 440, 18, 19, 439, 17, 0, 0, 0
L 19, 439, 17, 21, 438, 16, 0, 0, 0
L 21, 438, 16, 26, 430, 15, 0, 0, 0
L 26, 430, 15, 26, 429, 15, 0, 0, 0
L 26, 429, 15, 27, 427, 15, 0, 0, 0
L 27, 427, 15, 28, 426, 15, 0, 0, 0
L 28, 426, 15, 29, 424, 15, 0, 0, 0
L 29, 424, 15, 31, 422, 15, 0, 0, 0
L 31, 422, 15, 31, 420, 15, 0, 0, 0
L 31, 420, 15, 32, 419, 15, 0, 0, 0
L 32, 419, 15, 32, 406, 19, 0, 0, 0
L 32, 406, 19, 30, 405, 18, 0, 0, 0
L 30, 405, 18, 29, 404, 17, 0, 0, 0
L 29, 404, 17, 29, 403, 17, 0, 0, 0
L 29, 403, 17, 29, 399, 16, 0, 0, 0
L 29, 399, 16, 28, 397, 15, 0, 0, 0
L 28, 397, 15, 29, 396, 15, 0, 0, 0
L 29, 396, 15, 30, 394, 15, 0, 0, 0
L 30, 394, 15, 30, 392, 15, 0, 0, 0
L 30, 392, 15, 40, 392, 15, 0, 0, 0
L 40, 392, 15, 41, 393, 15, 0, 0, 0
L 41, 393, 15, 41, 398, 15, 0, 0, 0
L 41, 398, 15, 40, 400, 15, 0, 0, 0
L 40, 400, 15, 40, 401, 15, 0, 0, 0
L 40, 401, 15, 41, 451, 20, 0, 0, 0
L 41, 451, 20, 44, 451, 20, 0, 0, 0
L 44, 451, 20, 51, 451, 16, 0, 0, 0
L 51, 451, 16, 53, 451, 15, 0, 0, 0
L 53, 451, 15, 60, 451, 15, 0, 0, 0
L 60, 451, 15, 59, 328, 15, 0, 0, 0
L 59, 328, 15, 58, 328, 15, 0, 0, 0
L 58, 328, 15, 56, 329, 15, 0, 0, 0
L 56, 329, 15, 54, 329, 15, 0, 0, 0
L 54, 329, 15, 53, 327, 15, 0, 0, 0
L 53, 327, 15, 53, 326, 15, 0, 0, 0
L 53, 326, 15, 52, 320, 15, 0, 0, 0
L 52, 320, 15, 53, 319, 15, 0, 0, 0
L 53, 319, 15, 55, 318, 15, 0, 0, 0
L 55, 318, 15, 56, 317, 15, 0, 0, 0
L 56, 317, 15, 57, 317, 16, 0, 0, 0
L 57, 317, 16, 59, 318, 16, 0, 0, 0
L 59, 318, 16, 60, 316, 17, 0, 0, 0
L 60, 316, 17, 59, 189, 16, 0, 0, 0
L 59, 189, 16, 58, 188, 16, 0, 0, 0
L 58, 188, 16, 57, 189, 15, 0, 0, 0
L 57, 189, 15, 57, 191, 15, 0, 0, 0
L 57, 191, 15, 56, 192, 15, 0, 0, 0
L 56, 192, 15, 54, 192, 15, 0, 0, 0
L 54, 192, 15, 53, 191, 15, 0, 0, 0
L 53, 191, 15, 53, 179, 15, 0, 0, 0
L 53, 179, 15, 54, 178, 15, 0, 0, 0
L 54, 178, 15, 59, 178, 15, 0, 0, 0
L 59, 178, 15, 60, 176, 15, 0, 0, 0
L 60, 176, 15, 60, 174, 15, 0, 0, 0
L 60, 174, 15, 60, 134, 1, 0, 0, 0
L 60, 134, 0, 61, 133, 1, 0, 0, 0
L 61, 133, 0, 62, 133, 1, 0, 0, 0
L 62, 133, 0, 64, 133, 1, 0, 0, 0
L 64, 133, 1, 67, 133, 3, 0, 0, 0
L 67, 133, 3, 67, 131, 3, 0, 0, 0
L 67, 131, 3, 67, 92, 1, 0, 0, 0
L 67, 92, 0, 66, 92, 1, 0, 0, 0
L 66, 92, 0, 65, 91, 1, 0, 0, 0
L 65, 91, 0, 65, 89, 1, 0, 0, 0
L 65, 89, 0, 65, 68, 1, 0, 0, 0
L 65, 68, 0, 65, 67, 1, 0, 0, 0
L 65, 67, 0, 66, 65, 1, 0, 0, 0
L 66, 65, 0, 67, 64, 1, 0, 0, 0
L 67, 64, 0, 67, 62, 1, 0, 0, 0
L 67, 62, 0, 67, 53, 1, 0, 0, 0
L 67, 53, 0, 66, 53, 1, 0, 0, 0
L 66, 53, 0, 65, 52, 1, 0, 0, 0
L 65, 52, 0, 65, 51, 1, 0, 0, 0
L 65, 51, 0, 65, 35, 1, 0, 0, 0
L 65, 35, 0, 66, 34, 1, 0, 0, 0
L 66, 34, 0, 66, 33, 1, 0, 0, 0
L 66, 33, 0, 67, 32, 1, 0, 0, 0
L 67, 32, 0, 67, 31, 1, 0, 0, 0
L 67, 31, 0, 67, 26, 4, 0, 0, 0
L 67, 26, 4, 65, 26, 3, 0, 0, 0
L 65, 26, 3, 57, 26, 1, 0, 0, 0
L 57, 26, 0, 56, 28, 1, 0, 0, 0
L 56, 28, 0, 55, 28, 1, 0, 0, 0
L 55, 28, 0, 53, 28, 1, 0, 0, 0
L 53, 28, 0, 52, 28, 1, 0, 0, 0
L 52, 28, 0, 51, 28, 1, 0, 0, 0
L 51, 28, 0, 50, 28, 1, 0, 0, 0
L 50, 28, 0, 39, 28, 1, 0, 0, 0
L 39, 28, 0, 37, 28, 1, 0, 0, 0
L 37, 28, 0, 36, 28, 1, 0, 0, 0
L 36, 28, 0, 35, 27, 1, 0, 0, 0
L 35, 27, 0, 34, 26, 1, 0, 0, 0
L 34, 26, 0, 32, 26, 1, 0, 0, 0
L 32, 26, 0, 6, 26, 1, 0, 0, 0
L 6, 26, 0, -12, 26, 4, 0, 0, 0
L -12, 26, 4, -47, 26, 1, 0, 0, 0
L -47, 26, 0, -47, 27, 1, 0, 0, 0
L -47, 27, 0, -47, 72, 1, 0, 0, 0
L -47, 72, 0, -46, 74, 1, 0, 0, 0
L -46, 74, 0, -46, 76, 1, 0, 0, 0
L -46, 76, 0, -47, 77, 1, 0, 0, 0
L -47, 77, 0, -49, 77, 1, 0, 0, 0
L -49, 77, 0, -51, 77, 1, 0, 0, 0
L -51, 77, 0, -56, 76, 1, 0, 0, 0
L -56, 76, 0, -58, 75, 1, 0, 0, 0
L -58, 75, 0, -59, 75, 1, 0, 0, 0
L -59, 75, 0, -59, 73, 1, 0, 0, 0
L -59, 73, 0, -58, 71, 1, 0, 0, 0
L -58, 71, 0, -57, 71, 1, 0, 0, 0
L -57, 71, 0, -56, 70, 1, 0, 0, 0
L -56, 70, 0, -56, 69, 1, 0, 0, 0
L -56, 69, 0, -56, 18, 1, 0, 0, 0
L -56, 18, 0, -58, 18, 1, 0, 0, 0
L -58, 18, 0, -59, 19, 1, 0, 0, 0
L -59, 19, 0, -61, 19, 1, 0, 0, 0
L -61, 19, 0, -63, 18, 1, 0, 0, 0
L -63, 18, 0, -65, 18, 1, 0, 0, 0
L -65, 18, 0, -65, 17, 1, 0, 0, 0
L -65, 17, 0, -64, 16, 1, 0, 0, 0
L -64, 16, 0, -63, 14, 1, 0, 0, 0
L -63, 14, 0, -63, 13, 1, 0, 0, 0
L -63, 13, 0, -63, 9, 1, 0, 0, 0
L -63, 9, 0, -61, 8, 1, 0, 0, 0
L -61, 8, 0, -59, 8, 1, 0, 0, 0
L -59, 8, 0, -57, 9, 1, 0, 0, 0
L -57, 9, 0, -56, 9, 1, 0, 0, 0
L -56, 9, 0, -55, 9, 1, 0, 0, 0
L -55, 9, 0, -6, 9, 1, 0, 0, 0
L -6, 9, 0, -4, 9, 1, 0, 0, 0
L -4, 9, 0, -4, 7, 1, 0, 0, 0
L -4, 7, 0, -5, 5, 1, 0, 0, 0
L -5, 5, 0, -5, 4, 1, 0, 0, 0
L -5, 4, 0, -4, 3, 1, 0, 0, 0
L -4, 3, 0, -3, 1, 1, 0, 0, 0
L -3, 1, 0, -1, 2, 1, 0, 0, 0
L -1, 2, 0, 0, 2, 1, 0, 0, 0
L 0, 2, 0, 1, 2, 1, 0, 0, 0
L 1, 2, 0, 8, 2, 1, 0, 0, 0
L 8, 2, 0, 10, 3, 1, 0, 0, 0
L 10, 3, 0, 10, 5, 1, 0, 0, 0
L 10, 5, 0, 9, 7, 1, 0, 0, 0
L 9, 7, 1, 9, 8, 1, 0, 0, 0
L 9, 8, 1, 8, 9, 2, 0, 0, 0
L 8, 9, 2, 6, 9, 3, 0, 0, 0
L 6, 9, 3, 133, 9, 5, 0, 0, 0
L 133, 9, 5, 135, 9, 6, 0, 0, 0
L 135, 9, 6, 135, 7, 6, 0, 0, 0
L 135, 7, 6, 135, -8, 1, 0, 0, 0
L 135, -8, 0, 134, -9, 1, 0, 0, 0
L 134, -9, 0, 132, -9, 1, 0, 0, 0
L 132, -9, 0, 81, -9, 1, 0, 0, 0
L 81, -9, 0, 80, -10, 1, 0, 0, 0
L 80, -10, 0, 79, -11, 1, 0, 0, 0
L 79, -11, 0, 79, -57, 1, 0, 0, 0
L 79, -57, 1, 77, -56, 1, 0, 0, 0
L 77, -56, 1, 73, -56, 1, 0, 0, 0
L 73, -56, 0, 72, -57, 1, 0, 0, 0
L 72, -57, 0, 72, -59, 1, 0, 0, 0
L 72, -59, 0, 72, -65, 1, 0, 0, 0
L 72, -65, 0, 73, -67, 1, 0, 0, 0
L 73, -67, 0, 74, -67, 1, 0, 0, 0
L 74, -67, 0, 76, -67, 1, 0, 0, 0
L 76, -67, 0, 77, -66, 1, 0, 0, 0
L 77, -66, 0, 79, -66, 1, 0, 0, 0
L 79, -66, 0, 80, -66, 1, 0, 0, 0
L 80, -66, 0, 104, -66, 7, 0, 0, 0
L 104, -66, 7, 104, -68, 6, 0, 0, 0
L 104, -68, 6, 103, -90, 1, 0, 0, 0
L 103, -90, 0, 102, -91, 1, 0, 0, 0
L 102, -91, 0, 102, -93, 1, 0, 0, 0
L 102, -93, 0, 102, -108, 1, 0, 0, 0
L 102, -108, 0, 102, -109, 1, 0, 0, 0
L 102, -109, 0, 104, -113, 1, 0, 0, 0
L 104, -113, 0, 104, -114, 1, 0, 0, 0
L 104, -114, 0, 103, -131, 5, 0, 0, 0
L 103, -131, 5, 102, -131, 4, 0, 0, 0
L 102, -131, 4, 96, -131, 3, 0, 0, 0
L 96, -131, 3, 95, -132, 3, 0, 0, 0
L 95, -132, 3, 93, -133, 2, 0, 0, 0
L 93, -133, 2, 92, -134, 2, 0, 0, 0
L 92, -134, 2, 85, -141, 1, 0, 0, 0
L 85, -141, 0, 84, -143, 1, 0, 0, 0
L 84, -143, 0, 84, -144, 1, 0, 0, 0
L 84, -144, 0, 83, -145, 1, 0, 0, 0
L 83, -145, 0, 83, -146, 1, 0, 0, 0
L 83, -146, 0, 82, -148, 1, 0, 0, 0
L 82, -148, 0, 81, -149, 1, 0, 0, 0
L 81, -149, 0, 80, -149, 1, 0, 0, 0
L 80, -149, 1, 72, -149, 3, 0, 0, 0
L 72, -149, 3, 71, -150, 3, 0, 0, 0
L 71, -150, 3, 70, -152, 3, 0, 0, 0
L 70, -152, 3, 69, -153, 3, 0, 0, 0
L 69, -153, 3, 68, -154, 2, 0, 0, 0
L 68, -154, 2, 68, -156, 2, 0, 0, 0
L 68, -156, 2, 67, -157, 2, 0, 0, 0
L 67, -157, 2, 68, -159, 1, 0, 0, 0
L 68, -159, 1, 68, -161, 1, 0, 0, 0
L 68, -161, 0, 68, -162, 1, 0, 0, 0
L 68, -162, 0, 69, -163, 1, 0, 0, 0
L 69, -163, 0, 69, -164, 1, 0, 0, 0
L 69, -164, 0, 70, -165, 1, 0, 0, 0
L 70, -165, 0, 70, -167, 1, 0, 0, 0
L 70, -167, 0, 71, -168, 1, 0, 0, 0
L 71, -168, 0, 71, -169, 1, 0, 0, 0
L 71, -169, 0, 71, -193, 4, 0, 0, 0
L 71, -193, 4, 70, -194, 4, 0, 0, 0
L 70, -194, 4, 70, -195, 5, 0, 0, 0
L 70, -195, 5, 68, -197, 5, 0, 0, 0
L 68, -197, 5, 67, -197, 4, 0, 0, 0
L 67, -197, 4, 66, -197, 4, 0, 0, 0
L 66, -197, 4, 57, -197, 1, 0, 0, 0
L 57, -197, 0, 45, -197, 1, 0, 0, 0
L 45, -197, 0, 43, -196, 1, 0, 0, 0
L 43, -196, 0, 42, -196, 1, 0, 0, 0
L 42, -196, 0, 40, -197, 1, 0, 0, 0
L 40, -197, 0, 39, -198, 1, 0, 0, 0
L 39, -198, 0, 39, -200, 1, 0, 0, 0
L 39, -200, 0, 40, -202, 1, 0, 0, 0
L 40, -202, 0, 40, -204, 1, 0, 0, 0
L 40, -204, 0, 40, -207, 1, 0, 0, 0
L 40, -207, 0, 42, -207, 1, 0, 0, 0
L 42, -207, 0, 43, -207, 1, 0, 0, 0
L 43, -207, 0, 44, -207, 1, 0, 0, 0
L 44, -207, 0, 47, -206, 1, 0, 0, 0
L 47, -206, 0, 50, -206, 1, 0, 0, 0
L 50, -206, 0, 51, -206, 1, 0, 0, 0
L 51, -206, 0, 57, -206, 1, 0, 0, 0
L 57, -206, 0, 56, -208, 1, 0, 0, 0
L 56, -208, 0, 57, -209, 1, 0, 0, 0
L 57, -209, 0, 58, -211, 1, 0, 0, 0
L 58, -211, 0, 60, -212, 1, 0, 0, 0
L 60, -212, 0, 62, -212, 1, 0, 0, 0
L 62, -212, 0, 63, -212, 1, 0, 0, 0
L 63, -212, 0, 65, -211, 1, 0, 0, 0
L 65, -211, 0, 66, -209, 1, 0, 0, 0
L 66, -209, 0, 66, -208, 1, 0, 0, 0
L 66, -208, 0, 67, -207, 1, 0, 0, 0
L 67, -207, 0, 68, -206, 1, 0, 0, 0
L 68, -206, 0, 69, -206, 1, 0, 0, 0
L 69, -206, 0, 73, -206, 1, 0, 0, 0
L 73, -206, 0, 74, -207, 1, 0, 0, 0
L 74, -207, 0, 74, -208, 1, 0, 0, 0
L 74, -208, 0, 76, -208, 1, 0, 0, 0
L 76, -208, 0, 91, -208, 1, 0, 0, 0
L 91, -208, 0, 92, -207, 1, 0, 0, 0
L 92, -207, 0, 97, -206, 1, 0, 0, 0
L 97, -206, 0, 97, -207, 1, 0, 0, 0
L 97, -207, 0, 97, -211, 1, 0, 0, 0
L 97, -211, 0, 99, -212, 1, 0, 0, 0
L 99, -212, 0, 101, -212, 1, 0, 0, 0
L 101, -212, 0, 102, -212, 1, 0, 0, 0
L 102, -212, 0, 105, -212, 1, 0, 0, 0
L 105, -212, 0, 106, -211, 1, 0, 0, 0
L 106, -211, 0, 106, -209, 1, 0, 0, 0
L 106, -209, 0, 107, -208, 1, 0, 0, 0
L 107, -208, 0, 107, -207, 1, 0, 0, 0
L 107, -207, 0, 109, -206, 1, 0, 0, 0
L 109, -206, 0, 110, -206, 1, 0, 0, 0
L 110, -206, 0, 119, -206, 1, 0, 0, 0
L 119, -206, 1, 121, -206, 1, 0, 0, 0
L 121, -206, 1, 127, -207, 5, 0, 0, 0
L 127, -207, 5, 127, -208, 5, 0, 0, 0
L 127, -208, 5, 126, -224, 1, 0, 0, 0
L 126, -224, 0, 126, -225, 1, 0, 0, 0
L 126, -225, 0, 125, -225, 1, 0, 0, 0
L 125, -225, 0, 122, -225, 1, 0, 0, 0
L 122, -225, 0, 122, -226, 1, 0, 0, 0
L 122, -226, 0, 122, -227, 1, 0, 0, 0
L 122, -227, 0, 121, -229, 1, 0, 0, 0
L 121, -229, 0, 120, -231, 1, 0, 0, 0
L 120, -231, 0, 121, -232, 1, 0, 0, 0
L 121, -232, 0, 122, -234, 1, 0, 0, 0
L 122, -234, 0, 123, -235, 1, 0, 0, 0
L 123, -235, 0, 125, -236, 1, 0, 0, 0
L 125, -236, 0, 126, -236, 1, 0, 0, 0
L 126, -236, 0, 127, -237, 1, 0, 0, 0
L 127, -237, 0, 127, -238, 1, 0, 0, 0
L 127, -238, 0, 127, -242, 1, 0, 0, 0
L 127, -242, 0, 125, -242, 1, 0, 0, 0
L 125, -242, 0, 123, -243, 1, 0, 0, 0
L 123, -243, 0, 123, -244, 1, 0, 0, 0
L 123, -244, 0, 122, -246, 1, 0, 0, 0
L 122, -246, 0, 122, -267, 1, 0, 0, 0
L 122, -267, 0, 121, -268, 1, 0, 0, 0
L 121, -268, 0, 120, -271, 1, 0, 0, 0
L 120, -271, 0, 120, -274, 1, 0, 0, 0
L 120, -274, 0, 120, -277, 1, 0, 0, 0
L 120, -277, 1, 121, -280, 1, 0, 0, 0
L 121, -280, 1, 123, -282, 1, 0, 0, 0
L 123, -282, 1, 125, -283, 1, 0, 0, 0
L 125, -283, 1, 124, -283, 1, 0, 0, 0
L 124, -283, 0, 124, -286, 1, 0, 0, 0
L 124, -286, 1, 124, -303, 1, 0, 0, 0
L 124, -303, 0, 124, -305, 1, 0, 0, 0
L 124, -305, 0, 123, -308, 1, 0, 0, 0
L 123, -308, 0, 123, -316, 1, 0, 0, 0
L 123, -316, 0, 122, -316, 1, 0, 0, 0
L 122, -316, 0, 121, -318, 1, 0, 0, 0
L 121, -318, 0, 120, -320, 1, 0, 0, 0
L 120, -320, 0, 120, -323, 1, 0, 0, 0
L 120, -323, 0, 121, -325, 1, 0, 0, 0
L 121, -325, 0, 121, -327, 1, 0, 0, 0
L 121, -327, 0, 123, -329, 1, 0, 0, 0
L 123, -329, 0, 124, -329, 1, 0, 0, 0
L 124, -329, 0, 125, -330, 1, 0, 0, 0
L 125, -330, 0, 125, -332, 1, 0, 0, 0
L 125, -332, 0, 125, -347, 1, 0, 0, 0
L 125, -347, 0, 124, -348, 1, 0, 0, 0
L 124, -348, 0, 124, -349, 1, 0, 0, 0
L 124, -349, 0, 124, -350, 1, 0, 0, 0
L 124, -350, 0, 124, -352, 1, 0, 0, 0
L 124, -352, 0, 123, -353, 1, 0, 0, 0
L 123, -353, 0, 123, -355, 1, 0, 0, 0
L 123, -355, 0, 122, -356, 1, 0, 0, 0
L 122, -356, 0, 122, -357, 1, 0, 0, 0
L 122, -357, 0, 121, -358, 1, 0, 0, 0
L 121, -358, 0, 120, -360, 1, 0, 0, 0
L 120, -360, 0, 120, -361, 1, 0, 0, 0
L 120, -361, 0, 121, -364, 1, 0, 0, 0
L 121, -364, 0, 121, -365, 1, 0, 0, 0
L 121, -365, 0, 121, -366, 1, 0, 0, 0
L 121, -366, 0, 122, -367, 1, 0, 0, 0
L 122, -367, 0, 122, -368, 1, 0, 0, 0
L 122, -368, 0, 124, -370, 1, 0, 0, 0
L 124, -370, 0, 125, -370, 1, 0, 0, 0
L 125, -370, 0, 127, -371, 1, 0, 0, 0
L 127, -371, 0, 127, -373, 1, 0, 0, 0
L 127, -373, 0, 126, -385, 7, 0, 0, 0
L 126, -385, 7, 123, -385, 7, 0, 0, 0
L 123, -385, 7, 107, -385, 1, 0, 0, 0
L 107, -385, 0, 107, -384, 1, 0, 0, 0
L 107, -384, 0, 107, -382, 1, 0, 0, 0
L 107, -382, 0, 106, -381, 1, 0, 0, 0
L 106, -381, 0, 104, -380, 1, 0, 0, 0
L 104, -380, 0, 103, -379, 1, 0, 0, 0
L 103, -379, 0, 101, -379, 1, 0, 0, 0
L 101, -379, 0, 100, -379, 1, 0, 0, 0
L 100, -379, 0, 95, -382, 1, 0, 0, 0
L 95, -382, 0, 93, -383, 1, 0, 0, 0
L 93, -383, 0, 92, -384, 1, 0, 0, 0
L 92, -384, 0, 91, -383, 1, 0, 0, 0
L 91, -383, 0, 91, -381, 1, 0, 0, 0
L 91, -381, 0, 90, -381, 1, 0, 0, 0
L 90, -381, 0, 85, -382, 3, 0, 0, 0
L 85, -382, 3, 83, -383, 3, 0, 0, 0
L 83, -383, 3, 73, -385, 6, 0, 0, 0
L 73, -385, 6, 72, -385, 6, 0, 0, 0
L 72, -385, 6, 66, -385, 2, 0, 0, 0
L 66, -385, 2, 67, -383, 1, 0, 0, 0
L 67, -383, 0, 66, -381, 1, 0, 0, 0
L 66, -381, 0, 65, -380, 1, 0, 0, 0
L 65, -380, 0, 63, -379, 1, 0, 0, 0
L 63, -379, 0, 62, -379, 1, 0, 0, 0
L 62, -379, 0, 61, -378, 1, 0, 0, 0
L 61, -378, 0, 59, -379, 1, 0, 0, 0
L 59, -379, 0, 56, -380, 1, 0, 0, 0
L 56, -380, 0, 56, -381, 1, 0, 0, 0
L 56, -381, 0, 56, -384, 1, 0, 0, 0
L 56, -384, 0, 55, -385, 1, 0, 0, 0
L 55, -385, 0, 54, -385, 1, 0, 0, 0
L 54, -385, 0, 45, -385, 1, 0, 0, 0
L 45, -385, 0, 43, -384, 1, 0, 0, 0
L 43, -384, 0, 41, -384, 1, 0, 0, 0
L 41, -384, 0, 40, -386, 1, 0, 0, 0
L 40, -386, 0, 38, -387, 1, 0, 0, 0
L 38, -387, 0, 39, -389, 1, 0, 0, 0
L 39, -389, 0, 40, -389, 1, 0, 0, 0
L 40, -389, 0, 40, -391, 1, 0, 0, 0
L 40, -391, 0, 40, -394, 1, 0, 0, 0
L 40, -394, 0, 42, -395, 1, 0, 0, 0
L 42, -395, 0, 43, -395, 1, 0, 0, 0
L 43, -395, 0, 44, -395, 1, 0, 0, 0
L 44, -395, 0, 45, -394, 1, 0, 0, 0
L 45, -394, 0, 46, -394, 1, 0, 0, 0
L 46, -394, 0, 48, -394, 1, 0, 0, 0
L 48, -394, 0, 58, -394, 1, 0, 0, 0
L 58, -394, 0, 58, -395, 1, 0, 0, 0
L 58, -395, 0, 59, -396, 1, 0, 0, 0
L 59, -396, 0, 61, -396, 1, 0, 0, 0
L 61, -396, 0, 62, -396, 1, 0, 0, 0
L 62, -396, 0, 72, -396, 1, 0, 0, 0
L 72, -396, 0, 76, -396, 1, 0, 0, 0
L 76, -396, 0, 77, -395, 1, 0, 0, 0
L 77, -395, 0, 80, -394, 1, 0, 0, 0
L 80, -394, 0, 81, -394, 1, 0, 0, 0
L 81, -394, 0, 125, -394, 1, 0, 0, 0
L 125, -394, 0, 125, -396, 1, 0, 0, 0
L 125, -396, 0, 126, -396, 1, 0, 0, 0
L 126, -396, 0, 127, -396, 1, 0, 0, 0
L 127, -396, 0, 137, -396, 1, 0, 0, 0
L 137, -396, 0, 147, -396, 1, 0, 0, 0
L 147, -396, 0, 148, -396, 1, 0, 0, 0
L 148, -396, 0, 149, -396, 1, 0, 0, 0
L 149, -396, 0, 152, -395, 1, 0, 0, 0
L 152, -395, 0, 154, -394, 1, 0, 0, 0
L 154, -394, 0, 155, -394, 1, 0, 0, 0
L 155, -394, 0, 158, -394, 1, 0, 0, 0
L 158, -394, 0, 158, -396, 1, 0, 0, 0
L 158, -396, 0, 157, -398, 1, 0, 0, 0
L 157, -398, 0, 156, -398, 1, 0, 0, 0
L 156, -398, 0, 155, -399, 1, 0, 0, 0
L 155, -399, 0, 154, -400, 1, 0, 0, 0
L 154, -400, 0, 155, -402, 1, 0, 0, 0
L 155, -402, 0, 155, -404, 3, 0, 0, 0
L 155, -404, 3, 155, -407, 3, 0, 0, 0
L 155, -407, 3, 156, -408, 3, 0, 0, 0
L 156, -408, 3, 156, -409, 3, 0, 0, 0
L 156, -409, 3, 158, -418, 6, 0, 0, 0
L 158, -418, 6, 158, -419, 5, 0, 0, 0
L 158, -419, 5, 158, -422, 3, 0, 0, 0
L 158, -422, 3, 156, -423, 1, 0, 0, 0
L 156, -423, 1, 134, -446, 1, 0, 0, 0
L 134, -446, 0, 134, -447, 1, 0, 0, 0
L 134, -447, 0, 134, -458, 1, 0, 0, 0
L 134, -458, 0, 132, -458, 1, 0, 0, 0
L 132, -458, 0, 130, -459, 1, 0, 0, 0
L 130, -459, 0, 130, -461, 1, 0, 0, 0
L 130, -461, 0, 130, -463, 1, 0, 0, 0
L 130, -463, 0, 131, -464, 3, 0, 0, 0
L 131, -464, 3, 131, -466, 3, 0, 0, 0
L 131, -466, 3, 132, -468, 3, 0, 0, 0
L 132, -468, 3, 132, -469, 3, 0, 0, 0
L 132, -469, 3, 134, -473, 3, 0, 0, 0
L 134, -473, 3, 134, -473, 7, 0, 0, 0
L 134, -473, 7, 133, -489, 1, 0, 0, 0
L 133, -489, 0, 133, -490, 1, 0, 0, 0
L 133, -490, 0, 132, -492, 1, 0, 0, 0
L 132, -492, 0, 120, -504, 1, 0, 0, 0
L 120, -504, 0, 119, -505, 1, 0, 0, 0
L 119, -505, 0, 117, -506, 1, 0, 0, 0
L 117, -506, 0, 115, -507, 1, 0, 0, 0
L 115, -507, 0, 114, -508, 1, 0, 0, 0
L 114, -508, 0, 113, -508, 1, 0, 0, 0
L 113, -508, 0, 112, -509, 1, 0, 0, 0
L 112, -509, 0, 110, -509, 1, 0, 0, 0
L 110, -509, 0, 109, -509, 1, 0, 0, 0
L 109, -509, 0, 100, -509, 5, 0, 0, 0
L 100, -509, 5, 99, -507, 5, 0, 0, 0
L 99, -507, 5, 99, -506, 5, 0, 0, 0
L 99, -506, 5, 97, -505, 5, 0, 0, 0
L 97, -505, 5, 96, -505, 6, 0, 0, 0
L 96, -505, 6, 95, -505, 6, 0, 0, 0
L 95, -505, 6, 93, -506, 9, 0, 0, 0
L 93, -506, 9, 91, -506, 9, 0, 0, 0
L 91, -506, 9, 89, -505, 8, 0, 0, 0
L 89, -505, 8, 88, -505, 7, 0, 0, 0
L 88, -505, 7, 86, -505, 7, 0, 0, 0
L 86, -505, 7, 85, -506, 6, 0, 0, 0
L 85, -506, 6, 77, -509, 2, 0, 0, 0
L 77, -509, 2, 46, -509, 1, 0, 0, 0
L 46, -509, 0, 45, -508, 1, 0, 0, 0
L 17, -360, 3, -31, -359, 3, 0, 0, 0
L -31, -359, 3, -26, -316, 3, 0, 0, 0
L -26, -316, 3, -13, -316, 4, 0, 0, 0
L -13, -316, 4, -16, -349, 6, 0, 0, 0
L -16, -349, 6, 17, -348, 3, 0, 0, 0
L 17, -348, 3, 17, -359, 3, 0, 0, 0
L -26, -275, 3, -26, -226, 3, 0, 0, 0
L -26, -226, 3, 17, -230, 3, 0, 0, 0
L 17, -230, 3, 18, -242, 3, 0, 0, 0
L 18, -242, 3, -14, -243, 5, 0, 0, 0
L -14, -243, 5, -17, -276, 3, 0, 0, 0
L -17, -276, 3, -27, -276, 3, 0, 0, 0
L 57, -232, 3, 106, -232, 4, 0, 0, 0
L 106, -232, 4, 106, -272, 4, 0, 0, 0
L 106, -272, 4, 89, -276, 3, 0, 0, 0
L 89, -276, 3, 89, -244, 6, 0, 0, 0
L 89, -244, 6, 60, -246, 3, 0, 0, 0
L 60, -246, 3, 57, -229, 3, 0, 0, 0
L 101, -315, 3, 103, -365, 3, 0, 0, 0
L 103, -365, 3, 57, -359, 3, 0, 0, 0
L 57, -359, 3, 57, -348, 3, 0, 0, 0
L 57, -348, 3, 85, -348, 4, 0, 0, 0
L 85, -348, 4, 92, -315, 3, 0, 0, 0
L 92, -315, 3, 103, -316, 3, 0, 0, 0
L -183, 74, 3, -192, 74, 3, 0, 0, 0
L -192, 74, 3, -191, 45, 9, 0, 0, 0
L -191, 45, 9, -276, 45, 10, 0, 0, 0
L -276, 45, 10, -276, 76, 3, 0, 0, 0
L -276, 76, 3, -324, 77, 10, 0, 0, 0
L -324, 77, 10, -323, 106, 3, 0, 0, 0
L -323, 106, 3, -332, 105, 3, 0, 0, 0
L -332, 105, 3, -331, 96, 3, 0, 0, 0
L -331, 96, 3, -336, 95, 3, 0, 0, 0
L -336, 95, 3, -337, 83, 3, 0, 0, 0
L -337, 83, 3, -348, 72, 3, 0, 0, 0
L -348, 72, 3, -359, 72, 6, 0, 0, 0
L -359, 72, 6, -370, 83, 6, 0, 0, 0
L -370, 83, 6, -370, 95, 3, 0, 0, 0
L -370, 95, 3, -391, 95, 3, 0, 0, 0
L -391, 95, 3, -391, 83, 3, 0, 0, 0
L -391, 83, 3, -401, 73, 3, 0, 0, 0
L -401, 73, 3, -413, 72, 3, 0, 0, 0
L -413, 72, 3, -424, 83, 6, 0, 0, 0
L -424, 83, 6, -424, 95, 3, 0, 0, 0
L -424, 95, 3, -444, 96, 3, 0, 0, 0
L -444, 96, 3, -445, 83, 3, 0, 0, 0
L -445, 83, 3, -456, 72, 3, 0, 0, 0
L -456, 72, 3, -467, 72, 3, 0, 0, 0
L -467, 72, 3, -478, 83, 6, 0, 0, 0
L -478, 83, 6, -478, 94, 3, 0, 0, 0
L -478, 94, 3, -514, 96, 9, 0, 0, 0
L -514, 96, 9, -514, 128, 3, 0, 0, 0
L -514, 128, 3, -478, 129, 4, 0, 0, 0
L -478, 129, 4, -478, 141, 3, 0, 0, 0
L -478, 141, 3, -467, 152, 3, 0, 0, 0
L -467, 152, 3, -456, 152, 3, 0, 0, 0
L -456, 152, 3, -445, 141, 6, 0, 0, 0
L -445, 141, 6, -445, 130, 3, 0, 0, 0
L -445, 130, 3, -424, 129, 3, 0, 0, 0
L -424, 129, 3, -424, 141, 3, 0, 0, 0
L -424, 141, 3, -413, 152, 3, 0, 0, 0
L -413, 152, 3, -404, 153, 12, 0, 0, 0
L -404, 153, 12, -391, 141, 6, 0, 0, 0
L -391, 141, 6, -391, 129, 3, 0, 0, 0
L -391, 129, 3, -372, 128, 3, 0, 0, 0
L -372, 128, 3, -370, 141, 3, 0, 0, 0
L -370, 141, 3, -359, 152, 3, 0, 0, 0
L -359, 152, 3, -348, 152, 3, 0, 0, 0
L -348, 152, 3, -337, 141, 6, 0, 0, 0
L -337, 141, 6, -336, 129, 3, 0, 0, 0
L -336, 129, 3, -331, 128, 7, 0, 0, 0
L -331, 128, 7, -332, 117, 3, 0, 0, 0
L -332, 117, 3, -323, 119, 3, 0, 0, 0
L -323, 117, 3, -324, 146, 10, 0, 0, 0
L -324, 146, 10, -239, 146, 8, 0, 0, 0
L -239, 146, 8, -239, 115, 6, 0, 0, 0
L -239, 115, 6, -191, 113, 10, 0, 0, 0
L -191, 113, 10, -192, 85, 3, 0, 0, 0
L -192, 85, 3, -183, 85, 3, 0, 0, 0
L -6, 248, 18, -16, 247, 18, 0, 0, 0
L -16, 247, 18, -15, 218, 18, 0, 0, 0
L -15, 218, 18, -36, 199, 21, 0, 0, 0
L -36, 199, 21, -131, 199, 21, 0, 0, 0
L -131, 199, 21, -131, 246, 22, 0, 0, 0
L -131, 246, 22, -139, 246, 22, 0, 0, 0
L -139, 246, 22, -139, 235, 22, 0, 0, 0
L -139, 235, 22, -153, 235, 22, 0, 0, 0
L -153, 235, 22, -170, 219, 22, 0, 0, 0
L -170, 219, 22, -171, 203, 22, 0, 0, 0
L -171, 203, 22, -207, 203, 23, 0, 0, 0
L -207, 203, 23, -207, 234, 22, 0, 0, 0
L -207, 234, 22, -239, 235, 22, 0, 0, 0
L -239, 235, 22, -238, 248, 22, 0, 0, 0
L -238, 248, 22, -247, 246, 22, 0, 0, 0
L -247, 246, 22, -247, 219, 25, 0, 0, 0
L -247, 219, 25, -375, 219, 26, 0, 0, 0
L -375, 219, 26, -375, 288, 25, 0, 0, 0
L -375, 288, 25, -356, 288, 22, 0, 0, 0
L -356, 288, 22, -355, 321, 24, 0, 0, 0
L -355, 321, 24, -333, 336, 22, 0, 0, 0
L -333, 336, 22, -306, 335, 22, 0, 0, 0
L -306, 335, 22, -306, 344, 22, 0, 0, 0
L -306, 344, 22, -317, 343, 22, 0, 0, 0
L -317, 343, 22, -318, 348, 22, 0, 0, 0
L -318, 348, 22, -331, 349, 22, 0, 0, 0
L -331, 349, 22, -341, 360, 22, 0, 0, 0
L -341, 360, 22, -340, 372, 22, 0, 0, 0
L -340, 372, 22, -330, 382, 25, 0, 0, 0
L -330, 382, 25, -319, 382, 22, 0, 0, 0
L -319, 382, 22, -317, 402, 22, 0, 0, 0
L -317, 402, 22, -330, 403, 22, 0, 0, 0
L -330, 403, 22, -341, 414, 22, 0, 0, 0
L -341, 414, 22, -341, 425, 22, 0, 0, 0
L -341, 425, 22, -330, 436, 25, 0, 0, 0
L -330, 436, 25, -318, 437, 22, 0, 0, 0
L -318, 437, 22, -317, 456, 22, 0, 0, 0
L -317, 456, 22, -330, 457, 22, 0, 0, 0
L -330, 457, 22, -341, 468, 22, 0, 0, 0
L -341, 468, 22, -341, 479, 22, 0, 0, 0
L -341, 479, 22, -330, 490, 25, 0, 0, 0
L -330, 490, 25, -318, 490, 22, 0, 0, 0
L -318, 490, 22, -317, 526, 22, 0, 0, 0
L -317, 526, 22, -285, 526, 22, 0, 0, 0
L -285, 526, 22, -285, 492, 23, 0, 0, 0
L -285, 492, 23, -272, 490, 22, 0, 0, 0
L -272, 490, 22, -261, 479, 22, 0, 0, 0
L -261, 479, 22, -262, 467, 22, 0, 0, 0
L -262, 467, 22, -272, 457, 25, 0, 0, 0
L -272, 457, 25, -283, 457, 22, 0, 0, 0
L -283, 457, 22, -284, 436, 22, 0, 0, 0
L -284, 436, 22, -272, 436, 22, 0, 0, 0
L -272, 436, 22, -261, 425, 22, 0, 0, 0
L -261, 425, 22, -261, 414, 22, 0, 0, 0
L -261, 414, 22, -272, 403, 25, 0, 0, 0
L -272, 403, 25, -284, 403, 22, 0, 0, 0
L -284, 403, 22, -284, 383, 22, 0, 0, 0
L -284, 383, 22, -272, 382, 22, 0, 0, 0
L -272, 382, 22, -261, 371, 22, 0, 0, 0
L -261, 371, 22, -261, 360, 22, 0, 0, 0
L -261, 360, 22, -272, 349, 25, 0, 0, 0
L -272, 349, 25, -283, 349, 22, 0, 0, 0
L -283, 349, 22, -285, 343, 26, 0, 0, 0
L -285, 343, 26, -295, 344, 22, 0, 0, 0
L -295, 344, 22, -295, 335, 22, 0, 0, 0
L -295, 335, 22, -265, 336, 22, 0, 0, 0
L -265, 336, 22, -247, 316, 26, 0, 0, 0
L -247, 316, 26, -248, 259, 22, 0, 0, 0
L -248, 259, 22, -238, 259, 22, 0, 0, 0
L -238, 259, 22, -239, 273, 24, 0, 0, 0
L -239, 273, 24, -208, 304, 22, 0, 0, 0
L -208, 304, 22, -171, 304, 22, 0, 0, 0
L -171, 304, 22, -170, 289, 22, 0, 0, 0
L -170, 289, 22, -154, 273, 22, 0, 0, 0
L -154, 273, 22, -139, 272, 22, 0, 0, 0
L -139, 272, 22, -140, 260, 22, 0, 0, 0
L -140, 260, 22, -130, 259, 22, 0, 0, 0
L -130, 259, 22, -131, 328, 22, 0, 0, 0
L -131, 328, 22, -63, 328, 21, 0, 0, 0
L -63, 328, 21, -63, 309, 18, 0, 0, 0
L -63, 309, 18, -30, 308, 19, 0, 0, 0
L -30, 308, 19, -15, 285, 18, 0, 0, 0
L -15, 285, 18, -16, 259, 18, 0, 0, 0
L -16, 259, 18, -6, 259, 18, 0, 0, 0
L -67, 639, 26, -180, 639, 32, 0, 0, 0
L -180, 639, 32, -180, 660, 26, 0, 0, 0
L -180, 660, 26, -126, 660, 26, 0, 0, 0
L -126, 660, 26, -124, 708, 27, 0, 0, 0
L -124, 708, 27, -119, 707, 26, 0, 0, 0
L -119, 707, 26, -119, 716, 26, 0, 0, 0
L -119, 716, 26, -132, 715, 26, 0, 0, 0
L -132, 715, 26, -132, 745, 26, 0, 0, 0
L -132, 745, 26, -164, 747, 26, 0, 0, 0
L -164, 747, 26, -163, 760, 26, 0, 0, 0
L -163, 760, 26, -173, 760, 26, 0, 0, 0
L -173, 760, 26, -172, 749, 26, 0, 0, 0
L -172, 749, 26, -206, 749, 27, 0, 0, 0
L -206, 749, 27, -208, 736, 26, 0, 0, 0
L -208, 736, 26, -219, 725, 26, 0, 0, 0
L -219, 725, 26, -229, 725, 26, 0, 0, 0
L -229, 725, 26, -240, 738, 29, 0, 0, 0
L -240, 738, 29, -241, 748, 26, 0, 0, 0
L -241, 748, 26, -260, 749, 26, 0, 0, 0
L -260, 749, 26, -262, 736, 28, 0, 0, 0
L -262, 736, 28, -273, 725, 26, 0, 0, 0
L -273, 725, 26, -283, 725, 26, 0, 0, 0
L -283, 725, 26, -294, 736, 29, 0, 0, 0
L -294, 736, 29, -295, 749, 26, 0, 0, 0
L -295, 749, 26, -314, 749, 26, 0, 0, 0
L -314, 749, 26, -316, 736, 28, 0, 0, 0
L -316, 736, 28, -327, 725, 26, 0, 0, 0
L -327, 725, 26, -337, 725, 26, 0, 0, 0
L -337, 725, 26, -348, 736, 29, 0, 0, 0
L -348, 736, 29, -348, 747, 26, 0, 0, 0
L -348, 747, 26, -354, 749, 30, 0, 0, 0
L -354, 749, 30, -353, 760, 26, 0, 0, 0
L -353, 760, 26, -363, 760, 26, 0, 0, 0
L -363, 760, 26, -362, 714, 26, 0, 0, 0
L -362, 714, 26, -381, 710, 27, 0, 0, 0
L -381, 710, 27, -399, 702, 31, 0, 0, 0
L -399, 702, 31, -415, 707, 30, 0, 0, 0
L -415, 707, 30, -436, 699, 33, 0, 0, 0
L -436, 699, 33, -458, 705, 30, 0, 0, 0
L -458, 705, 30, -477, 745, 34, 0, 0, 0
L -477, 745, 34, -475, 763, 37, 0, 0, 0
L -475, 763, 37, -477, 781, 35, 0, 0, 0
L -477, 781, 35, -476, 799, 37, 0, 0, 0
L -476, 799, 37, -468, 817, 35, 0, 0, 0
L -468, 817, 35, -460, 823, 30, 0, 0, 0
L -460, 823, 30, -447, 834, 37, 0, 0, 0
L -447, 834, 37, -431, 833, 41, 0, 0, 0
L -431, 833, 41, -419, 826, 37, 0, 0, 0
L -419, 826, 37, -399, 830, 33, 0, 0, 0
L -399, 830, 33, -380, 823, 38, 0, 0, 0
L -380, 823, 38, -367, 820, 38, 0, 0, 0
L -367, 820, 38, -362, 816, 26, 0, 0, 0
L -362, 816, 26, -363, 771, 26, 0, 0, 0
L -363, 771, 26, -353, 771, 26, 0, 0, 0
L -353, 771, 26, -354, 782, 26, 0, 0, 0
L -354, 782, 26, -349, 782, 26, 0, 0, 0
L -349, 782, 26, -348, 795, 26, 0, 0, 0
L -348, 795, 26, -337, 806, 26, 0, 0, 0
L -337, 806, 26, -327, 806, 26, 0, 0, 0
L -327, 806, 26, -316, 795, 29, 0, 0, 0
L -316, 795, 29, -316, 783, 26, 0, 0, 0
L -316, 783, 26, -295, 783, 26, 0, 0, 0
L -295, 783, 26, -294, 795, 26, 0, 0, 0
L -294, 795, 26, -283, 806, 26, 0, 0, 0
L -283, 806, 26, -272, 806, 26, 0, 0, 0
L -272, 806, 26, -262, 795, 29, 0, 0, 0
L -262, 795, 29, -261, 783, 26, 0, 0, 0
L -261, 783, 26, -242, 782, 26, 0, 0, 0
L -242, 782, 26, -240, 795, 28, 0, 0, 0
L -240, 795, 28, -229, 806, 26, 0, 0, 0
L -229, 806, 26, -219, 806, 26, 0, 0, 0
L -219, 806, 26, -208, 795, 29, 0, 0, 0
L -208, 795, 29, -208, 783, 26, 0, 0, 0
L -208, 783, 26, -172, 782, 26, 0, 0, 0
L -172, 782, 26, -173, 771, 26, 0, 0, 0
L -173, 771, 26, -163, 771, 26, 0, 0, 0
L -163, 771, 26, -164, 784, 26, 0, 0, 0
L -164, 784, 26, -149, 784, 26, 0, 0, 0
L -149, 784, 26, -134, 800, 26, 0, 0, 0
L -134, 800, 26, -132, 816, 26, 0, 0, 0
L -132, 816, 26, -119, 815, 26, 0, 0, 0
L -119, 815, 26, -120, 824, 26, 0, 0, 0
L -120, 824, 26, -132, 823, 29, 0, 0, 0
L -132, 823, 29, -152, 843, 26, 0, 0, 0
L -152, 843, 26, -152, 940, 26, 0, 0, 0
L -152, 940, 26, -132, 940, 32, 0, 0, 0
L -132, 940, 32, -131, 908, 26, 0, 0, 0
L -131, 908, 26, -98, 908, 26, 0, 0, 0
L -98, 908, 26, -96, 940, 26, 0, 0, 0
L -96, 940, 26, -92, 939, 26, 0, 0, 0
L -92, 939, 26, -91, 948, 26, 0, 0, 0
L -91, 948, 26, -177, 947, 31, 0, 0, 0
L -177, 947, 31, -177, 1128, 34, 0, 0, 0
L -177, 1128, 34, 2, 1128, 32, 0, 0, 0
L 2, 1128, 32, 2, 947, 33, 0, 0, 0
L 2, 947, 33, -82, 948, 26, 0, 0, 0
L -107, 971, 26, -155, 970, 27, 0, 0, 0
L -155, 970, 27, -152, 1018, 26, 0, 0, 0
L -152, 1018, 26, -139, 1018, 26, 0, 0, 0
L -139, 1018, 26, -142, 983, 29, 0, 0, 0
L -142, 983, 29, -107, 985, 26, 0, 0, 0
L -107, 985, 26, -107, 973, 26, 0, 0, 0
L -151, 1058, 26, -153, 1107, 26, 0, 0, 0
L -153, 1107, 26, -107, 1103, 26, 0, 0, 0
L -107, 1103, 26, -107, 1092, 26, 0, 0, 0
L -107, 1092, 26, -139, 1089, 28, 0, 0, 0
L -139, 1089, 28, -139, 1057, 26, 0, 0, 0
L -139, 1057, 26, -152, 1057, 26, 0, 0, 0
L -67, 1104, 26, -20, 1106, 27, 0, 0, 0
L -20, 1106, 27, -22, 1058, 26, 0, 0, 0
L -22, 1058, 26, -33, 1057, 26, 0, 0, 0
L -33, 1057, 26, -35, 1089, 29, 0, 0, 0
L -35, 1089, 29, -67, 1090, 27, 0, 0, 0
L -67, 1090, 27, -67, 1102, 26, 0, 0, 0
L -22, 1018, 26, -18, 970, 27, 0, 0, 0
L -18, 970, 27, -67, 971, 26, 0, 0, 0
L -67, 971, 26, -67, 985, 26, 0, 0, 0
L -67, 985, 26, -36, 984, 28, 0, 0, 0
L -36, 984, 28, -34, 1018, 26, 0, 0, 0
L -34, 1018, 26, -22, 1017, 26, 0, 0, 0
L -82, 948, 26, -82, 939, 26, 0, 0, 0
L -82, 939, 26, -76, 940, 26, 0, 0, 0
L -76, 940, 26, -76, 843, 28, 0, 0, 0
L -76, 843, 28, -96, 823, 26, 0, 0, 0
L -96, 823, 26, -109, 824, 26, 0, 0, 0
L -109, 824, 26, -109, 815, 26, 0, 0, 0
L -109, 815, 26, -96, 816, 27, 0, 0, 0
L -96, 816, 27, -95, 785, 26, 0, 0, 0
L -95, 785, 26, -64, 784, 26, 0, 0, 0
L -64, 784, 26, -64, 747, 29, 0, 0, 0
L -64, 747, 29, -78, 747, 26, 0, 0, 0
L -78, 747, 26, -95, 731, 26, 0, 0, 0
L -95, 731, 26, -96, 715, 26, 0, 0, 0
L -96, 715, 26, -109, 716, 26, 0, 0, 0
L -109, 716, 26, -108, 707, 26, 0, 0, 0
L -108, 707, 26, -104, 708, 26, 0, 0, 0
L -104, 708, 26, -103, 661, 26, 0, 0, 0
L -103, 661, 26, -54, 660, 26, 0, 0, 0
L 184, 560, 35, 184, 541, 37, 0, 0, 0
L 184, 541, 37, 179, 542, 37, 0, 0, 0
L 179, 542, 37, 179, 533, 37, 0, 0, 0
L 179, 533, 37, 184, 534, 37, 0, 0, 0
L 184, 534, 37, 184, 433, 37, 0, 0, 0
L 184, 433, 37, 151, 433, 37, 0, 0, 0
L 151, 433, 37, 131, 454, 40, 0, 0, 0
L 131, 454, 40, 131, 467, 37, 0, 0, 0
L 131, 467, 37, 131, 502, 40, 0, 0, 0
L 131, 502, 40, 162, 502, 37, 0, 0, 0
L 162, 502, 37, 163, 534, 37, 0, 0, 0
L 163, 534, 37, 168, 533, 37, 0, 0, 0
L 168, 533, 37, 168, 542, 37, 0, 0, 0
L 168, 542, 37, 163, 541, 37, 0, 0, 0
L 163, 541, 37, 163, 556, 36, 0, 0, 0
P 200, -150, 0, 240, 240, 240, 3, The_Sunken_Library
P 200, -100, 0, 240, 240, 240, 3, taka
P 94, -505, 7, 255, 0, 255, 3, Zone
P 456, 324, 43, 0, 0, 240, 3, boss
P -89, 1040, 27, 0, 0, 240, 3, hostage
P -504, 110, 1, 0, 0, 127, 2, named
