L 14.0000, -644.0000, 26.0000,  0.0000, -644.0000, 26.0000,  255, 255, 255
L 14.0000, -646.0000, 25.0000,  0.0000, -646.0000, 25.0000,  255, 255, 255
L 14.0000, -648.0000, 24.0000,  0.0000, -648.0000, 24.0000,  255, 255, 255
L 14.0000, -650.0000, 23.0000,  0.0000, -650.0000, 23.0000,  255, 255, 255
L 14.0000, -652.0000, 22.0000,  0.0000, -652.0000, 22.0000,  255, 255, 255
L 14.0000, -654.0000, 21.0000,  0.0000, -654.0000, 21.0000,  255, 255, 255
L 14.0000, -656.0000, 20.0000,  0.0000, -656.0000, 20.0000,  255, 255, 255
L 0.0000, -616.0000, 20.0000,  14.0000, -616.0000, 20.0000,  255, 255, 255
L 0.0000, -618.0000, 21.0000,  14.0000, -618.0000, 21.0000,  255, 255, 255
L 0.0000, -620.0000, 22.0000,  14.0000, -620.0000, 22.0000,  255, 255, 255
L 0.0000, -622.0000, 23.0000,  14.0000, -622.0000, 23.0000,  255, 255, 255
L 0.0000, -624.0000, 24.0000,  14.0000, -624.0000, 24.0000,  255, 255, 255
L 0.0000, -626.0000, 25.0000,  14.0000, -626.0000, 26.0000,  255, 255, 255
L 0.0000, -628.0000, 26.0000,  14.0000, -628.0000, 26.0000,  255, 255, 255
L 0.0000, -630.0000, 27.0000,  14.0000, -630.0000, 27.0000,  255, 255, 255
L 14.0000, -656.0000, 27.0000,  14.0000, -642.0000, 27.0000,  255, 255, 255
L 14.0000, -616.0000, 27.0000,  14.0000, -630.0000, 27.0000,  255, 255, 255
L 98.0000, -631.0000, 27.0000,  98.0000, -642.0000, 27.0000,  255, 255, 255
L 68.0000, -602.0000, 27.0000,  56.0000, -602.0000, 27.0000,  255, 255, 255
L 57.0000, -671.0000, 27.0000,  68.0000, -671.0000, 27.0000,  255, 255, 255
L 42.0000, -656.0000, 27.0000,  28.0000, -656.0000, 27.0000,  255, 255, 255
L 57.0000, -671.0000, 27.0000,  42.0000, -656.0000, 27.0000,  255, 255, 255
L 98.0000, -642.0000, 27.0000,  68.0000, -671.0000, 27.0000,  255, 255, 255
L 68.0000, -602.0000, 27.0000,  98.0000, -631.0000, 27.0000,  255, 255, 255
L 42.0000, -616.0000, 27.0000,  56.0000, -602.0000, 27.0000,  255, 255, 255
L 28.0000, -616.0000, 27.0000,  42.0000, -616.0000, 27.0000,  255, 255, 255
L 44.0000, -600.0000, 13.0000,  28.0000, -616.0000, 13.0000,  255, 255, 255
L 13.0000, -600.0000, 13.0000,  44.0000, -600.0000, 13.0000,  255, 255, 255
L 13.0000, -616.0000, 16.0000,  13.0000, -600.0000, 13.0000,  255, 255, 255
L 13.0000, -616.0000, 27.0000,  28.0000, -616.0000, 27.0000,  255, 255, 255
L 13.0000, -656.0000, 27.0000,  28.0000, -656.0000, 27.0000,  255, 255, 255
L 13.0000, -672.0000, 13.0000,  13.0000, -656.0000, 14.0000,  255, 255, 255
L 44.0000, -672.0000, 13.0000,  28.0000, -656.0000, 13.0000,  255, 255, 255
L 13.0000, -672.0000, 13.0000,  44.0000, -672.0000, 13.0000,  255, 255, 255
L -68.0000, -499.0000, 32.0000,  -58.0000, -499.0000, 32.0000,  255, 255, 255
L -80.0000, -492.0000, 35.0000,  -68.0000, -499.0000, 32.0000,  255, 255, 255
L -80.0000, -492.0000, 35.0000,  -87.0000, -492.0000, 35.0000,  255, 255, 255
L -68.0000, -544.0000, 71.0000,  -69.0000, -544.0000, 71.0000,  255, 255, 255
L -56.0000, -544.0000, 61.0000,  -58.0000, -544.0000, 61.0000,  255, 255, 255
L -87.0000, -501.0000, 35.0000,  -80.0000, -501.0000, 35.0000,  255, 255, 255
L -68.0000, -509.0000, 32.0000,  -68.0000, -544.0000, 22.0000,  255, 255, 255
L -80.0000, -501.0000, 36.0000,  -68.0000, -509.0000, 32.0000,  255, 255, 255
L -87.0000, -492.0000, 35.0000,  -87.0000, -501.0000, 35.0000,  255, 255, 255
L -58.0000, -544.0000, 21.0000,  -58.0000, -499.0000, 21.0000,  255, 255, 255
L -98.0000, -492.0000, 35.0000,  -98.0000, -500.0000, 35.0000,  255, 255, 255
L -107.0000, -492.0000, 35.0000,  -98.0000, -492.0000, 35.0000,  255, 255, 255
L -98.0000, -500.0000, 35.0000,  -107.0000, -500.0000, 35.0000,  255, 255, 255
L -97.0000, -492.0000, 63.0000,  -107.0000, -492.0000, 62.0000,  255, 255, 255
L -97.0000, -484.0000, 59.0000,  -97.0000, -492.0000, 59.0000,  255, 255, 255
L -107.0000, -517.0000, 62.0000,  -107.0000, -500.0000, 63.0000,  255, 255, 255
L -97.0000, -527.0000, 62.0000,  -107.0000, -517.0000, 62.0000,  255, 255, 255
L -87.0000, -530.0000, 62.0000,  -97.0000, -527.0000, 62.0000,  255, 255, 255
L -67.0000, -546.0000, 71.0000,  -87.0000, -530.0000, 68.0000,  255, 255, 255
L -44.0000, -531.0000, 58.0000,  -56.0000, -544.0000, 61.0000,  255, 255, 255
L -44.0000, -490.0000, 63.0000,  -44.0000, -531.0000, 58.0000,  255, 255, 255
L -60.0000, -480.0000, 63.0000,  -44.0000, -490.0000, 63.0000,  255, 255, 255
L -64.0000, -476.0000, 63.0000,  -60.0000, -480.0000, 63.0000,  255, 255, 255
L -107.0000, -486.0000, 41.0000,  -107.0000, -492.0000, 41.0000,  255, 255, 255
L -97.0000, -484.0000, 41.0000,  -107.0000, -486.0000, 41.0000,  255, 255, 255
L -86.0000, -476.0000, 37.0000,  -64.0000, -476.0000, 37.0000,  255, 255, 255
L -86.0000, -472.0000, 37.0000,  -86.0000, -476.0000, 37.0000,  255, 255, 255
L -56.0000, -472.0000, 37.0000,  -86.0000, -472.0000, 37.0000,  255, 255, 255
L -56.0000, -456.0000, 37.0000,  -56.0000, -472.0000, 37.0000,  255, 255, 255
L -83.0000, -456.0000, 37.0000,  -56.0000, -456.0000, 37.0000,  255, 255, 255
L -89.0000, -466.0000, 37.0000,  -83.0000, -456.0000, 37.0000,  255, 255, 255
L -93.0000, -466.0000, 37.0000,  -89.0000, -466.0000, 37.0000,  255, 255, 255
L -97.0000, -484.0000, 37.0000,  -93.0000, -466.0000, 37.0000,  255, 255, 255
L -110.0000, -509.0000, 35.0000,  -116.0000, -515.0000, 35.0000,  255, 255, 255
L -110.0000, -500.0000, 35.0000,  -110.0000, -509.0000, 35.0000,  255, 255, 255
L -107.0000, -500.0000, 35.0000,  -110.0000, -500.0000, 35.0000,  255, 255, 255
L -107.0000, -492.0000, 35.0000,  -110.0000, -492.0000, 35.0000,  255, 255, 255
L -110.0000, -484.0000, 35.0000,  -110.0000, -492.0000, 35.0000,  255, 255, 255
L -116.0000, -478.0000, 35.0000,  -110.0000, -484.0000, 35.0000,  255, 255, 255
L -153.0000, -478.0000, 35.0000,  -116.0000, -478.0000, 35.0000,  255, 255, 255
L -153.0000, -514.0000, 35.0000,  -153.0000, -478.0000, 35.0000,  255, 255, 255
L -125.0000, -514.0000, 35.0000,  -153.0000, -514.0000, 35.0000,  255, 255, 255
L -102.0000, -546.0000, 28.0000,  -67.0000, -546.0000, 22.0000,  255, 255, 255
L -116.0000, -534.0000, 29.0000,  -102.0000, -546.0000, 29.0000,  255, 255, 255
L -116.0000, -515.0000, 34.0000,  -116.0000, -534.0000, 30.0000,  255, 255, 255
L -125.0000, -533.0000, 30.0000,  -125.0000, -514.0000, 34.0000,  255, 255, 255
L -101.0000, -554.0000, 29.0000,  -125.0000, -533.0000, 30.0000,  255, 255, 255
L -69.0000, -554.0000, 23.0000,  -101.0000, -554.0000, 29.0000,  255, 255, 255
L -69.0000, -554.0000, 21.0000,  -69.0000, -559.0000, 21.0000,  255, 255, 255
L -83.0000, -587.0000, 21.0000,  -69.0000, -559.0000, 21.0000,  255, 255, 255
L -83.0000, -616.0000, 21.0000,  -83.0000, -587.0000, 21.0000,  255, 255, 255
L -97.0000, -630.0000, 21.0000,  -83.0000, -616.0000, 21.0000,  255, 255, 255
L -97.0000, -651.0000, 21.0000,  -97.0000, -630.0000, 21.0000,  255, 255, 255
L -56.0000, -559.0000, 21.0000,  -56.0000, -544.0000, 21.0000,  255, 255, 255
L -70.0000, -587.0000, 21.0000,  -56.0000, -559.0000, 21.0000,  255, 255, 255
L -70.0000, -615.0000, 21.0000,  -70.0000, -587.0000, 21.0000,  255, 255, 255
L -84.0000, -629.0000, 21.0000,  -70.0000, -615.0000, 21.0000,  255, 255, 255
L -84.0000, -652.0000, 21.0000,  -84.0000, -629.0000, 21.0000,  255, 255, 255
L -76.0000, -662.0000, 21.0000,  -84.0000, -652.0000, 21.0000,  255, 255, 255
L -72.0000, -673.0000, 21.0000,  -76.0000, -662.0000, 21.0000,  255, 255, 255
L -103.0000, -662.0000, 21.0000,  -97.0000, -651.0000, 21.0000,  255, 255, 255
L -111.0000, -673.0000, 21.0000,  -103.0000, -662.0000, 21.0000,  255, 255, 255
L -109.0000, -697.0000, 45.0000,  -111.0000, -673.0000, 45.0000,  255, 255, 255
L -102.0000, -696.0000, 45.0000,  -109.0000, -696.0000, 45.0000,  255, 255, 255
L -102.0000, -676.0000, 45.0000,  -102.0000, -696.0000, 45.0000,  255, 255, 255
L -110.0000, -674.0000, 45.0000,  -102.0000, -676.0000, 45.0000,  255, 255, 255
L -81.0000, -696.0000, 45.0000,  -74.0000, -696.0000, 45.0000,  255, 255, 255
L -81.0000, -674.0000, 45.0000,  -81.0000, -696.0000, 45.0000,  255, 255, 255
L -72.0000, -674.0000, 45.0000,  -81.0000, -674.0000, 45.0000,  255, 255, 255
L -72.0000, -673.0000, 45.0000,  -74.0000, -697.0000, 45.0000,  255, 255, 255
L -101.0000, -697.0000, 25.0000,  -91.0000, -700.0000, 25.0000,  255, 255, 255
L -82.0000, -674.0000, 25.0000,  -91.0000, -668.0000, 25.0000,  255, 255, 255
L -82.0000, -697.0000, 25.0000,  -91.0000, -700.0000, 25.0000,  255, 255, 255
L -82.0000, -674.0000, 25.0000,  -82.0000, -697.0000, 25.0000,  255, 255, 255
L -101.0000, -676.0000, 25.0000,  -91.0000, -668.0000, 25.0000,  255, 255, 255
L -101.0000, -697.0000, 25.0000,  -101.0000, -676.0000, 25.0000,  255, 255, 255
L -97.0000, -713.0000, 21.0000,  -109.0000, -697.0000, 21.0000,  255, 255, 255
L -84.0000, -713.0000, 21.0000,  -74.0000, -697.0000, 21.0000,  255, 255, 255
L -84.0000, -742.0000, 18.0000,  -84.0000, -713.0000, 21.0000,  255, 255, 255
L -56.0000, -738.0000, 19.0000,  -84.0000, -742.0000, 19.0000,  255, 255, 255
L -97.0000, -749.0000, 17.0000,  -97.0000, -713.0000, 21.0000,  255, 255, 255
L -91.0000, -754.0000, 17.0000,  -97.0000, -749.0000, 17.0000,  255, 255, 255
L -84.0000, -754.0000, 17.0000,  -91.0000, -754.0000, 17.0000,  255, 255, 255
L -55.0000, -750.0000, 18.0000,  -84.0000, -754.0000, 17.0000,  255, 255, 255
L -41.0000, -754.0000, 17.0000,  -35.0000, -754.0000, 17.0000,  255, 255, 255
L -8.0000, -754.0000, 17.0000,  0.0000, -754.0000, 17.0000,  255, 255, 255
L -8.0000, -758.0000, 17.0000,  -8.0000, -754.0000, 17.0000,  255, 255, 255
L -9.0000, -758.0000, 17.0000,  -8.0000, -758.0000, 17.0000,  255, 255, 255
L -9.0000, -754.0000, 17.0000,  -9.0000, -758.0000, 17.0000,  255, 255, 255
L -35.0000, -758.0000, 17.0000,  -35.0000, -754.0000, 17.0000,  255, 255, 255
L -34.0000, -758.0000, 17.0000,  -35.0000, -758.0000, 17.0000,  255, 255, 255
L -34.0000, -754.0000, 17.0000,  -34.0000, -758.0000, 17.0000,  255, 255, 255
L -35.0000, -742.0000, 17.0000,  -41.0000, -742.0000, 17.0000,  255, 255, 255
L -41.0000, -742.0000, 17.0000,  -56.0000, -738.0000, 18.0000,  255, 255, 255
L -35.0000, -738.0000, 17.0000,  -35.0000, -742.0000, 17.0000,  255, 255, 255
L -34.0000, -738.0000, 17.0000,  -35.0000, -738.0000, 17.0000,  255, 255, 255
L -34.0000, -742.0000, 17.0000,  -34.0000, -738.0000, 17.0000,  255, 255, 255
L -9.0000, -742.0000, 17.0000,  -34.0000, -742.0000, 17.0000,  255, 255, 255
L 13.0000, -684.0000, 13.0000,  56.0000, -684.0000, 13.0000,  255, 255, 255
L 13.0000, -684.0000, 13.0000,  0.0000, -684.0000, 13.0000,  255, 255, 255
L 0.0000, -742.0000, 17.0000,  0.0000, -684.0000, 15.0000,  255, 255, 255
L -8.0000, -742.0000, 17.0000,  0.0000, -742.0000, 17.0000,  255, 255, 255
L -9.0000, -738.0000, 17.0000,  -9.0000, -742.0000, 17.0000,  255, 255, 255
L -8.0000, -738.0000, 17.0000,  -9.0000, -738.0000, 17.0000,  255, 255, 255
L -8.0000, -742.0000, 17.0000,  -8.0000, -738.0000, 17.0000,  255, 255, 255
L -41.0000, -754.0000, 17.0000,  -55.0000, -750.0000, 17.0000,  255, 255, 255
L -9.0000, -754.0000, 17.0000,  -34.0000, -754.0000, 17.0000,  255, 255, 255
L 13.0000, -741.0000, 17.0000,  0.0000, -754.0000, 17.0000,  255, 255, 255
L 13.0000, -684.0000, 14.0000,  13.0000, -741.0000, 17.0000,  255, 255, 255
L 0.0000, -586.0000, 13.0000,  0.0000, -684.0000, 13.0000,  255, 255, 255
L 56.0000, -698.0000, 13.0000,  56.0000, -684.0000, 13.0000,  255, 255, 255
L 69.0000, -698.0000, 13.0000,  56.0000, -698.0000, 13.0000,  255, 255, 255
L 69.0000, -685.0000, 13.0000,  69.0000, -698.0000, 13.0000,  255, 255, 255
L 111.0000, -642.0000, 13.0000,  69.0000, -685.0000, 13.0000,  255, 255, 255
L 125.0000, -642.0000, 13.0000,  111.0000, -642.0000, 13.0000,  255, 255, 255
L 125.0000, -630.0000, 13.0000,  125.0000, -642.0000, 13.0000,  255, 255, 255
L 111.0000, -630.0000, 13.0000,  125.0000, -630.0000, 13.0000,  255, 255, 255
L 69.0000, -588.0000, 13.0000,  111.0000, -630.0000, 13.0000,  255, 255, 255
L 69.0000, -574.0000, 13.0000,  69.0000, -588.0000, 13.0000,  255, 255, 255
L 56.0000, -574.0000, 13.0000,  69.0000, -574.0000, 13.0000,  255, 255, 255
L 56.0000, -588.0000, 13.0000,  56.0000, -574.0000, 13.0000,  255, 255, 255
L 13.0000, -588.0000, 13.0000,  56.0000, -588.0000, 13.0000,  255, 255, 255
L -50.0000, -664.0000, 13.0000,  -50.0000, -642.0000, 13.0000,  255, 255, 255
L -42.0000, -672.0000, 13.0000,  -50.0000, -664.0000, 13.0000,  255, 255, 255
L -27.0000, -672.0000, 13.0000,  -42.0000, -672.0000, 13.0000,  255, 255, 255
L -27.0000, -643.0000, 13.0000,  -27.0000, -672.0000, 13.0000,  255, 255, 255
L -41.0000, -629.0000, 13.0000,  -27.0000, -643.0000, 13.0000,  255, 255, 255
L -41.0000, -602.0000, 13.0000,  -41.0000, -629.0000, 13.0000,  255, 255, 255
L -13.0000, -574.0000, 13.0000,  -41.0000, -602.0000, 13.0000,  255, 255, 255
L 0.0000, -574.0000, 13.0000,  -13.0000, -574.0000, 13.0000,  255, 255, 255
L 13.0000, -588.0000, 13.0000,  0.0000, -574.0000, 13.0000,  255, 255, 255
L -14.0000, -586.0000, 13.0000,  0.0000, -586.0000, 13.0000,  255, 255, 255
L -28.0000, -601.0000, 13.0000,  -14.0000, -586.0000, 13.0000,  255, 255, 255
L -28.0000, -630.0000, 13.0000,  -28.0000, -601.0000, 13.0000,  255, 255, 255
L -14.0000, -644.0000, 13.0000,  -28.0000, -630.0000, 13.0000,  255, 255, 255
L -14.0000, -684.0000, 13.0000,  -14.0000, -644.0000, 13.0000,  255, 255, 255
L -61.0000, -684.0000, 13.0000,  -14.0000, -684.0000, 13.0000,  255, 255, 255
L -67.0000, -679.0000, 13.0000,  -61.0000, -684.0000, 13.0000,  255, 255, 255
L -67.0000, -642.0000, 13.0000,  -67.0000, -679.0000, 13.0000,  255, 255, 255
L -67.0000, -642.0000, 13.0000,  -65.0000, -642.0000, 13.0000,  255, 255, 255
L -50.0000, -642.0000, 13.0000,  -52.0000, -642.0000, 13.0000,  255, 255, 255
L -65.0000, -642.0000, 12.0000,  -65.0000, -610.0000, 1.0000,  255, 255, 255
L -52.0000, -610.0000, -1.0000,  -52.0000, -642.0000, 12.0000,  255, 255, 255
L -52.0000, -616.0000, 0.0000,  -65.0000, -616.0000, 0.0000,  255, 255, 255
L -52.0000, -618.0000, 1.0000,  -65.0000, -618.0000, 1.0000,  255, 255, 255
L -52.0000, -620.0000, 2.0000,  -65.0000, -620.0000, 2.0000,  255, 255, 255
L -52.0000, -622.0000, 3.0000,  -65.0000, -622.0000, 3.0000,  255, 255, 255
L -52.0000, -624.0000, 4.0000,  -65.0000, -624.0000, 4.0000,  255, 255, 255
L -52.0000, -626.0000, 5.0000,  -65.0000, -626.0000, 5.0000,  255, 255, 255
L -52.0000, -628.0000, 6.0000,  -65.0000, -628.0000, 6.0000,  255, 255, 255
L -52.0000, -630.0000, 7.0000,  -65.0000, -630.0000, 7.0000,  255, 255, 255
L -52.0000, -632.0000, 8.0000,  -65.0000, -632.0000, 8.0000,  255, 255, 255
L -52.0000, -634.0000, 9.0000,  -65.0000, -634.0000, 9.0000,  255, 255, 255
L -52.0000, -636.0000, 10.0000,  -65.0000, -636.0000, 10.0000,  255, 255, 255
L -52.0000, -638.0000, 11.0000,  -65.0000, -638.0000, 11.0000,  255, 255, 255
L -52.0000, -640.0000, 12.0000,  -65.0000, -640.0000, 12.0000,  255, 255, 255
L -57.0000, -490.0000, -38.0000,  -57.0000, -495.0000, -39.0000,  255, 255, 255
L -57.0000, -490.0000, -38.0000,  -57.0000, -482.0000, -38.0000,  255, 255, 255
L -59.0000, -490.0000, -37.0000,  -59.0000, -482.0000, -37.0000,  255, 255, 255
L -61.0000, -490.0000, -36.0000,  -61.0000, -482.0000, -36.0000,  255, 255, 255
L -63.0000, -490.0000, -35.0000,  -63.0000, -482.0000, -35.0000,  255, 255, 255
L -65.0000, -490.0000, -34.0000,  -65.0000, -482.0000, -34.0000,  255, 255, 255
L -67.0000, -490.0000, -33.0000,  -67.0000, -482.0000, -33.0000,  255, 255, 255
L -67.0000, -490.0000, -29.0000,  -57.0000, -490.0000, -35.0000,  255, 255, 255
L -77.0000, -506.0000, -40.0000,  -77.0000, -498.0000, -40.0000,  255, 255, 255
L -52.0000, -506.0000, -40.0000,  -77.0000, -506.0000, -40.0000,  255, 255, 255
L -52.0000, -482.0000, -38.0000,  -52.0000, -506.0000, -40.0000,  255, 255, 255
L -77.0000, -482.0000, -27.0000,  -52.0000, -482.0000, -38.0000,  255, 255, 255
L -47.0000, -698.0000, -32.0000,  -69.0000, -698.0000, -18.0000,  255, 255, 255
L -47.0000, -652.0000, -32.0000,  -47.0000, -698.0000, -32.0000,  255, 255, 255
L -20.0000, -652.0000, -32.0000,  -47.0000, -652.0000, -32.0000,  255, 255, 255
L -20.0000, -706.0000, -32.0000,  -20.0000, -652.0000, -32.0000,  255, 255, 255
L -69.0000, -706.0000, -18.0000,  -20.0000, -706.0000, -32.0000,  255, 255, 255
L -15.0000, -692.0000, -36.0000,  -4.0000, -692.0000, -36.0000,  255, 255, 255
L -15.0000, -690.0000, -37.0000,  -4.0000, -690.0000, -37.0000,  255, 255, 255
L -15.0000, -688.0000, -38.0000,  -4.0000, -688.0000, -38.0000,  255, 255, 255
L -15.0000, -686.0000, -39.0000,  -4.0000, -686.0000, -39.0000,  255, 255, 255
L -15.0000, -684.0000, -40.0000,  -4.0000, -684.0000, -40.0000,  255, 255, 255
L -15.0000, -682.0000, -41.0000,  -4.0000, -682.0000, -41.0000,  255, 255, 255
L -15.0000, -680.0000, -42.0000,  -4.0000, -680.0000, -42.0000,  255, 255, 255
L -15.0000, -678.0000, -43.0000,  -4.0000, -678.0000, -43.0000,  255, 255, 255
L -15.0000, -676.0000, -44.0000,  -4.0000, -676.0000, -44.0000,  255, 255, 255
L -15.0000, -674.0000, -45.0000,  -4.0000, -674.0000, -45.0000,  255, 255, 255
L -15.0000, -672.0000, -46.0000,  -4.0000, -672.0000, -46.0000,  255, 255, 255
L -15.0000, -670.0000, -47.0000,  -4.0000, -670.0000, -47.0000,  255, 255, 255
L -15.0000, -668.0000, -48.0000,  -4.0000, -668.0000, -48.0000,  255, 255, 255
L -15.0000, -666.0000, -49.0000,  -4.0000, -666.0000, -49.0000,  255, 255, 255
L -15.0000, -664.0000, -50.0000,  -4.0000, -664.0000, -50.0000,  255, 255, 255
L -15.0000, -662.0000, -51.0000,  -4.0000, -662.0000, -51.0000,  255, 255, 255
L -2.0000, -692.0000, -40.0000,  -2.0000, -660.0000, -51.0000,  255, 255, 255
L -4.0000, -660.0000, -50.0000,  -4.0000, -692.0000, -37.0000,  255, 255, 255
L -15.0000, -692.0000, -37.0000,  -15.0000, -660.0000, -50.0000,  255, 255, 255
L -17.0000, -692.0000, -41.0000,  -17.0000, -650.0000, -51.0000,  255, 255, 255
L -19.0000, -692.0000, -36.0000,  -15.0000, -692.0000, -36.0000,  255, 255, 255
L 27.0000, -600.0000, -32.0000,  14.0000, -600.0000, -39.0000,  255, 255, 255
L 15.0000, -590.0000, -29.0000,  15.0000, -600.0000, -29.0000,  255, 255, 255
L 17.0000, -590.0000, -28.0000,  17.0000, -600.0000, -28.0000,  255, 255, 255
L 19.0000, -590.0000, -27.0000,  19.0000, -600.0000, -27.0000,  255, 255, 255
L 21.0000, -590.0000, -26.0000,  21.0000, -600.0000, -26.0000,  255, 255, 255
L 23.0000, -590.0000, -25.0000,  23.0000, -600.0000, -25.0000,  255, 255, 255
L 25.0000, -590.0000, -24.0000,  25.0000, -600.0000, -24.0000,  255, 255, 255
L 27.0000, -590.0000, -23.0000,  27.0000, -600.0000, -23.0000,  255, 255, 255
L -4.0000, -692.0000, -36.0000,  -2.0000, -692.0000, -36.0000,  255, 255, 255
L -17.0000, -660.0000, -51.0000,  -15.0000, -660.0000, -51.0000,  255, 255, 255
L -4.0000, -660.0000, -51.0000,  2.0000, -660.0000, -51.0000,  255, 255, 255
L -17.0000, -650.0000, -51.0000,  17.0000, -650.0000, -51.0000,  255, 255, 255
L 17.0000, -650.0000, -51.0000,  17.0000, -696.0000, -51.0000,  255, 255, 255
L 2.0000, -660.0000, -51.0000,  2.0000, -692.0000, -51.0000,  255, 255, 255
L 2.0000, -692.0000, -51.0000,  0.0000, -692.0000, -51.0000,  255, 255, 255
L 0.0000, -692.0000, -51.0000,  0.0000, -706.0000, -51.0000,  255, 255, 255
L 0.0000, -706.0000, -51.0000,  22.0000, -706.0000, -51.0000,  255, 255, 255
L 22.0000, -696.0000, -51.0000,  17.0000, -696.0000, -51.0000,  255, 255, 255
L 19.0000, -706.0000, -51.0000,  19.0000, -696.0000, -51.0000,  255, 255, 255
L 22.0000, -696.0000, -51.0000,  22.0000, -680.0000, -51.0000,  255, 255, 255
L 22.0000, -706.0000, -51.0000,  22.0000, -709.0000, -51.0000,  255, 255, 255
L 22.0000, -709.0000, -51.0000,  50.0000, -734.0000, -51.0000,  255, 255, 255
L 50.0000, -734.0000, -51.0000,  79.0000, -734.0000, -51.0000,  255, 255, 255
L 22.0000, -706.0000, -51.0000,  22.0000, -696.0000, -51.0000,  255, 255, 255
L 79.0000, -734.0000, -51.0000,  105.0000, -709.0000, -51.0000,  255, 255, 255
L 105.0000, -709.0000, -51.0000,  105.0000, -680.0000, -51.0000,  255, 255, 255
L 105.0000, -680.0000, -51.0000,  79.0000, -654.0000, -51.0000,  255, 255, 255
L 79.0000, -654.0000, -51.0000,  50.0000, -654.0000, -51.0000,  255, 255, 255
L 50.0000, -654.0000, -51.0000,  22.0000, -680.0000, -51.0000,  255, 255, 255
L 27.0000, -600.0000, -30.0000,  30.0000, -600.0000, -19.0000,  255, 255, 255
L 30.0000, -590.0000, -20.0000,  -18.0000, -590.0000, -43.0000,  255, 255, 255
L 14.0000, -603.0000, -43.0000,  14.0000, -600.0000, -43.0000,  255, 255, 255
L 14.0000, -603.0000, -43.0000,  27.0000, -603.0000, -43.0000,  255, 255, 255
L 27.0000, -600.0000, -43.0000,  27.0000, -624.0000, -43.0000,  255, 255, 255
L 27.0000, -624.0000, -43.0000,  -27.0000, -624.0000, -43.0000,  255, 255, 255
L -27.0000, -624.0000, -43.0000,  -27.0000, -550.0000, -43.0000,  255, 255, 255
L -4.0000, -550.0000, -43.0000,  -27.0000, -550.0000, -43.0000,  255, 255, 255
L -18.0000, -584.0000, -43.0000,  27.0000, -584.0000, -43.0000,  255, 255, 255
L 27.0000, -584.0000, -43.0000,  27.0000, -550.0000, -43.0000,  255, 255, 255
L 27.0000, -550.0000, -43.0000,  4.0000, -550.0000, -43.0000,  255, 255, 255
L -18.0000, -584.0000, -43.0000,  -18.0000, -590.0000, -43.0000,  255, 255, 255
L -18.0000, -588.0000, -43.0000,  -27.0000, -588.0000, -43.0000,  255, 255, 255
L -27.0000, -585.0000, -43.0000,  -18.0000, -585.0000, -43.0000,  255, 255, 255
L -4.0000, -550.0000, -43.0000,  -4.0000, -544.0000, -43.0000,  255, 255, 255
L -7.0000, -546.0000, -43.0000,  -30.0000, -546.0000, -43.0000,  255, 255, 255
L -30.0000, -546.0000, -43.0000,  -30.0000, -632.0000, -43.0000,  255, 255, 255
L -30.0000, -632.0000, -43.0000,  30.0000, -632.0000, -43.0000,  255, 255, 255
L 30.0000, -632.0000, -43.0000,  30.0000, -546.0000, -43.0000,  255, 255, 255
L 30.0000, -546.0000, -43.0000,  7.0000, -546.0000, -43.0000,  255, 255, 255
L 7.0000, -546.0000, -43.0000,  7.0000, -544.0000, -43.0000,  255, 255, 255
L 7.0000, -544.0000, -43.0000,  4.0000, -544.0000, -43.0000,  255, 255, 255
L -7.0000, -546.0000, -43.0000,  -7.0000, -544.0000, -43.0000,  255, 255, 255
L -7.0000, -544.0000, -43.0000,  -4.0000, -544.0000, -43.0000,  255, 255, 255
L -4.0000, -546.0000, -43.0000,  4.0000, -546.0000, -43.0000,  255, 255, 255
L 4.0000, -550.0000, -43.0000,  4.0000, -544.0000, -43.0000,  255, 255, 255
L 4.0000, -549.0000, -43.0000,  -4.0000, -549.0000, -43.0000,  255, 255, 255
L 47.0000, -646.0000, -43.0000,  -47.0000, -646.0000, -43.0000,  255, 255, 255
L -47.0000, -646.0000, -43.0000,  -47.0000, -512.0000, -43.0000,  255, 255, 255
L -47.0000, -512.0000, -43.0000,  47.0000, -512.0000, -43.0000,  255, 255, 255
L 47.0000, -512.0000, -43.0000,  47.0000, -646.0000, -43.0000,  255, 255, 255
L 77.0000, -482.0000, -27.0000,  52.0000, -482.0000, -38.0000,  255, 255, 255
L 52.0000, -482.0000, -38.0000,  52.0000, -506.0000, -40.0000,  255, 255, 255
L 52.0000, -506.0000, -40.0000,  77.0000, -506.0000, -40.0000,  255, 255, 255
L 77.0000, -506.0000, -40.0000,  77.0000, -490.0000, -40.0000,  255, 255, 255
L 67.0000, -490.0000, -33.0000,  67.0000, -482.0000, -33.0000,  255, 255, 255
L 65.0000, -490.0000, -34.0000,  65.0000, -482.0000, -34.0000,  255, 255, 255
L 63.0000, -490.0000, -35.0000,  63.0000, -482.0000, -35.0000,  255, 255, 255
L 61.0000, -490.0000, -36.0000,  61.0000, -482.0000, -36.0000,  255, 255, 255
L 59.0000, -490.0000, -37.0000,  59.0000, -482.0000, -37.0000,  255, 255, 255
L 57.0000, -490.0000, -38.0000,  57.0000, -482.0000, -38.0000,  255, 255, 255
L 57.0000, -490.0000, -35.0000,  77.0000, -490.0000, -29.0000,  255, 255, 255
L 57.0000, -495.0000, -40.0000,  52.0000, -495.0000, -40.0000,  255, 255, 255
L 57.0000, -493.0000, -39.0000,  52.0000, -493.0000, -39.0000,  255, 255, 255
L 57.0000, -491.0000, -38.0000,  52.0000, -491.0000, -38.0000,  255, 255, 255
L 57.0000, -490.0000, -38.0000,  57.0000, -495.0000, -39.0000,  255, 255, 255
L -57.0000, -495.0000, -40.0000,  -52.0000, -495.0000, -40.0000,  255, 255, 255
L -57.0000, -493.0000, -39.0000,  -52.0000, -493.0000, -39.0000,  255, 255, 255
L -57.0000, -491.0000, -38.0000,  -52.0000, -491.0000, -38.0000,  255, 255, 255
L -339.0000, -71.0000, 0.0000,  -339.0000, -41.0000, 0.0000,  255, 255, 255
L -339.0000, -41.0000, 0.0000,  -279.0000, -41.0000, 0.0000,  255, 255, 255
L -279.0000, -41.0000, 0.0000,  -279.0000, 15.0000, 0.0000,  255, 255, 255
L -279.0000, 15.0000, 0.0000,  -200.0000, 28.0000, 0.0000,  255, 255, 255
L -200.0000, 28.0000, 0.0000,  -100.0000, 48.0000, 0.0000,  255, 255, 255
L -100.0000, 48.0000, 0.0000,  8.0000, 48.0000, 0.0000,  255, 255, 255
L 8.0000, 48.0000, 0.0000,  8.0000, -31.0000, 0.0000,  255, 255, 255
L 8.0000, -31.0000, 0.0000,  51.0000, -99.0000, 0.0000,  255, 255, 255
L 51.0000, -99.0000, 0.0000,  48.0000, -99.0000, 0.0000,  255, 255, 255
L 48.0000, -99.0000, 0.0000,  48.0000, -148.0000, 0.0000,  255, 255, 255
L 48.0000, -148.0000, 0.0000,  46.0000, -148.0000, 0.0000,  255, 255, 255
L 46.0000, -148.0000, 0.0000,  45.0000, -161.0000, 0.0000,  255, 255, 255
L 45.0000, -161.0000, 0.0000,  48.0000, -161.0000, 0.0000,  255, 255, 255
L 48.0000, -161.0000, 0.0000,  48.0000, -211.0000, 0.0000,  255, 255, 255
L 48.0000, -211.0000, 0.0000,  88.0000, -280.0000, 0.0000,  255, 255, 255
L 88.0000, -280.0000, 0.0000,  88.0000, -301.0000, 0.0000,  255, 255, 255
L 88.0000, -301.0000, 0.0000,  208.0000, -301.0000, 0.0000,  255, 255, 255
L 208.0000, -301.0000, 0.0000,  298.0000, -390.0000, 0.0000,  255, 255, 255
L 298.0000, -390.0000, 0.0000,  298.0000, -799.0000, 0.0000,  255, 255, 255
L 298.0000, -799.0000, 0.0000,  208.0000, -889.0000, 0.0000,  255, 255, 255
L 208.0000, -889.0000, 0.0000,  -209.0000, -889.0000, 0.0000,  255, 255, 255
L -209.0000, -889.0000, 0.0000,  -297.0000, -799.0000, 0.0000,  255, 255, 255
L -297.0000, -799.0000, 0.0000,  -299.0000, -390.0000, 0.0000,  255, 255, 255
L -299.0000, -390.0000, 0.0000,  -209.0000, -301.0000, 0.0000,  255, 255, 255
L -209.0000, -301.0000, 0.0000,  -89.0000, -301.0000, 0.0000,  255, 255, 255
L -89.0000, -301.0000, 0.0000,  -89.0000, -280.0000, 0.0000,  255, 255, 255
L -89.0000, -280.0000, 0.0000,  -49.0000, -210.0000, 0.0000,  255, 255, 255
L -49.0000, -210.0000, 0.0000,  -49.0000, -162.0000, 0.0000,  255, 255, 255
L -49.0000, -162.0000, 0.0000,  -46.0000, -161.0000, 0.0000,  255, 255, 255
L -46.0000, -161.0000, 0.0000,  -46.0000, -150.0000, 0.0000,  255, 255, 255
L -46.0000, -150.0000, 0.0000,  -49.0000, -149.0000, 0.0000,  255, 255, 255
L -49.0000, -149.0000, 0.0000,  -50.0000, -99.0000, 0.0000,  255, 255, 255
L -50.0000, -99.0000, 0.0000,  -52.0000, -99.0000, 0.0000,  255, 255, 255
L -52.0000, -99.0000, 0.0000,  -9.0000, -30.0000, 0.0000,  255, 255, 255
L -9.0000, -30.0000, 0.0000,  -10.0000, 30.0000, 0.0000,  255, 255, 255
L -10.0000, 30.0000, 0.0000,  -100.0000, 30.0000, 0.0000,  255, 255, 255
L -100.0000, 30.0000, 0.0000,  -200.0000, -9.0000, 0.0000,  255, 255, 255
L -200.0000, -9.0000, 0.0000,  -261.0000, 0.0000, 0.0000,  255, 255, 255
L -261.0000, 0.0000, 0.0000,  -261.0000, -59.0000, 0.0000,  255, 255, 255
L -261.0000, -59.0000, 0.0000,  -321.0000, -60.0000, 0.0000,  255, 255, 255
L -321.0000, -60.0000, 0.0000,  -321.0000, -75.0000, 0.0000,  255, 255, 255
L -35.0000, -238.0000, 0.0000,  -35.0000, -291.0000, 0.0000,  255, 255, 255
L -35.0000, -291.0000, 0.0000,  -32.0000, -295.0000, 0.0000,  255, 255, 255
L -32.0000, -295.0000, 0.0000,  -18.0000, -295.0000, 0.0000,  255, 255, 255
L -18.0000, -295.0000, 0.0000,  -15.0000, -291.0000, 0.0000,  255, 255, 255
L -15.0000, -291.0000, 0.0000,  -15.0000, -238.0000, 0.0000,  255, 255, 255
L -15.0000, -238.0000, 0.0000,  -18.0000, -235.0000, 0.0000,  255, 255, 255
L -18.0000, -235.0000, 0.0000,  -32.0000, -235.0000, 0.0000,  255, 255, 255
L -32.0000, -235.0000, 0.0000,  -35.0000, -238.0000, 0.0000,  255, 255, 255
L 14.0000, -238.0000, 0.0000,  17.0000, -235.0000, 0.0000,  255, 255, 255
L 17.0000, -235.0000, 0.0000,  31.0000, -235.0000, 0.0000,  255, 255, 255
L 31.0000, -235.0000, 0.0000,  34.0000, -238.0000, 0.0000,  255, 255, 255
L 34.0000, -238.0000, 0.0000,  34.0000, -291.0000, 0.0000,  255, 255, 255
L 34.0000, -291.0000, 0.0000,  31.0000, -295.0000, 0.0000,  255, 255, 255
L 31.0000, -295.0000, 0.0000,  17.0000, -295.0000, 0.0000,  255, 255, 255
L 17.0000, -295.0000, 0.0000,  14.0000, -291.0000, 0.0000,  255, 255, 255
L 14.0000, -291.0000, 0.0000,  14.0000, -238.0000, 0.0000,  255, 255, 255
L 20.0000, -421.0000, 0.0000,  20.0000, -491.0000, 0.0000,  255, 255, 255
L 20.0000, -491.0000, 0.0000,  48.0000, -491.0000, 0.0000,  255, 255, 255
L 48.0000, -491.0000, 0.0000,  48.0000, -481.0000, 0.0000,  255, 255, 255
L 48.0000, -481.0000, 0.0000,  78.0000, -481.0000, 0.0000,  255, 255, 255
L 78.0000, -481.0000, 0.0000,  78.0000, -510.0000, 0.0000,  255, 255, 255
L 78.0000, -510.0000, 0.0000,  70.0000, -511.0000, 0.0000,  255, 255, 255
L 70.0000, -511.0000, 0.0000,  70.0000, -649.0000, 0.0000,  255, 255, 255
L 70.0000, -649.0000, 0.0000,  79.0000, -649.0000, 0.0000,  255, 255, 255
L 79.0000, -649.0000, 0.0000,  110.0000, -679.0000, 0.0000,  255, 255, 255
L 110.0000, -679.0000, 0.0000,  110.0000, -710.0000, 0.0000,  255, 255, 255
L 110.0000, -710.0000, 0.0000,  79.0000, -741.0000, 0.0000,  255, 255, 255
L 79.0000, -741.0000, 0.0000,  74.0000, -741.0000, 0.0000,  255, 255, 255
L 74.0000, -741.0000, 0.0000,  74.0000, -743.0000, 0.0000,  255, 255, 255
L 74.0000, -743.0000, 0.0000,  80.0000, -745.0000, 0.0000,  255, 255, 255
L 80.0000, -745.0000, 0.0000,  80.0000, -750.0000, 0.0000,  255, 255, 255
L 80.0000, -750.0000, 0.0000,  48.0000, -750.0000, 0.0000,  255, 255, 255
L 48.0000, -750.0000, 0.0000,  48.0000, -745.0000, 0.0000,  255, 255, 255
L 48.0000, -745.0000, 0.0000,  54.0000, -743.0000, 0.0000,  255, 255, 255
L 54.0000, -743.0000, 0.0000,  54.0000, -741.0000, 0.0000,  255, 255, 255
L 54.0000, -741.0000, 0.0000,  49.0000, -741.0000, 0.0000,  255, 255, 255
L 49.0000, -741.0000, 0.0000,  19.0000, -711.0000, 0.0000,  255, 255, 255
L 19.0000, -711.0000, 0.0000,  -101.0000, -710.0000, 0.0000,  255, 255, 255
L -101.0000, -710.0000, 0.0000,  -101.0000, -693.0000, 0.0000,  255, 255, 255
L -101.0000, -693.0000, 0.0000,  -103.0000, -693.0000, 0.0000,  255, 255, 255
L -103.0000, -693.0000, 0.0000,  -103.0000, -667.0000, 0.0000,  255, 255, 255
L -103.0000, -667.0000, 0.0000,  -101.0000, -667.0000, 0.0000,  255, 255, 255
L -101.0000, -667.0000, 0.0000,  -101.0000, -650.0000, 0.0000,  255, 255, 255
L -101.0000, -650.0000, 0.0000,  -71.0000, -649.0000, 0.0000,  255, 255, 255
L -71.0000, -649.0000, 0.0000,  -71.0000, -511.0000, 0.0000,  255, 255, 255
L -71.0000, -511.0000, 0.0000,  -79.0000, -511.0000, 0.0000,  255, 255, 255
L -79.0000, -511.0000, 0.0000,  -79.0000, -481.0000, 0.0000,  255, 255, 255
L -79.0000, -481.0000, 0.0000,  -50.0000, -481.0000, 0.0000,  255, 255, 255
L -50.0000, -481.0000, 0.0000,  -49.0000, -491.0000, 0.0000,  255, 255, 255
L -49.0000, -491.0000, 0.0000,  -21.0000, -491.0000, 0.0000,  255, 255, 255
L -21.0000, -491.0000, 0.0000,  -21.0000, -420.0000, 0.0000,  255, 255, 255
L -21.0000, -420.0000, 0.0000,  19.0000, -420.0000, 0.0000,  255, 255, 255
L 18.0000, -309.0000, 0.0000,  90.0000, -310.0000, 0.0000,  255, 255, 255
L 90.0000, -310.0000, 0.0000,  90.0000, -329.0000, 0.0000,  255, 255, 255
L 90.0000, -329.0000, 0.0000,  110.0000, -330.0000, 0.0000,  255, 255, 255
L 110.0000, -330.0000, 0.0000,  110.0000, -340.0000, 0.0000,  255, 255, 255
L 110.0000, -340.0000, 0.0000,  90.0000, -341.0000, 0.0000,  255, 255, 255
L 90.0000, -341.0000, 0.0000,  90.0000, -360.0000, 0.0000,  255, 255, 255
L 90.0000, -360.0000, 0.0000,  59.0000, -361.0000, 0.0000,  255, 255, 255
L 59.0000, -361.0000, 0.0000,  58.0000, -349.0000, 0.0000,  255, 255, 255
L 58.0000, -349.0000, 0.0000,  78.0000, -349.0000, 0.0000,  255, 255, 255
L 78.0000, -349.0000, 0.0000,  78.0000, -321.0000, 0.0000,  255, 255, 255
L 78.0000, -321.0000, 0.0000,  60.0000, -321.0000, 0.0000,  255, 255, 255
L 60.0000, -321.0000, 0.0000,  60.0000, -329.0000, 0.0000,  255, 255, 255
L 60.0000, -329.0000, 0.0000,  69.0000, -329.0000, 0.0000,  255, 255, 255
L 69.0000, -329.0000, 0.0000,  70.0000, -340.0000, 0.0000,  255, 255, 255
L 70.0000, -340.0000, 0.0000,  48.0000, -341.0000, 0.0000,  255, 255, 255
L 48.0000, -341.0000, 0.0000,  48.0000, -321.0000, 0.0000,  255, 255, 255
L 48.0000, -321.0000, 0.0000,  18.0000, -321.0000, 0.0000,  255, 255, 255
L 18.0000, -321.0000, 0.0000,  18.0000, -309.0000, 0.0000,  255, 255, 255
L 98.0000, -310.0000, 0.0000,  200.0000, -309.0000, 0.0000,  255, 255, 255
L 200.0000, -309.0000, 0.0000,  280.0000, -389.0000, 0.0000,  255, 255, 255
L 280.0000, -389.0000, 0.0000,  280.0000, -401.0000, 0.0000,  255, 255, 255
L 280.0000, -401.0000, 0.0000,  58.0000, -401.0000, 0.0000,  255, 255, 255
L 58.0000, -401.0000, 0.0000,  58.0000, -389.0000, 0.0000,  255, 255, 255
L 58.0000, -389.0000, 0.0000,  68.0000, -389.0000, 0.0000,  255, 255, 255
L 68.0000, -389.0000, 0.0000,  68.0000, -369.0000, 0.0000,  255, 255, 255
L 68.0000, -369.0000, 0.0000,  80.0000, -369.0000, 0.0000,  255, 255, 255
L 80.0000, -369.0000, 0.0000,  80.0000, -389.0000, 0.0000,  255, 255, 255
L 80.0000, -389.0000, 0.0000,  128.0000, -389.0000, 0.0000,  255, 255, 255
L 128.0000, -389.0000, 0.0000,  128.0000, -361.0000, 0.0000,  255, 255, 255
L 128.0000, -361.0000, 0.0000,  110.0000, -361.0000, 0.0000,  255, 255, 255
L 110.0000, -361.0000, 0.0000,  110.0000, -369.0000, 0.0000,  255, 255, 255
L 110.0000, -369.0000, 0.0000,  120.0000, -369.0000, 0.0000,  255, 255, 255
L 120.0000, -369.0000, 0.0000,  120.0000, -380.0000, 0.0000,  255, 255, 255
L 120.0000, -380.0000, 0.0000,  89.0000, -381.0000, 0.0000,  255, 255, 255
L 89.0000, -381.0000, 0.0000,  88.0000, -369.0000, 0.0000,  255, 255, 255
L 88.0000, -369.0000, 0.0000,  98.0000, -369.0000, 0.0000,  255, 255, 255
L 98.0000, -369.0000, 0.0000,  98.0000, -350.0000, 0.0000,  255, 255, 255
L 98.0000, -350.0000, 0.0000,  140.0000, -349.0000, 0.0000,  255, 255, 255
L 140.0000, -349.0000, 0.0000,  140.0000, -389.0000, 0.0000,  255, 255, 255
L 140.0000, -389.0000, 0.0000,  168.0000, -389.0000, 0.0000,  255, 255, 255
L 168.0000, -389.0000, 0.0000,  168.0000, -369.0000, 0.0000,  255, 255, 255
L 168.0000, -369.0000, 0.0000,  179.0000, -369.0000, 0.0000,  255, 255, 255
L 179.0000, -369.0000, 0.0000,  180.0000, -389.0000, 0.0000,  255, 255, 255
L 180.0000, -389.0000, 0.0000,  188.0000, -389.0000, 0.0000,  255, 255, 255
L 188.0000, -389.0000, 0.0000,  188.0000, -339.0000, 0.0000,  255, 255, 255
L 188.0000, -339.0000, 0.0000,  199.0000, -339.0000, 0.0000,  255, 255, 255
L 199.0000, -339.0000, 0.0000,  200.0000, -359.0000, 0.0000,  255, 255, 255
L 200.0000, -359.0000, 0.0000,  220.0000, -360.0000, 0.0000,  255, 255, 255
L 220.0000, -360.0000, 0.0000,  220.0000, -371.0000, 0.0000,  255, 255, 255
L 220.0000, -371.0000, 0.0000,  200.0000, -371.0000, 0.0000,  255, 255, 255
L 200.0000, -371.0000, 0.0000,  200.0000, -389.0000, 0.0000,  255, 255, 255
L 200.0000, -389.0000, 0.0000,  208.0000, -389.0000, 0.0000,  255, 255, 255
L 208.0000, -389.0000, 0.0000,  208.0000, -379.0000, 0.0000,  255, 255, 255
L 208.0000, -379.0000, 0.0000,  219.0000, -379.0000, 0.0000,  255, 255, 255
L 219.0000, -379.0000, 0.0000,  220.0000, -389.0000, 0.0000,  255, 255, 255
L 220.0000, -389.0000, 0.0000,  266.0000, -389.0000, 0.0000,  255, 255, 255
L 266.0000, -389.0000, 0.0000,  220.0000, -343.0000, 0.0000,  255, 255, 255
L 220.0000, -343.0000, 0.0000,  220.0000, -350.0000, 0.0000,  255, 255, 255
L 220.0000, -350.0000, 0.0000,  208.0000, -351.0000, 0.0000,  255, 255, 255
L 208.0000, -351.0000, 0.0000,  208.0000, -331.0000, 0.0000,  255, 255, 255
L 208.0000, -331.0000, 0.0000,  188.0000, -331.0000, 0.0000,  255, 255, 255
L 188.0000, -331.0000, 0.0000,  188.0000, -321.0000, 0.0000,  255, 255, 255
L 188.0000, -321.0000, 0.0000,  160.0000, -321.0000, 0.0000,  255, 255, 255
L 160.0000, -321.0000, 0.0000,  160.0000, -349.0000, 0.0000,  255, 255, 255
L 160.0000, -349.0000, 0.0000,  168.0000, -349.0000, 0.0000,  255, 255, 255
L 168.0000, -349.0000, 0.0000,  168.0000, -329.0000, 0.0000,  255, 255, 255
L 168.0000, -329.0000, 0.0000,  180.0000, -329.0000, 0.0000,  255, 255, 255
L 180.0000, -329.0000, 0.0000,  180.0000, -361.0000, 0.0000,  255, 255, 255
L 180.0000, -361.0000, 0.0000,  160.0000, -361.0000, 0.0000,  255, 255, 255
L 160.0000, -361.0000, 0.0000,  160.0000, -381.0000, 0.0000,  255, 255, 255
L 160.0000, -381.0000, 0.0000,  148.0000, -380.0000, 0.0000,  255, 255, 255
L 148.0000, -380.0000, 0.0000,  148.0000, -341.0000, 0.0000,  255, 255, 255
L 148.0000, -341.0000, 0.0000,  138.0000, -341.0000, 0.0000,  255, 255, 255
L 138.0000, -341.0000, 0.0000,  138.0000, -329.0000, 0.0000,  255, 255, 255
L 138.0000, -329.0000, 0.0000,  148.0000, -329.0000, 0.0000,  255, 255, 255
L 148.0000, -329.0000, 0.0000,  148.0000, -321.0000, 0.0000,  255, 255, 255
L 148.0000, -321.0000, 0.0000,  130.0000, -321.0000, 0.0000,  255, 255, 255
L 130.0000, -321.0000, 0.0000,  130.0000, -341.0000, 0.0000,  255, 255, 255
L 130.0000, -341.0000, 0.0000,  119.0000, -341.0000, 0.0000,  255, 255, 255
L 119.0000, -341.0000, 0.0000,  118.0000, -321.0000, 0.0000,  255, 255, 255
L 118.0000, -321.0000, 0.0000,  99.0000, -321.0000, 0.0000,  255, 255, 255
L 99.0000, -321.0000, 0.0000,  98.0000, -309.0000, 0.0000,  255, 255, 255
L 18.0000, -330.0000, 0.0000,  40.0000, -329.0000, 0.0000,  255, 255, 255
L 40.0000, -329.0000, 0.0000,  40.0000, -340.0000, 0.0000,  255, 255, 255
L 40.0000, -340.0000, 0.0000,  30.0000, -341.0000, 0.0000,  255, 255, 255
L 30.0000, -341.0000, 0.0000,  30.0000, -349.0000, 0.0000,  255, 255, 255
L 30.0000, -349.0000, 0.0000,  50.0000, -350.0000, 0.0000,  255, 255, 255
L 50.0000, -350.0000, 0.0000,  50.0000, -360.0000, 0.0000,  255, 255, 255
L 50.0000, -360.0000, 0.0000,  30.0000, -361.0000, 0.0000,  255, 255, 255
L 30.0000, -361.0000, 0.0000,  30.0000, -371.0000, 0.0000,  255, 255, 255
L 30.0000, -371.0000, 0.0000,  18.0000, -370.0000, 0.0000,  255, 255, 255
L 18.0000, -370.0000, 0.0000,  18.0000, -329.0000, 0.0000,  255, 255, 255
L 18.0000, -379.0000, 0.0000,  38.0000, -379.0000, 0.0000,  255, 255, 255
L 38.0000, -379.0000, 0.0000,  38.0000, -370.0000, 0.0000,  255, 255, 255
L 38.0000, -370.0000, 0.0000,  60.0000, -369.0000, 0.0000,  255, 255, 255
L 60.0000, -369.0000, 0.0000,  60.0000, -380.0000, 0.0000,  255, 255, 255
L 60.0000, -380.0000, 0.0000,  50.0000, -381.0000, 0.0000,  255, 255, 255
L 50.0000, -381.0000, 0.0000,  50.0000, -391.0000, 0.0000,  255, 255, 255
L 50.0000, -391.0000, 0.0000,  30.0000, -391.0000, 0.0000,  255, 255, 255
L 30.0000, -391.0000, 0.0000,  30.0000, -401.0000, 0.0000,  255, 255, 255
L 30.0000, -401.0000, 0.0000,  18.0000, -401.0000, 0.0000,  255, 255, 255
L 18.0000, -401.0000, 0.0000,  18.0000, -379.0000, 0.0000,  255, 255, 255
L -19.0000, -309.0000, 0.0000,  -20.0000, -321.0000, 0.0000,  255, 255, 255
L -20.0000, -321.0000, 0.0000,  -49.0000, -321.0000, 0.0000,  255, 255, 255
L -49.0000, -321.0000, 0.0000,  -49.0000, -331.0000, 0.0000,  255, 255, 255
L -49.0000, -331.0000, 0.0000,  -61.0000, -331.0000, 0.0000,  255, 255, 255
L -61.0000, -331.0000, 0.0000,  -61.0000, -309.0000, 0.0000,  255, 255, 255
L -61.0000, -309.0000, 0.0000,  -19.0000, -309.0000, 0.0000,  255, 255, 255
L -19.0000, -329.0000, 0.0000,  -19.0000, -351.0000, 0.0000,  255, 255, 255
L -19.0000, -351.0000, 0.0000,  -39.0000, -351.0000, 0.0000,  255, 255, 255
L -39.0000, -351.0000, 0.0000,  -39.0000, -361.0000, 0.0000,  255, 255, 255
L -39.0000, -361.0000, 0.0000,  -60.0000, -361.0000, 0.0000,  255, 255, 255
L -60.0000, -361.0000, 0.0000,  -61.0000, -339.0000, 0.0000,  255, 255, 255
L -61.0000, -339.0000, 0.0000,  -41.0000, -339.0000, 0.0000,  255, 255, 255
L -41.0000, -339.0000, 0.0000,  -41.0000, -329.0000, 0.0000,  255, 255, 255
L -41.0000, -329.0000, 0.0000,  -20.0000, -329.0000, 0.0000,  255, 255, 255
L -19.0000, -360.0000, 0.0000,  -19.0000, -400.0000, 0.0000,  255, 255, 255
L -19.0000, -400.0000, 0.0000,  -60.0000, -401.0000, 0.0000,  255, 255, 255
L -60.0000, -401.0000, 0.0000,  -61.0000, -381.0000, 0.0000,  255, 255, 255
L -61.0000, -381.0000, 0.0000,  -81.0000, -380.0000, 0.0000,  255, 255, 255
L -81.0000, -380.0000, 0.0000,  -81.0000, -341.0000, 0.0000,  255, 255, 255
L -81.0000, -341.0000, 0.0000,  -91.0000, -340.0000, 0.0000,  255, 255, 255
L -91.0000, -340.0000, 0.0000,  -91.0000, -329.0000, 0.0000,  255, 255, 255
L -91.0000, -329.0000, 0.0000,  -69.0000, -329.0000, 0.0000,  255, 255, 255
L -69.0000, -329.0000, 0.0000,  -69.0000, -369.0000, 0.0000,  255, 255, 255
L -69.0000, -369.0000, 0.0000,  -49.0000, -369.0000, 0.0000,  255, 255, 255
L -49.0000, -369.0000, 0.0000,  -49.0000, -389.0000, 0.0000,  255, 255, 255
L -49.0000, -389.0000, 0.0000,  -31.0000, -389.0000, 0.0000,  255, 255, 255
L -31.0000, -389.0000, 0.0000,  -31.0000, -381.0000, 0.0000,  255, 255, 255
L -31.0000, -381.0000, 0.0000,  -41.0000, -380.0000, 0.0000,  255, 255, 255
L -41.0000, -380.0000, 0.0000,  -41.0000, -369.0000, 0.0000,  255, 255, 255
L -41.0000, -369.0000, 0.0000,  -31.0000, -369.0000, 0.0000,  255, 255, 255
L -31.0000, -369.0000, 0.0000,  -30.0000, -359.0000, 0.0000,  255, 255, 255
L -30.0000, -359.0000, 0.0000,  -19.0000, -359.0000, 0.0000,  255, 255, 255
L -70.0000, -401.0000, 0.0000,  -90.0000, -401.0000, 0.0000,  255, 255, 255
L -90.0000, -401.0000, 0.0000,  -91.0000, -391.0000, 0.0000,  255, 255, 255
L -91.0000, -391.0000, 0.0000,  -99.0000, -391.0000, 0.0000,  255, 255, 255
L -99.0000, -391.0000, 0.0000,  -99.0000, -400.0000, 0.0000,  255, 255, 255
L -99.0000, -400.0000, 0.0000,  -150.0000, -401.0000, 0.0000,  255, 255, 255
L -150.0000, -401.0000, 0.0000,  -151.0000, -379.0000, 0.0000,  255, 255, 255
L -151.0000, -379.0000, 0.0000,  -139.0000, -379.0000, 0.0000,  255, 255, 255
L -139.0000, -379.0000, 0.0000,  -139.0000, -389.0000, 0.0000,  255, 255, 255
L -139.0000, -389.0000, 0.0000,  -121.0000, -389.0000, 0.0000,  255, 255, 255
L -121.0000, -389.0000, 0.0000,  -121.0000, -381.0000, 0.0000,  255, 255, 255
L -121.0000, -381.0000, 0.0000,  -130.0000, -381.0000, 0.0000,  255, 255, 255
L -130.0000, -381.0000, 0.0000,  -131.0000, -371.0000, 0.0000,  255, 255, 255
L -131.0000, -371.0000, 0.0000,  -141.0000, -370.0000, 0.0000,  255, 255, 255
L -141.0000, -370.0000, 0.0000,  -141.0000, -359.0000, 0.0000,  255, 255, 255
L -141.0000, -359.0000, 0.0000,  -131.0000, -359.0000, 0.0000,  255, 255, 255
L -131.0000, -359.0000, 0.0000,  -131.0000, -349.0000, 0.0000,  255, 255, 255
L -131.0000, -349.0000, 0.0000,  -89.0000, -349.0000, 0.0000,  255, 255, 255
L -89.0000, -349.0000, 0.0000,  -89.0000, -361.0000, 0.0000,  255, 255, 255
L -89.0000, -361.0000, 0.0000,  -119.0000, -361.0000, 0.0000,  255, 255, 255
L -119.0000, -361.0000, 0.0000,  -119.0000, -379.0000, 0.0000,  255, 255, 255
L -119.0000, -379.0000, 0.0000,  -101.0000, -379.0000, 0.0000,  255, 255, 255
L -101.0000, -379.0000, 0.0000,  -101.0000, -369.0000, 0.0000,  255, 255, 255
L -101.0000, -369.0000, 0.0000,  -89.0000, -369.0000, 0.0000,  255, 255, 255
L -89.0000, -369.0000, 0.0000,  -89.0000, -389.0000, 0.0000,  255, 255, 255
L -89.0000, -389.0000, 0.0000,  -69.0000, -389.0000, 0.0000,  255, 255, 255
L -69.0000, -389.0000, 0.0000,  -69.0000, -401.0000, 0.0000,  255, 255, 255
L -179.0000, -400.0000, 0.0000,  -221.0000, -401.0000, 0.0000,  255, 255, 255
L -221.0000, -401.0000, 0.0000,  -221.0000, -391.0000, 0.0000,  255, 255, 255
L -221.0000, -391.0000, 0.0000,  -229.0000, -391.0000, 0.0000,  255, 255, 255
L -229.0000, -391.0000, 0.0000,  -229.0000, -400.0000, 0.0000,  255, 255, 255
L -229.0000, -400.0000, 0.0000,  -280.0000, -401.0000, 0.0000,  255, 255, 255
L -280.0000, -401.0000, 0.0000,  -281.0000, -390.0000, 0.0000,  255, 255, 255
L -281.0000, -390.0000, 0.0000,  -271.0000, -389.0000, 0.0000,  255, 255, 255
L -271.0000, -389.0000, 0.0000,  -271.0000, -379.0000, 0.0000,  255, 255, 255
L -271.0000, -379.0000, 0.0000,  -260.0000, -379.0000, 0.0000,  255, 255, 255
L -260.0000, -379.0000, 0.0000,  -259.0000, -389.0000, 0.0000,  255, 255, 255
L -259.0000, -389.0000, 0.0000,  -231.0000, -389.0000, 0.0000,  255, 255, 255
L -231.0000, -389.0000, 0.0000,  -231.0000, -380.0000, 0.0000,  255, 255, 255
L -231.0000, -380.0000, 0.0000,  -221.0000, -379.0000, 0.0000,  255, 255, 255
L -221.0000, -379.0000, 0.0000,  -221.0000, -350.0000, 0.0000,  255, 255, 255
L -221.0000, -350.0000, 0.0000,  -209.0000, -349.0000, 0.0000,  255, 255, 255
L -209.0000, -349.0000, 0.0000,  -209.0000, -379.0000, 0.0000,  255, 255, 255
L -209.0000, -379.0000, 0.0000,  -181.0000, -379.0000, 0.0000,  255, 255, 255
L -181.0000, -379.0000, 0.0000,  -181.0000, -359.0000, 0.0000,  255, 255, 255
L -181.0000, -359.0000, 0.0000,  -169.0000, -359.0000, 0.0000,  255, 255, 255
L -169.0000, -359.0000, 0.0000,  -169.0000, -379.0000, 0.0000,  255, 255, 255
L -169.0000, -379.0000, 0.0000,  -160.0000, -379.0000, 0.0000,  255, 255, 255
L -160.0000, -379.0000, 0.0000,  -159.0000, -390.0000, 0.0000,  255, 255, 255
L -159.0000, -390.0000, 0.0000,  -179.0000, -391.0000, 0.0000,  255, 255, 255
L -179.0000, -391.0000, 0.0000,  -179.0000, -400.0000, 0.0000,  255, 255, 255
L -251.0000, -349.0000, 0.0000,  -229.0000, -349.0000, 0.0000,  255, 255, 255
L -229.0000, -349.0000, 0.0000,  -229.0000, -361.0000, 0.0000,  255, 255, 255
L -229.0000, -361.0000, 0.0000,  -239.0000, -361.0000, 0.0000,  255, 255, 255
L -239.0000, -361.0000, 0.0000,  -239.0000, -380.0000, 0.0000,  255, 255, 255
L -239.0000, -380.0000, 0.0000,  -250.0000, -381.0000, 0.0000,  255, 255, 255
L -250.0000, -381.0000, 0.0000,  -251.0000, -349.0000, 0.0000,  255, 255, 255
L -230.0000, -341.0000, 0.0000,  -231.0000, -330.0000, 0.0000,  255, 255, 255
L -231.0000, -330.0000, 0.0000,  -221.0000, -329.0000, 0.0000,  255, 255, 255
L -221.0000, -329.0000, 0.0000,  -221.0000, -320.0000, 0.0000,  255, 255, 255
L -221.0000, -320.0000, 0.0000,  -211.0000, -319.0000, 0.0000,  255, 255, 255
L -211.0000, -319.0000, 0.0000,  -211.0000, -310.0000, 0.0000,  255, 255, 255
L -211.0000, -310.0000, 0.0000,  -170.0000, -309.0000, 0.0000,  255, 255, 255
L -170.0000, -309.0000, 0.0000,  -169.0000, -339.0000, 0.0000,  255, 255, 255
L -169.0000, -339.0000, 0.0000,  -149.0000, -339.0000, 0.0000,  255, 255, 255
L -149.0000, -339.0000, 0.0000,  -149.0000, -370.0000, 0.0000,  255, 255, 255
L -149.0000, -370.0000, 0.0000,  -161.0000, -370.0000, 0.0000,  255, 255, 255
L -161.0000, -370.0000, 0.0000,  -161.0000, -351.0000, 0.0000,  255, 255, 255
L -161.0000, -351.0000, 0.0000,  -189.0000, -351.0000, 0.0000,  255, 255, 255
L -189.0000, -351.0000, 0.0000,  -189.0000, -371.0000, 0.0000,  255, 255, 255
L -189.0000, -371.0000, 0.0000,  -200.0000, -371.0000, 0.0000,  255, 255, 255
L -200.0000, -371.0000, 0.0000,  -201.0000, -329.0000, 0.0000,  255, 255, 255
L -201.0000, -329.0000, 0.0000,  -189.0000, -329.0000, 0.0000,  255, 255, 255
L -189.0000, -329.0000, 0.0000,  -189.0000, -339.0000, 0.0000,  255, 255, 255
L -189.0000, -339.0000, 0.0000,  -181.0000, -339.0000, 0.0000,  255, 255, 255
L -181.0000, -339.0000, 0.0000,  -181.0000, -321.0000, 0.0000,  255, 255, 255
L -181.0000, -321.0000, 0.0000,  -209.0000, -321.0000, 0.0000,  255, 255, 255
L -209.0000, -321.0000, 0.0000,  -209.0000, -341.0000, 0.0000,  255, 255, 255
L -209.0000, -341.0000, 0.0000,  -231.0000, -341.0000, 0.0000,  255, 255, 255
L -111.0000, -310.0000, 0.0000,  -70.0000, -309.0000, 0.0000,  255, 255, 255
L -70.0000, -309.0000, 0.0000,  -69.0000, -320.0000, 0.0000,  255, 255, 255
L -69.0000, -320.0000, 0.0000,  -99.0000, -321.0000, 0.0000,  255, 255, 255
L -99.0000, -321.0000, 0.0000,  -99.0000, -340.0000, 0.0000,  255, 255, 255
L -99.0000, -340.0000, 0.0000,  -120.0000, -341.0000, 0.0000,  255, 255, 255
L -120.0000, -341.0000, 0.0000,  -121.0000, -330.0000, 0.0000,  255, 255, 255
L -121.0000, -330.0000, 0.0000,  -111.0000, -329.0000, 0.0000,  255, 255, 255
L -111.0000, -329.0000, 0.0000,  -110.0000, -309.0000, 0.0000,  255, 255, 255
L -119.0000, -309.0000, 0.0000,  -119.0000, -320.0000, 0.0000,  255, 255, 255
L -119.0000, -320.0000, 0.0000,  -129.0000, -321.0000, 0.0000,  255, 255, 255
L -129.0000, -321.0000, 0.0000,  -129.0000, -341.0000, 0.0000,  255, 255, 255
L -129.0000, -341.0000, 0.0000,  -140.0000, -341.0000, 0.0000,  255, 255, 255
L -140.0000, -341.0000, 0.0000,  -141.0000, -331.0000, 0.0000,  255, 255, 255
L -141.0000, -331.0000, 0.0000,  -160.0000, -331.0000, 0.0000,  255, 255, 255
L -160.0000, -331.0000, 0.0000,  -161.0000, -319.0000, 0.0000,  255, 255, 255
L -161.0000, -319.0000, 0.0000,  -141.0000, -319.0000, 0.0000,  255, 255, 255
L -141.0000, -319.0000, 0.0000,  -141.0000, -309.0000, 0.0000,  255, 255, 255
L -141.0000, -309.0000, 0.0000,  -120.0000, -309.0000, 0.0000,  255, 255, 255
L 294.0000, -668.0000, 0.0000,  296.0000, -675.0000, 0.0000,  255, 255, 255
L 296.0000, -675.0000, 0.0000,  295.0000, -689.0000, 0.0000,  255, 255, 255
L 295.0000, -687.0000, 0.0000,  293.0000, -688.0000, 0.0000,  255, 255, 255
L 283.0000, -692.0000, 0.0000,  282.0000, -691.0000, 0.0000,  255, 255, 255
L 284.0000, -668.0000, 9.0000,  291.0000, -669.0000, 11.0000,  255, 255, 255
L 294.0000, -676.0000, 13.0000,  290.0000, -680.0000, 13.0000,  255, 255, 255
L 290.0000, -680.0000, 13.0000,  284.0000, -679.0000, 13.0000,  255, 255, 255
L 284.0000, -679.0000, 13.0000,  279.0000, -641.0000, 19.0000,  255, 255, 255
L 279.0000, -641.0000, 19.0000,  288.0000, -617.0000, 21.0000,  255, 255, 255
L 288.0000, -615.0000, 22.0000,  280.0000, -589.0000, 28.0000,  255, 255, 255
L 278.0000, -591.0000, 31.0000,  266.0000, -629.0000, 31.0000,  255, 255, 255
L 266.0000, -629.0000, 31.0000,  246.0000, -670.0000, 32.0000,  255, 255, 255
L 246.0000, -670.0000, 32.0000,  236.0000, -700.0000, 38.0000,  255, 255, 255
L 236.0000, -700.0000, 38.0000,  246.0000, -719.0000, 34.0000,  255, 255, 255
L 246.0000, -719.0000, 34.0000,  256.0000, -769.0000, 31.0000,  255, 255, 255
L 256.0000, -769.0000, 31.0000,  292.0000, -802.0000, 31.0000,  255, 255, 255
L 292.0000, -802.0000, 31.0000,  269.0000, -825.0000, 31.0000,  255, 255, 255
L 269.0000, -825.0000, 31.0000,  232.0000, -801.0000, 31.0000,  255, 255, 255
L 232.0000, -801.0000, 31.0000,  207.0000, -721.0000, 35.0000,  255, 255, 255
L 207.0000, -721.0000, 35.0000,  213.0000, -697.0000, 39.0000,  255, 255, 255
L 213.0000, -697.0000, 39.0000,  218.0000, -661.0000, 32.0000,  255, 255, 255
L 218.0000, -661.0000, 32.0000,  207.0000, -656.0000, 31.0000,  255, 255, 255
L 207.0000, -656.0000, 31.0000,  216.0000, -600.0000, 31.0000,  255, 255, 255
L 216.0000, -600.0000, 31.0000,  245.0000, -557.0000, 31.0000,  255, 255, 255
L 245.0000, -557.0000, 31.0000,  282.0000, -542.0000, 31.0000,  255, 255, 255
L 296.0000, -539.0000, 31.0000,  296.0000, -545.0000, 31.0000,  255, 255, 255
L 296.0000, -545.0000, 31.0000,  276.0000, -556.0000, 31.0000,  255, 255, 255
L 276.0000, -556.0000, 31.0000,  296.0000, -554.0000, 31.0000,  255, 255, 255
L 296.0000, -554.0000, 31.0000,  296.0000, -554.0000, 31.0000,  255, 255, 255
L 296.0000, -554.0000, 31.0000,  296.0000, -614.0000, 22.0000,  255, 255, 255
L 296.0000, -614.0000, 22.0000,  284.0000, -642.0000, 19.0000,  255, 255, 255
L 284.0000, -642.0000, 19.0000,  289.0000, -667.0000, 13.0000,  255, 255, 255
L 289.0000, -667.0000, 13.0000,  294.0000, -672.0000, 13.0000,  255, 255, 255
L 296.0000, -539.0000, 31.0000,  296.0000, -539.0000, 31.0000,  255, 255, 255
L 282.0000, -542.0000, 26.0000,  282.0000, -522.0000, 19.0000,  255, 255, 255
L 292.0000, -521.0000, 19.0000,  282.0000, -522.0000, 19.0000,  255, 255, 255
L 292.0000, -521.0000, 19.0000,  296.0000, -528.0000, 19.0000,  255, 255, 255
L 296.0000, -528.0000, 19.0000,  296.0000, -545.0000, 26.0000,  255, 255, 255
P -52.0000, 38.0000, 0.0000,  255, 255, 255,  2,  Succor_Point
P -136.0000, -348.0000, 0.0000,  0, 0, 0,  2,  West_Hedge_Maze
P 143.0000, -355.0000, 0.0000,  0, 0, 0,  2,  East_Hedge_Maze
P 272.0000, -500.0000, 0.0000,  0, 0, 0,  2,  Gazebo
P 0.0000, -886.0000, 0.0000,  0, 0, 0,  2,  Back_Door
P -296.0000, -626.0000, 0.0000,  0, 0, 0,  2,  Left_Wall
P 285.0000, -688.0000, 0.0000,  0, 0, 0,  2,  Serra/Gnome_Spelunker/Hearld_of_Mischief
P 287.0000, -530.0000, 0.0000,  0, 0, 0,  2,  Wizard_Staff_Piece
P 5.0000, -522.0000, 0.0000,  0, 0, 0,  2,  Stairs_Up
P -106.0000, -684.0000, 0.0000,  0, 0, 0,  2,  Pit
P -77.0000, -684.0000, 0.0000,  0, 0, 0,  2,  Pit
