L 470, 3654, -70, 314, 3652, -14, 255, 255, 255
L 480, 3592, -69, 470, 3654, -70, 255, 255, 255
L 492, 3581, -70, 480, 3592, -69, 255, 255, 255
L 533, 3562, -70, 492, 3581, -70, 255, 255, 255
L 575, 3573, -70, 533, 3562, -70, 255, 255, 255
L 613, 3601, -70, 575, 3573, -70, 255, 255, 255
L 670, 3592, -70, 613, 3601, -70, 255, 255, 255
L 720, 3562, -70, 670, 3592, -70, 255, 255, 255
L 761, 3521, -70, 720, 3562, -70, 255, 255, 255
L 790, 3471, -70, 761, 3521, -70, 255, 255, 255
L 800, 3412, -70, 790, 3471, -70, 255, 255, 255
L 800, 3365, -70, 800, 3412, -70, 255, 255, 255
L 773, 3294, -53, 800, 3365, -70, 255, 255, 255
L 791, 3273, -48, 773, 3294, -53, 255, 255, 255
L 784, 3228, -21, 791, 3273, -48, 255, 255, 255
L 788, 3213, -16, 784, 3228, -21, 255, 255, 255
L 790, 3184, -52, 788, 3213, -16, 255, 255, 255
L 773, 3167, -53, 790, 3184, -52, 255, 255, 255
L 756, 3133, -62, 773, 3167, -53, 255, 255, 255
L 750, 3104, -69, 756, 3133, -62, 255, 255, 255
L 744, 3070, -77, 750, 3104, -69, 255, 255, 255
L 764, 3050, -77, 744, 3070, -77, 255, 255, 255
L 794, 3034, -85, 764, 3050, -77, 255, 255, 255
L 827, 3027, -93, 794, 3034, -85, 255, 255, 255
L 861, 3020, -102, 827, 3027, -93, 255, 255, 255
L 922, 3015, -117, 861, 3020, -102, 255, 255, 255
L 958, 3005, -126, 922, 3015, -117, 255, 255, 255
L 990, 2989, -134, 958, 3005, -126, 255, 255, 255
L 1021, 2982, -142, 990, 2989, -134, 255, 255, 255
L 1051, 2977, -149, 1021, 2982, -142, 255, 255, 255
L 1114, 2971, -165, 1051, 2977, -149, 255, 255, 255
L 1147, 2962, -173, 1114, 2971, -165, 255, 255, 255
L 1174, 2957, -173, 1147, 2962, -173, 255, 255, 255
L 1203, 2957, -173, 1174, 2957, -173, 255, 255, 255
L 1221, 2949, -173, 1203, 2957, -173, 255, 255, 255
L 1250, 2931, -173, 1221, 2949, -173, 255, 255, 255
L 1269, 2936, -173, 1250, 2931, -173, 255, 255, 255
L 1284, 2943, -173, 1269, 2936, -173, 255, 255, 255
L 1320, 2935, -173, 1284, 2943, -173, 255, 255, 255
L 1366, 2915, -170, 1320, 2935, -173, 255, 255, 255
L 1387, 2867, -173, 1366, 2915, -170, 255, 255, 255
L 1392, 2836, -173, 1387, 2867, -173, 255, 255, 255
L 1392, 2812, -173, 1392, 2836, -173, 255, 255, 255
L 1379, 2782, -181, 1392, 2812, -173, 255, 255, 255
L 1376, 2750, -189, 1379, 2782, -181, 255, 255, 255
L 1367, 2718, -197, 1376, 2750, -189, 255, 255, 255
L 1350, 2683, -206, 1367, 2718, -197, 255, 255, 255
L 1338, 2621, -221, 1350, 2683, -206, 255, 255, 255
L 1332, 2557, -237, 1338, 2621, -221, 255, 255, 255
L 1324, 2530, -244, 1332, 2557, -237, 255, 255, 255
L 1318, 2497, -245, 1324, 2530, -244, 255, 255, 255
L 1317, 2468, -245, 1318, 2497, -245, 255, 255, 255
L 1310, 2450, -245, 1317, 2468, -245, 255, 255, 255
L 1292, 2422, -245, 1310, 2450, -245, 255, 255, 255
L 1297, 2402, -244, 1292, 2422, -245, 255, 255, 255
L 1317, 2383, -245, 1297, 2402, -244, 255, 255, 255
L 1348, 2368, -253, 1317, 2383, -245, 255, 255, 255
L 1380, 2361, -261, 1348, 2368, -253, 255, 255, 255
L 1415, 2356, -268, 1380, 2361, -261, 255, 255, 255
L 1433, 2375, -269, 1415, 2356, -268, 255, 255, 255
L 1438, 2399, -269, 1433, 2375, -269, 255, 255, 255
L 1438, 2431, -269, 1438, 2399, -269, 255, 255, 255
L 1445, 2446, -269, 1438, 2431, -269, 255, 255, 255
L 1464, 2477, -269, 1445, 2446, -269, 255, 255, 255
L 1460, 2495, -269, 1464, 2477, -269, 255, 255, 255
L 1466, 2519, -269, 1460, 2495, -269, 255, 255, 255
L 1449, 2538, -268, 1466, 2519, -269, 255, 255, 255
L 1429, 2583, -274, 1449, 2538, -268, 255, 255, 255
L 1450, 2645, -268, 1429, 2583, -274, 255, 255, 255
L 1465, 2661, -268, 1450, 2645, -268, 255, 255, 255
L 1530, 2680, -275, 1465, 2661, -268, 255, 255, 255
L 1572, 2659, -268, 1530, 2680, -275, 255, 255, 255
L 1586, 2645, -268, 1572, 2659, -268, 255, 255, 255
L 1607, 2579, -274, 1586, 2645, -268, 255, 255, 255
L 1588, 2538, -268, 1607, 2579, -274, 255, 255, 255
L 1569, 2519, -269, 1588, 2538, -268, 255, 255, 255
L 1563, 2496, -269, 1569, 2519, -269, 255, 255, 255
L 1542, 2463, -269, 1563, 2496, -269, 255, 255, 255
L 1538, 2448, -269, 1542, 2463, -269, 255, 255, 255
L 1542, 2431, -269, 1538, 2448, -269, 255, 255, 255
L 1542, 2400, -269, 1542, 2431, -269, 255, 255, 255
L 1527, 2373, -268, 1542, 2400, -269, 255, 255, 255
L 1546, 2355, -269, 1527, 2373, -268, 255, 255, 255
L 1578, 2349, -277, 1546, 2355, -269, 255, 255, 255
L 1645, 2336, -293, 1578, 2349, -277, 255, 255, 255
L 1659, 2343, -293, 1645, 2336, -293, 255, 255, 255
L 1693, 2336, -293, 1659, 2343, -293, 255, 255, 255
L 1741, 2315, -290, 1693, 2336, -293, 255, 255, 255
L 1763, 2265, -293, 1741, 2315, -290, 255, 255, 255
L 1767, 2236, -293, 1763, 2265, -293, 255, 255, 255
L 1767, 2212, -293, 1767, 2236, -293, 255, 255, 255
L 1754, 2180, -301, 1767, 2212, -293, 255, 255, 255
L 1750, 2147, -310, 1754, 2180, -301, 255, 255, 255
L 1741, 2115, -317, 1750, 2147, -310, 255, 255, 255
L 1725, 2083, -326, 1741, 2115, -317, 255, 255, 255
L 1720, 2057, -332, 1725, 2083, -326, 255, 255, 255
L 1713, 2020, -341, 1720, 2057, -332, 255, 255, 255
L 1707, 1957, -357, 1713, 2020, -341, 255, 255, 255
L 1697, 1924, -365, 1707, 1957, -357, 255, 255, 255
L 1693, 1901, -365, 1697, 1924, -365, 255, 255, 255
L 1693, 1868, -365, 1693, 1901, -365, 255, 255, 255
L 1687, 1854, -365, 1693, 1868, -365, 255, 255, 255
L 1667, 1824, -365, 1687, 1854, -365, 255, 255, 255
L 1677, 1802, -364, 1667, 1824, -365, 255, 255, 255
L 1696, 1784, -365, 1677, 1802, -364, 255, 255, 255
L 1720, 1779, -365, 1696, 1784, -365, 255, 255, 255
L 1742, 1767, -365, 1720, 1779, -365, 255, 255, 255
L 1769, 1780, -365, 1742, 1767, -365, 255, 255, 255
L 1769, 1747, -332, 1769, 1780, -365, 255, 255, 255
L 1767, 1705, -327, 1769, 1747, -332, 255, 255, 255
L 1756, 1676, -327, 1767, 1705, -327, 255, 255, 255
L 1726, 1651, -327, 1756, 1676, -327, 255, 255, 255
L 1680, 1634, -327, 1726, 1651, -327, 255, 255, 255
L 1650, 1634, -327, 1680, 1634, -327, 255, 255, 255
L 1649, 924, -327, 1650, 1634, -327, 255, 255, 255
L 1680, 924, -327, 1649, 924, -327, 255, 255, 255
L 1726, 907, -327, 1680, 924, -327, 255, 255, 255
L 1756, 882, -327, 1726, 907, -327, 255, 255, 255
L 1767, 853, -327, 1756, 882, -327, 255, 255, 255
L 1769, 811, -332, 1767, 853, -327, 255, 255, 255
L 1769, 778, -365, 1769, 811, -332, 255, 255, 255
L 1739, 791, -365, 1769, 778, -365, 255, 255, 255
L 1720, 779, -365, 1739, 791, -365, 255, 255, 255
L 1695, 774, -364, 1720, 779, -365, 255, 255, 255
L 1677, 755, -365, 1695, 774, -364, 255, 255, 255
L 1672, 723, -373, 1677, 755, -365, 255, 255, 255
L 1661, 687, -382, 1672, 723, -373, 255, 255, 255
L 1674, 658, -389, 1661, 687, -382, 255, 255, 255
L 1676, 625, -398, 1674, 658, -389, 255, 255, 255
L 1672, 593, -406, 1676, 625, -398, 255, 255, 255
L 1677, 561, -413, 1672, 593, -406, 255, 255, 255
L 1692, 530, -421, 1677, 561, -413, 255, 255, 255
L 1682, 495, -430, 1692, 530, -421, 255, 255, 255
L 1695, 466, -437, 1682, 495, -430, 255, 255, 255
L 1684, 399, -437, 1695, 466, -437, 255, 255, 255
L 1695, 332, -438, 1684, 399, -437, 255, 255, 255
L 1682, 298, -446, 1695, 332, -438, 255, 255, 255
L 1680, 269, -453, 1682, 298, -446, 255, 255, 255
L 1670, 235, -461, 1680, 269, -453, 255, 255, 255
L 1654, 203, -470, 1670, 235, -461, 255, 255, 255
L 1642, 141, -485, 1654, 203, -470, 255, 255, 255
L 1635, 74, -502, 1642, 141, -485, 255, 255, 255
L 1627, 45, -509, 1635, 74, -502, 255, 255, 255
L 1622, 18, -509, 1627, 45, -509, 255, 255, 255
L 1622, -11, -509, 1622, 18, -509, 255, 255, 255
L 1616, -27, -509, 1622, -11, -509, 255, 255, 255
L 1596, -59, -509, 1616, -27, -509, 255, 255, 255
L 1601, -78, -509, 1596, -59, -509, 255, 255, 255
L 1608, -92, -509, 1601, -78, -509, 255, 255, 255
L 1603, -118, -509, 1608, -92, -509, 255, 255, 255
L 1580, -174, -506, 1603, -118, -509, 255, 255, 255
L 1531, -195, -509, 1580, -174, -506, 255, 255, 255
L 1504, -199, -509, 1531, -195, -509, 255, 255, 255
L 1475, -200, -508, 1504, -199, -509, 255, 255, 255
L 1457, -221, -509, 1475, -200, -508, 255, 255, 255
L 1464, -236, -509, 1457, -221, -509, 255, 255, 255
L 1457, -269, -509, 1464, -236, -509, 255, 255, 255
L 1436, -318, -506, 1457, -269, -509, 255, 255, 255
L 1384, -340, -509, 1436, -318, -506, 255, 255, 255
L 1332, -344, -509, 1384, -340, -509, 255, 255, 255
L 1312, -364, -509, 1332, -344, -509, 255, 255, 255
L 1302, -398, -509, 1312, -364, -509, 255, 255, 255
L 1299, -436, -509, 1302, -398, -509, 255, 255, 255
L 1270, -465, -509, 1299, -436, -509, 255, 255, 255
L 1240, -468, -509, 1270, -465, -509, 255, 255, 255
L 1198, -457, -509, 1240, -468, -509, 255, 255, 255
L 1158, -470, -509, 1198, -457, -509, 255, 255, 255
L 1128, -467, -509, 1158, -470, -509, 255, 255, 255
L 1100, -438, -509, 1128, -467, -509, 255, 255, 255
L 1089, -402, -509, 1100, -438, -509, 255, 255, 255
L 1072, -365, -509, 1089, -402, -509, 255, 255, 255
L 1063, -281, -509, 1072, -365, -509, 255, 255, 255
L 1072, -222, -509, 1063, -281, -509, 255, 255, 255
L 1090, -181, -509, 1072, -222, -509, 255, 255, 255
L 1099, -146, -509, 1090, -181, -509, 255, 255, 255
L 1128, -117, -509, 1099, -146, -509, 255, 255, 255
L 1158, -114, -509, 1128, -117, -509, 255, 255, 255
L 1201, -127, -509, 1158, -114, -509, 255, 255, 255
L 1238, -116, -509, 1201, -127, -509, 255, 255, 255
L 1270, -119, -509, 1238, -116, -509, 255, 255, 255
L 1298, -147, -509, 1270, -119, -509, 255, 255, 255
L 1303, -188, -509, 1298, -147, -509, 255, 255, 255
L 1313, -222, -508, 1303, -188, -509, 255, 255, 255
L 1335, -239, -508, 1313, -222, -508, 255, 255, 255
L 1353, -218, -509, 1335, -239, -508, 255, 255, 255
L 1346, -204, -509, 1353, -218, -509, 255, 255, 255
L 1353, -170, -509, 1346, -204, -509, 255, 255, 255
L 1374, -122, -506, 1353, -170, -509, 255, 255, 255
L 1423, -101, -509, 1374, -122, -506, 255, 255, 255
L 1453, -97, -509, 1423, -101, -509, 255, 255, 255
L 1477, -96, -509, 1453, -97, -509, 255, 255, 255
L 1498, -76, -509, 1477, -96, -509, 255, 255, 255
L 1517, -45, -509, 1498, -76, -509, 255, 255, 255
L 1522, -29, -509, 1517, -45, -509, 255, 255, 255
L 1519, -12, -509, 1522, -29, -509, 255, 255, 255
L 1518, 19, -509, 1519, -12, -509, 255, 255, 255
L 1523, 43, -509, 1518, 19, -509, 255, 255, 255
L 1532, 75, -501, 1523, 43, -509, 255, 255, 255
L 1535, 107, -494, 1532, 75, -501, 255, 255, 255
L 1563, 173, -477, 1535, 107, -494, 255, 255, 255
L 1552, 204, -469, 1563, 173, -477, 255, 255, 255
L 1567, 236, -461, 1552, 204, -469, 255, 255, 255
L 1576, 268, -453, 1567, 236, -461, 255, 255, 255
L 1579, 299, -446, 1576, 268, -453, 255, 255, 255
L 1601, 334, -436, 1579, 299, -446, 255, 255, 255
L 1584, 351, -436, 1601, 334, -436, 255, 255, 255
L 1547, 366, -446, 1584, 351, -436, 255, 255, 255
L 1518, 369, -454, 1547, 366, -446, 255, 255, 255
L 1487, 377, -461, 1518, 369, -454, 255, 255, 255
L 1454, 393, -469, 1487, 377, -461, 255, 255, 255
L 1422, 401, -478, 1454, 393, -469, 255, 255, 255
L 1390, 406, -486, 1422, 401, -478, 255, 255, 255
L 1322, 414, -502, 1390, 406, -486, 255, 255, 255
L 1296, 421, -509, 1322, 414, -502, 255, 255, 255
L 1269, 426, -509, 1296, 421, -509, 255, 255, 255
L 1238, 427, -509, 1269, 426, -509, 255, 255, 255
L 1222, 433, -509, 1238, 427, -509, 255, 255, 255
L 1191, 452, -509, 1222, 433, -509, 255, 255, 255
L 1173, 447, -509, 1191, 452, -509, 255, 255, 255
L 1121, 451, -509, 1173, 447, -509, 255, 255, 255
L 1071, 473, -508, 1121, 451, -509, 255, 255, 255
L 1050, 521, -509, 1071, 473, -508, 255, 255, 255
L 1043, 555, -509, 1050, 521, -509, 255, 255, 255
L 1049, 573, -508, 1043, 555, -509, 255, 255, 255
L 1030, 592, -509, 1049, 573, -508, 255, 255, 255
L 1011, 596, -509, 1030, 592, -509, 255, 255, 255
L 980, 576, -509, 1011, 596, -509, 255, 255, 255
L 965, 570, -509, 980, 576, -509, 255, 255, 255
L 932, 570, -509, 965, 570, -509, 255, 255, 255
L 909, 565, -509, 932, 570, -509, 255, 255, 255
L 876, 556, -501, 909, 565, -509, 255, 255, 255
L 783, 545, -478, 876, 556, -501, 255, 255, 255
L 750, 537, -469, 783, 545, -478, 255, 255, 255
L 717, 521, -461, 750, 537, -469, 255, 255, 255
L 685, 512, -453, 717, 521, -461, 255, 255, 255
L 653, 509, -445, 685, 512, -453, 255, 255, 255
L 622, 496, -445, 653, 509, -445, 255, 255, 255
L 592, 494, -445, 622, 496, -445, 255, 255, 255
L 532, 511, -444, 592, 494, -445, 255, 255, 255
L 514, 491, -445, 532, 511, -444, 255, 255, 255
L 502, 457, -454, 514, 491, -445, 255, 255, 255
L 516, 425, -462, 502, 457, -454, 255, 255, 255
L 505, 330, -485, 516, 425, -462, 255, 255, 255
L 512, 315, -485, 505, 330, -485, 255, 255, 255
L 505, 282, -485, 512, 315, -485, 255, 255, 255
L 484, 233, -484, 505, 282, -485, 255, 255, 255
L 435, 211, -485, 484, 233, -484, 255, 255, 255
L 404, 207, -485, 435, 211, -485, 255, 255, 255
L 379, 206, -484, 404, 207, -485, 255, 255, 255
L 360, 187, -485, 379, 206, -484, 255, 255, 255
L 332, 90, -485, 360, 187, -485, 255, 255, 255
L 332, 62, -485, 332, 90, -485, 255, 255, 255
L 305, 62, -447, 332, 62, -485, 255, 255, 255
L 304, 52, -446, 305, 62, -447, 255, 255, 255
L 333, 52, -484, 304, 52, -446, 255, 255, 255
L 350, 35, -484, 333, 52, -484, 255, 255, 255
L 305, 3595, -70, 314, 3652, -70, 255, 255, 255
L 314, 3535, -70, 305, 3595, -70, 255, 255, 255
L 344, 3485, -70, 314, 3535, -70, 255, 255, 255
L 383, 3446, -70, 344, 3485, -70, 255, 255, 255
L 433, 3416, -70, 383, 3446, -70, 255, 255, 255
L 491, 3407, -70, 433, 3416, -70, 255, 255, 255
L 511, 3416, -70, 491, 3407, -70, 255, 255, 255
L 560, 3426, -70, 511, 3416, -70, 255, 255, 255
L 614, 3425, -69, 560, 3426, -70, 255, 255, 255
L 625, 3415, -70, 614, 3425, -69, 255, 255, 255
L 663, 3364, -70, 625, 3415, -70, 255, 255, 255
L 672, 3291, -52, 663, 3364, -70, 255, 255, 255
L 656, 3276, -52, 672, 3291, -52, 255, 255, 255
L 662, 3229, -16, 656, 3276, -52, 255, 255, 255
L 656, 3185, -52, 662, 3229, -16, 255, 255, 255
L 673, 3164, -53, 656, 3185, -52, 255, 255, 255
L 654, 3134, -62, 673, 3164, -53, 255, 255, 255
L 665, 3101, -69, 654, 3134, -62, 255, 255, 255
L 651, 3071, -77, 665, 3101, -69, 255, 255, 255
L 631, 3050, -77, 651, 3071, -77, 255, 255, 255
L 599, 3034, -85, 631, 3050, -77, 255, 255, 255
L 529, 3020, -103, 599, 3034, -85, 255, 255, 255
L 468, 3015, -117, 529, 3020, -103, 255, 255, 255
L 454, 3022, -117, 468, 3015, -117, 255, 255, 255
L 427, 3017, -117, 454, 3022, -117, 255, 255, 255
L 372, 2994, -114, 427, 3017, -117, 255, 255, 255
L 351, 2945, -117, 372, 2994, -114, 255, 255, 255
L 345, 2888, -118, 351, 2945, -117, 255, 255, 255
L 332, 2856, -126, 345, 2888, -118, 255, 255, 255
L 342, 2826, -133, 332, 2856, -126, 255, 255, 255
L 314, 2762, -150, 342, 2826, -133, 255, 255, 255
L 310, 2729, -156, 314, 2762, -150, 255, 255, 255
L 288, 2712, -158, 310, 2729, -156, 255, 255, 255
L 254, 2729, -167, 288, 2712, -158, 255, 255, 255
L 225, 2726, -174, 254, 2729, -167, 255, 255, 255
L 170, 2713, -181, 225, 2726, -174, 255, 255, 255
L 144, 2713, -181, 170, 2713, -181, 255, 255, 255
L 126, 2707, -181, 144, 2713, -181, 255, 255, 255
L 95, 2687, -181, 126, 2707, -181, 255, 255, 255
L 74, 2692, -181, 95, 2687, -181, 255, 255, 255
L 59, 2699, -181, 74, 2692, -181, 255, 255, 255
L -23, 2671, -180, 59, 2699, -181, 255, 255, 255
L -44, 2623, -181, -23, 2671, -180, 255, 255, 255
L -48, 2594, -181, -44, 2623, -181, 255, 255, 255
L -50, 2566, -180, -48, 2594, -181, 255, 255, 255
L -68, 2548, -181, -50, 2566, -180, 255, 255, 255
L -103, 2536, -190, -68, 2548, -181, 255, 255, 255
L -133, 2550, -197, -103, 2536, -190, 255, 255, 255
L -172, 2544, -207, -133, 2550, -197, 255, 255, 255
L -231, 2538, -222, -172, 2544, -207, 255, 255, 255
L -262, 2530, -229, -231, 2538, -222, 255, 255, 255
L -313, 2526, -229, -262, 2530, -229, 255, 255, 255
L -364, 2504, -226, -313, 2526, -229, 255, 255, 255
L -392, 2424, -229, -364, 2504, -226, 255, 255, 255
L -385, 2407, -229, -392, 2424, -229, 255, 255, 255
L -372, 2340, -246, -385, 2407, -229, 255, 255, 255
L -378, 2308, -254, -372, 2340, -246, 255, 255, 255
L -391, 2276, -262, -378, 2308, -254, 255, 255, 255
L -394, 2244, -270, -391, 2276, -262, 255, 255, 255
L -404, 2212, -276, -394, 2244, -270, 255, 255, 255
L -423, 2194, -277, -404, 2212, -276, 255, 255, 255
L -456, 2184, -277, -423, 2194, -277, 255, 255, 255
L -495, 2180, -277, -456, 2184, -277, 255, 255, 255
L -547, 2133, -277, -495, 2180, -277, 255, 255, 255
L -577, 2150, -286, -547, 2133, -277, 255, 255, 255
L -640, 2139, -301, -577, 2150, -286, 255, 255, 255
L -664, 2134, -301, -640, 2139, -301, 255, 255, 255
L -694, 2134, -301, -664, 2134, -301, 255, 255, 255
L -711, 2128, -301, -694, 2134, -301, 255, 255, 255
L -742, 2108, -301, -711, 2128, -301, 255, 255, 255
L -761, 2113, -301, -742, 2108, -301, 255, 255, 255
L -775, 2120, -301, -761, 2113, -301, 255, 255, 255
L -808, 2114, -301, -775, 2120, -301, 255, 255, 255
L -858, 2092, -299, -808, 2114, -301, 255, 255, 255
L -880, 2041, -301, -858, 2092, -299, 255, 255, 255
L -884, 2012, -301, -880, 2041, -301, 255, 255, 255
L -884, 1987, -300, -884, 2012, -301, 255, 255, 255
L -903, 1969, -301, -884, 1987, -300, 255, 255, 255
L -935, 1957, -309, -903, 1969, -301, 255, 255, 255
L -968, 1971, -318, -935, 1957, -309, 255, 255, 255
L -1063, 1960, -341, -968, 1971, -318, 255, 255, 255
L -1096, 1951, -349, -1063, 1960, -341, 255, 255, 255
L -1149, 1947, -349, -1096, 1951, -349, 255, 255, 255
L -1192, 1928, -349, -1149, 1947, -349, 255, 255, 255
L -1221, 1875, -349, -1192, 1928, -349, 255, 255, 255
L -1227, 1843, -349, -1221, 1875, -349, 255, 255, 255
L -1220, 1828, -349, -1227, 1843, -349, 255, 255, 255
L -1207, 1760, -366, -1220, 1828, -349, 255, 255, 255
L -1213, 1729, -374, -1207, 1760, -366, 255, 255, 255
L -1226, 1698, -382, -1213, 1729, -374, 255, 255, 255
L -1229, 1665, -390, -1226, 1698, -382, 255, 255, 255
L -1248, 1601, -404, -1229, 1665, -390, 255, 255, 255
L -1264, 1584, -404, -1248, 1601, -404, 255, 255, 255
L -1258, 1537, -368, -1264, 1584, -404, 255, 255, 255
L -1264, 1494, -404, -1258, 1537, -368, 255, 255, 255
L -1251, 1480, -404, -1264, 1494, -404, 255, 255, 255
L -1219, 1480, -368, -1251, 1480, -404, 255, 255, 255
L -1219, 1470, -366, -1219, 1480, -368, 255, 255, 255
L -1251, 1470, -404, -1219, 1470, -366, 255, 255, 255
L -1269, 1454, -405, -1251, 1470, -404, 255, 255, 255
L -1368, 1439, -404, -1269, 1454, -405, 255, 255, 255
L -1394, 1412, -405, -1368, 1439, -404, 255, 255, 255
L -1398, 1382, -405, -1394, 1412, -405, 255, 255, 255
L -1386, 1310, -405, -1398, 1382, -405, 255, 255, 255
L -1399, 1239, -405, -1386, 1310, -405, 255, 255, 255
L -1396, 1211, -405, -1399, 1239, -405, 255, 255, 255
L -1365, 1210, -366, -1396, 1211, -405, 255, 255, 255
L -1327, 1196, -367, -1365, 1210, -366, 255, 255, 255
L -1267, 1174, -366, -1327, 1196, -367, 255, 255, 255
L -1227, 1144, -366, -1267, 1174, -366, 255, 255, 255
L -1230, 620, -366, -1227, 1144, -366, 255, 255, 255
L -1266, 593, -366, -1230, 620, -366, 255, 255, 255
L -1326, 571, -367, -1266, 593, -366, 255, 255, 255
L -1367, 555, -366, -1326, 571, -367, 255, 255, 255
L -1396, 555, -405, -1367, 555, -366, 255, 255, 255
L -1396, 503, -405, -1396, 555, -405, 255, 255, 255
L -1392, 471, -405, -1396, 503, -405, 255, 255, 255
L -1363, 442, -405, -1392, 471, -405, 255, 255, 255
L -1263, 428, -404, -1363, 442, -405, 255, 255, 255
L -1248, 413, -404, -1263, 428, -404, 255, 255, 255
L -1215, 413, -366, -1248, 413, -404, 255, 255, 255
L -1215, 403, -366, -1215, 413, -366, 255, 255, 255
L -1246, 403, -405, -1215, 403, -366, 255, 255, 255
L -1251, 392, -405, -1246, 403, -405, 255, 255, 255
L -1245, 363, -405, -1251, 392, -405, 255, 255, 255
L -1223, 310, -400, -1245, 363, -405, 255, 255, 255
L -1176, 289, -405, -1223, 310, -400, 255, 255, 255
L -1146, 285, -405, -1176, 289, -405, 255, 255, 255
L -1118, 284, -405, -1146, 285, -405, 255, 255, 255
L -1056, 264, -405, -1118, 284, -405, 255, 255, 255
L -992, 264, -412, -1056, 264, -405, 255, 255, 255
L -975, 247, -412, -992, 264, -412, 255, 255, 255
L -949, 248, -376, -975, 247, -412, 255, 255, 255
L -909, 248, -376, -949, 248, -376, 255, 255, 255
L -885, 247, -412, -909, 248, -376, 255, 255, 255
L -865, 265, -413, -885, 247, -412, 255, 255, 255
L -805, 284, -413, -865, 265, -413, 255, 255, 255
L -768, 300, -413, -805, 284, -413, 255, 255, 255
L -736, 294, -413, -768, 300, -413, 255, 255, 255
L -668, 315, -413, -736, 294, -413, 255, 255, 255
L -636, 329, -413, -668, 315, -413, 255, 255, 255
L -600, 323, -413, -636, 329, -413, 255, 255, 255
L -565, 334, -413, -600, 323, -413, 255, 255, 255
L -530, 331, -413, -565, 334, -413, 255, 255, 255
L -467, 351, -413, -530, 331, -413, 255, 255, 255
L -417, 355, -413, -467, 351, -413, 255, 255, 255
L -364, 377, -408, -417, 355, -413, 255, 255, 255
L -342, 426, -413, -364, 377, -408, 255, 255, 255
L -336, 459, -413, -342, 426, -413, 255, 255, 255
L -343, 475, -413, -336, 459, -413, 255, 255, 255
L -350, 514, -413, -343, 475, -413, 255, 255, 255
L -314, 610, -412, -350, 514, -413, 255, 255, 255
L -292, 628, -413, -314, 610, -412, 255, 255, 255
L -191, 654, -410, -292, 628, -413, 255, 255, 255
L -170, 703, -413, -191, 654, -410, 255, 255, 255
L -163, 736, -413, -170, 703, -413, 255, 255, 255
L -170, 753, -413, -163, 736, -413, 255, 255, 255
L -164, 817, -397, -170, 753, -413, 255, 255, 255
L -159, 848, -389, -164, 817, -397, 255, 255, 255
L -173, 880, -381, -159, 848, -389, 255, 255, 255
L -160, 915, -372, -173, 880, -381, 255, 255, 255
L -144, 931, -372, -160, 915, -372, 255, 255, 255
L -145, 956, -336, -144, 931, -372, 255, 255, 255
L -145, 995, -338, -145, 956, -336, 255, 255, 255
L -144, 1021, -372, -145, 995, -338, 255, 255, 255
L -162, 1040, -373, -144, 1021, -372, 255, 255, 255
L -171, 1073, -365, -162, 1040, -373, 255, 255, 255
L -173, 1103, -358, -171, 1073, -365, 255, 255, 255
L -186, 1134, -350, -173, 1103, -358, 255, 255, 255
L -192, 1169, -341, -186, 1134, -350, 255, 255, 255
L -180, 1228, -326, -192, 1169, -341, 255, 255, 255
L -172, 1248, -325, -180, 1228, -326, 255, 255, 255
L -178, 1280, -325, -172, 1248, -325, 255, 255, 255
L -200, 1330, -315, -178, 1280, -325, 255, 255, 255
L -249, 1351, -325, -200, 1330, -315, 255, 255, 255
L -279, 1356, -325, -249, 1351, -325, 255, 255, 255
L -305, 1356, -324, -279, 1356, -325, 255, 255, 255
L -323, 1377, -325, -305, 1356, -324, 255, 255, 255
L -305, 1395, -324, -323, 1377, -325, 255, 255, 255
L -313, 1439, -288, -305, 1395, -324, 255, 255, 255
L -306, 1485, -324, -313, 1439, -288, 255, 255, 255
L -323, 1507, -325, -306, 1485, -324, 255, 255, 255
L -315, 1536, -317, -323, 1507, -325, 255, 255, 255
L -303, 1631, -294, -315, 1536, -317, 255, 255, 255
L -317, 1666, -285, -303, 1631, -294, 255, 255, 255
L -305, 1698, -276, -317, 1666, -285, 255, 255, 255
L -284, 1717, -277, -305, 1698, -276, 255, 255, 255
L -245, 1722, -277, -284, 1717, -277, 255, 255, 255
L -217, 1709, -277, -245, 1722, -277, 255, 255, 255
L -151, 1688, -277, -217, 1709, -277, 255, 255, 255
L -122, 1690, -270, -151, 1688, -277, 255, 255, 255
L -55, 1718, -253, -122, 1690, -270, 255, 255, 255
L -22, 1706, -245, -55, 1718, -253, 255, 255, 255
L 25, 1710, -245, -22, 1706, -245, 255, 255, 255
L 79, 1732, -241, 25, 1710, -245, 255, 255, 255
L 100, 1780, -245, 79, 1732, -241, 255, 255, 255
L 107, 1814, -245, 100, 1780, -245, 255, 255, 255
L 100, 1830, -245, 107, 1814, -245, 255, 255, 255
L 105, 1891, -230, 100, 1830, -245, 255, 255, 255
L 111, 1925, -222, 105, 1891, -230, 255, 255, 255
L 97, 1958, -213, 111, 1925, -222, 255, 255, 255
L 109, 1991, -204, 97, 1958, -213, 255, 255, 255
L 131, 2009, -205, 109, 1991, -204, 255, 255, 255
L 182, 2013, -205, 131, 2009, -205, 255, 255, 255
L 232, 2035, -195, 182, 2013, -205, 255, 255, 255
L 253, 2084, -205, 232, 2035, -195, 255, 255, 255
L 260, 2117, -205, 253, 2084, -205, 255, 255, 255
L 253, 2132, -205, 260, 2117, -205, 255, 255, 255
L 263, 2199, -168, 253, 2132, -205, 255, 255, 255
L 270, 2242, -204, 263, 2199, -168, 255, 255, 255
L 253, 2263, -205, 270, 2242, -204, 255, 255, 255
L 261, 2292, -198, 253, 2263, -205, 255, 255, 255
L 273, 2389, -174, 261, 2292, -198, 255, 255, 255
L 259, 2423, -165, 273, 2389, -174, 255, 255, 255
L 271, 2455, -156, 259, 2423, -165, 255, 255, 255
L 293, 2473, -157, 271, 2455, -156, 255, 255, 255
L 345, 2478, -157, 293, 2473, -157, 255, 255, 255
L 394, 2499, -139, 345, 2478, -157, 255, 255, 255
L 416, 2549, -157, 394, 2499, -139, 255, 255, 255
L 422, 2581, -157, 416, 2549, -157, 255, 255, 255
L 414, 2598, -157, 422, 2581, -157, 255, 255, 255
L 403, 2664, -157, 414, 2598, -157, 255, 255, 255
L 414, 2731, -157, 403, 2664, -157, 255, 255, 255
L 421, 2796, -141, 414, 2731, -157, 255, 255, 255
L 434, 2860, -125, 421, 2796, -141, 255, 255, 255
L 450, 2893, -116, 434, 2860, -125, 255, 255, 255
L 471, 2912, -117, 450, 2893, -116, 255, 255, 255
L 499, 2914, -110, 471, 2912, -117, 255, 255, 255
L 569, 2942, -93, 499, 2914, -110, 255, 255, 255
L 598, 2931, -85, 569, 2942, -93, 255, 255, 255
L 632, 2949, -76, 598, 2931, -85, 255, 255, 255
L 651, 2929, -78, 632, 2949, -76, 255, 255, 255
L 667, 2897, -86, 651, 2929, -78, 255, 255, 255
L 679, 2830, -102, 667, 2897, -86, 255, 255, 255
L 673, 2799, -110, 679, 2830, -102, 255, 255, 255
L 660, 2770, -117, 673, 2799, -110, 255, 255, 255
L 657, 2735, -126, 660, 2770, -117, 255, 255, 255
L 648, 2705, -133, 657, 2735, -126, 255, 255, 255
L 633, 2674, -141, 648, 2705, -133, 255, 255, 255
L 644, 2640, -150, 633, 2674, -141, 255, 255, 255
L 617, 2578, -165, 644, 2640, -150, 255, 255, 255
L 613, 2542, -174, 617, 2578, -165, 255, 255, 255
L 600, 2492, -181, 613, 2542, -174, 255, 255, 255
L 600, 2458, -181, 600, 2492, -181, 255, 255, 255
L 603, 2441, -181, 600, 2458, -181, 255, 255, 255
L 598, 2425, -181, 603, 2441, -181, 255, 255, 255
L 578, 2392, -180, 598, 2425, -181, 255, 255, 255
L 557, 2374, -181, 578, 2392, -180, 255, 255, 255
L 505, 2370, -181, 557, 2374, -181, 255, 255, 255
L 455, 2348, -176, 505, 2370, -181, 255, 255, 255
L 434, 2299, -181, 455, 2348, -176, 255, 255, 255
L 427, 2267, -181, 434, 2299, -181, 255, 255, 255
L 435, 2247, -182, 427, 2267, -181, 255, 255, 255
L 447, 2184, -198, 435, 2247, -182, 255, 255, 255
L 443, 2160, -204, 447, 2184, -198, 255, 255, 255
L 428, 2121, -214, 443, 2160, -204, 255, 255, 255
L 425, 2087, -222, 428, 2121, -214, 255, 255, 255
L 415, 2056, -228, 425, 2087, -222, 255, 255, 255
L 394, 2038, -229, 415, 2056, -228, 255, 255, 255
L 339, 2032, -229, 394, 2038, -229, 255, 255, 255
L 293, 2012, -220, 339, 2032, -229, 255, 255, 255
L 271, 1961, -229, 293, 2012, -220, 255, 255, 255
L 265, 1930, -229, 271, 1961, -229, 255, 255, 255
L 273, 1912, -230, 265, 1930, -229, 255, 255, 255
L 280, 1881, -238, 273, 1912, -230, 255, 255, 255
L 285, 1848, -246, 280, 1881, -238, 255, 255, 255
L 279, 1817, -253, 285, 1848, -246, 255, 255, 255
L 266, 1785, -262, 279, 1817, -253, 255, 255, 255
L 263, 1753, -270, 266, 1785, -262, 255, 255, 255
L 257, 1730, -275, 263, 1753, -270, 255, 255, 255
L 283, 1730, -240, 257, 1730, -275, 255, 255, 255
L 282, 1720, -238, 283, 1730, -240, 255, 255, 255
L 253, 1720, -276, 282, 1720, -238, 255, 255, 255
L 133, 1656, -277, 162, 1688, -277, 255, 255, 255
L 130, 1626, -277, 133, 1656, -277, 255, 255, 255
L 141, 1587, -277, 130, 1626, -277, 255, 255, 255
L 128, 1545, -277, 141, 1587, -277, 255, 255, 255
L 131, 1518, -277, 128, 1545, -277, 255, 255, 255
L 160, 1488, -277, 131, 1518, -277, 255, 255, 255
L 237, 1461, -276, 160, 1488, -277, 255, 255, 255
L 256, 1441, -277, 237, 1461, -276, 255, 255, 255
L 266, 1406, -286, 256, 1441, -277, 255, 255, 255
L 253, 1376, -294, 266, 1406, -286, 255, 255, 255
L 259, 1344, -302, 253, 1376, -294, 255, 255, 255
L 273, 1249, -325, 259, 1344, -302, 255, 255, 255
L 266, 1230, -325, 273, 1249, -325, 255, 255, 255
L 294, 1151, -322, 266, 1230, -325, 255, 255, 255
L 399, 1124, -324, 344, 1129, -325, 255, 255, 255
L 418, 1105, -326, 399, 1124, -324, 255, 255, 255
L 430, 1038, -342, 418, 1105, -326, 255, 255, 255
L 424, 1008, -349, 430, 1038, -342, 255, 255, 255
L 412, 977, -357, 424, 1008, -349, 255, 255, 255
L 407, 941, -366, 412, 977, -357, 255, 255, 255
L 400, 912, -374, 407, 941, -366, 255, 255, 255
L 411, 879, -381, 400, 912, -374, 255, 255, 255
L 397, 847, -390, 411, 879, -381, 255, 255, 255
L 409, 752, -414, 397, 847, -390, 255, 255, 255
L 429, 687, -429, 409, 752, -414, 255, 255, 255
L 415, 657, -438, 429, 687, -429, 255, 255, 255
L 432, 555, -445, 415, 657, -438, 255, 255, 255
L 418, 461, -453, 432, 555, -445, 255, 255, 255
L 423, 423, -462, 418, 461, -453, 255, 255, 255
L 417, 393, -470, 423, 423, -462, 255, 255, 255
L 405, 364, -477, 417, 393, -470, 255, 255, 255
L 400, 329, -484, 405, 364, -477, 255, 255, 255
L 380, 311, -485, 400, 329, -484, 255, 255, 255
L 323, 298, -472, 380, 311, -485, 255, 255, 255
L 280, 285, -467, 323, 298, -472, 255, 255, 255
L 256, 236, -485, 280, 285, -467, 255, 255, 255
L 250, 203, -485, 256, 236, -485, 255, 255, 255
L 257, 186, -485, 250, 203, -485, 255, 255, 255
L 228, 62, -485, 257, 186, -485, 255, 255, 255
L 257, 62, -446, 228, 62, -485, 255, 255, 255
L 255, 52, -446, 257, 62, -446, 255, 255, 255
L 227, 52, -484, 255, 52, -446, 255, 255, 255
L 208, 33, -485, 227, 52, -484, 255, 255, 255
L 177, 24, -481, 208, 33, -481, 255, 255, 255
L 176, 24, -481, 177, 24, -481, 255, 255, 255
L 136, 20, -481, 176, 24, -481, 255, 255, 255
L 109, -8, -480, 136, 20, -481, 255, 255, 255
L 107, -9, -481, 109, -8, -480, 255, 255, 255
L 103, -40, -481, 107, -9, -481, 255, 255, 255
L 115, -78, -481, 103, -40, -481, 255, 255, 255
L 115, -79, -481, 115, -78, -481, 255, 255, 255
L 115, -80, -481, 115, -79, -481, 255, 255, 255
L 102, -118, -481, 115, -80, -481, 255, 255, 255
L 102, -124, -481, 102, -118, -481, 255, 255, 255
L 105, -151, -481, 102, -124, -481, 255, 255, 255
L 132, -177, -480, 105, -151, -481, 255, 255, 255
L 133, -179, -481, 132, -177, -480, 255, 255, 255
L 135, -180, -481, 133, -179, -481, 255, 255, 255
L 165, -188, -481, 135, -180, -481, 255, 255, 255
L 167, -188, -481, 165, -188, -481, 255, 255, 255
L 210, -207, -481, 167, -188, -481, 255, 255, 255
L 269, -216, -481, 210, -207, -481, 255, 255, 255
L 352, -207, -481, 269, -216, -481, 255, 255, 255
L 390, -190, -481, 352, -207, -481, 255, 255, 255
L 391, -189, -481, 390, -190, -481, 255, 255, 255
L 426, -180, -481, 391, -189, -481, 255, 255, 255
L 453, -152, -480, 426, -180, -481, 255, 255, 255
L 455, -151, -481, 453, -152, -480, 255, 255, 255
L 455, -147, -481, 455, -151, -481, 255, 255, 255
L 459, -120, -481, 455, -147, -481, 255, 255, 255
L 446, -83, -481, 459, -120, -481, 255, 255, 255
L 445, -81, -481, 446, -83, -481, 255, 255, 255
L 444, -80, -481, 445, -81, -481, 255, 255, 255
L 457, -40, -481, 444, -80, -481, 255, 255, 255
L 453, -9, -481, 457, -40, -481, 255, 255, 255
L 445, -2, -480, 453, -9, -481, 255, 255, 255
L 424, 20, -481, 445, -2, -480, 255, 255, 255
L 387, 23, -481, 424, 20, -481, 255, 255, 255
L 385, 23, -481, 387, 23, -481, 255, 255, 255
L 351, 34, -481, 385, 23, -481, 255, 255, 255
L 282, 1720, -238, 253, 1720, -276, 255, 255, 255
L 253, 1720, -276, 237, 1703, -276, 255, 255, 255
L 237, 1703, -276, 203, 1692, -277, 255, 255, 255
L 203, 1692, -277, 162, 1687, -277, 255, 255, 255
L 294, 1151, -324, 344, 1129, -325, 255, 255, 255
L 330, 1720, -238, 359, 1720, -276, 255, 255, 255
L 359, 1720, -276, 378, 1702, -277, 255, 255, 255
L 378, 1702, -277, 410, 1692, -277, 255, 255, 255
L 410, 1692, -277, 448, 1688, -277, 255, 255, 255
L 448, 1688, -277, 479, 1659, -277, 255, 255, 255
L 479, 1659, -277, 482, 1627, -277, 255, 255, 255
L 482, 1627, -277, 471, 1590, -277, 255, 255, 255
L 471, 1590, -277, 484, 1549, -277, 255, 255, 255
L 484, 1549, -277, 480, 1517, -277, 255, 255, 255
L 480, 1517, -277, 452, 1488, -277, 255, 255, 255
L 452, 1488, -277, 418, 1479, -277, 255, 255, 255
L 418, 1479, -277, 378, 1461, -277, 255, 255, 255
L 378, 1461, -277, 360, 1443, -276, 255, 255, 255
L 360, 1443, -276, 346, 1377, -293, 255, 255, 255
L 346, 1377, -293, 352, 1345, -301, 255, 255, 255
L 352, 1345, -301, 365, 1312, -310, 255, 255, 255
L 365, 1312, -310, 369, 1277, -318, 255, 255, 255
L 369, 1277, -318, 376, 1250, -325, 255, 255, 255
L 376, 1250, -325, 394, 1230, -324, 255, 255, 255
L 394, 1230, -324, 424, 1228, -325, 255, 255, 255
L 424, 1228, -325, 450, 1225, -325, 255, 255, 255
L 450, 1225, -325, 500, 1203, -322, 255, 255, 255
L 500, 1203, -322, 521, 1155, -325, 255, 255, 255
L 521, 1155, -325, 528, 1121, -325, 255, 255, 255
L 528, 1121, -325, 521, 1106, -325, 255, 255, 255
L 521, 1106, -325, 509, 1074, -333, 255, 255, 255
L 509, 1074, -333, 523, 1041, -341, 255, 255, 255
L 523, 1041, -341, 518, 1009, -349, 255, 255, 255
L 518, 1009, -349, 512, 947, -365, 255, 255, 255
L 512, 947, -365, 490, 850, -389, 255, 255, 255
L 490, 850, -389, 496, 815, -398, 255, 255, 255
L 496, 815, -398, 508, 785, -405, 255, 255, 255
L 508, 785, -405, 512, 753, -413, 255, 255, 255
L 512, 753, -413, 520, 723, -421, 255, 255, 255
L 520, 723, -421, 508, 659, -437, 255, 255, 255
L 508, 659, -437, 513, 626, -445, 255, 255, 255
L 513, 626, -445, 533, 605, -444, 255, 255, 255
L 533, 605, -444, 589, 597, -445, 255, 255, 255
L 589, 597, -445, 621, 600, -445, 255, 255, 255
L 621, 600, -445, 653, 612, -445, 255, 255, 255
L 653, 612, -445, 686, 616, -453, 255, 255, 255
L 686, 616, -453, 716, 624, -461, 255, 255, 255
L 716, 624, -461, 750, 640, -469, 255, 255, 255
L 750, 640, -469, 781, 629, -477, 255, 255, 255
L 781, 629, -477, 846, 656, -493, 255, 255, 255
L 846, 656, -493, 880, 660, -502, 255, 255, 255
L 880, 660, -502, 935, 674, -509, 255, 255, 255
L 935, 674, -509, 965, 674, -509, 255, 255, 255
L 965, 674, -509, 981, 670, -509, 255, 255, 255
L 981, 670, -509, 998, 674, -509, 255, 255, 255
L 998, 674, -509, 1031, 695, -509, 255, 255, 255
L 1031, 695, -509, 1055, 694, -509, 255, 255, 255
L 1055, 694, -509, 1083, 691, -509, 255, 255, 255
L 1083, 691, -509, 1133, 669, -506, 255, 255, 255
L 1133, 669, -506, 1155, 619, -509, 255, 255, 255
L 1155, 619, -509, 1161, 587, -509, 255, 255, 255
L 1161, 587, -509, 1154, 572, -509, 255, 255, 255
L 1154, 572, -509, 1172, 551, -508, 255, 255, 255
L 1172, 551, -508, 1204, 532, -509, 255, 255, 255
L 1204, 532, -509, 1222, 526, -509, 255, 255, 255
L 1222, 526, -509, 1239, 530, -509, 255, 255, 255
L 1239, 530, -509, 1271, 529, -509, 255, 255, 255
L 1271, 529, -509, 1331, 515, -500, 255, 255, 255
L 1331, 515, -500, 1357, 513, -494, 255, 255, 255
L 1357, 513, -494, 1421, 485, -477, 255, 255, 255
L 1421, 485, -477, 1454, 496, -470, 255, 255, 255
L 1454, 496, -470, 1485, 481, -461, 255, 255, 255
L 1485, 481, -461, 1517, 472, -454, 255, 255, 255
L 1517, 472, -454, 1549, 468, -445, 255, 255, 255
L 1549, 468, -445, 1580, 447, -437, 255, 255, 255
L 1580, 447, -437, 1602, 464, -436, 255, 255, 255
L 1602, 464, -436, 1590, 530, -421, 255, 255, 255
L 1590, 530, -421, 1574, 562, -413, 255, 255, 255
L 1574, 562, -413, 1568, 594, -405, 255, 255, 255
L 1568, 594, -405, 1581, 657, -390, 255, 255, 255
L 1581, 657, -390, 1569, 719, -374, 255, 255, 255
L 1569, 719, -374, 1573, 752, -366, 255, 255, 255
L 1573, 752, -366, 1554, 774, -365, 255, 255, 255
L 1554, 774, -365, 1531, 779, -365, 255, 255, 255
L 1531, 779, -365, 1511, 791, -365, 255, 255, 255
L 1511, 791, -365, 1481, 778, -365, 255, 255, 255
L 1481, 778, -365, 1481, 811, -332, 255, 255, 255
L 1481, 811, -332, 1483, 852, -327, 255, 255, 255
L 1483, 852, -327, 1494, 882, -327, 255, 255, 255
L 1494, 882, -327, 1524, 907, -327, 255, 255, 255
L 1524, 907, -327, 1571, 924, -327, 255, 255, 255
L 1571, 924, -327, 1601, 924, -327, 255, 255, 255
L 1601, 924, -327, 1601, 1634, -327, 255, 255, 255
L 1601, 1634, -327, 1571, 1634, -327, 255, 255, 255
L 1571, 1634, -327, 1524, 1651, -327, 255, 255, 255
L 1524, 1651, -327, 1494, 1676, -327, 255, 255, 255
L 1494, 1676, -327, 1483, 1706, -327, 255, 255, 255
L 1483, 1706, -327, 1481, 1747, -332, 255, 255, 255
L 1481, 1747, -332, 1481, 1780, -365, 255, 255, 255
L 1481, 1780, -365, 1509, 1767, -365, 255, 255, 255
L 1509, 1767, -365, 1528, 1778, -365, 255, 255, 255
L 1528, 1778, -365, 1553, 1783, -365, 255, 255, 255
L 1553, 1783, -365, 1573, 1802, -364, 255, 255, 255
L 1573, 1802, -364, 1588, 1834, -365, 255, 255, 255
L 1588, 1834, -365, 1593, 1850, -365, 255, 255, 255
L 1593, 1850, -365, 1589, 1869, -365, 255, 255, 255
L 1589, 1869, -365, 1590, 1901, -365, 255, 255, 255
L 1590, 1901, -365, 1603, 1955, -358, 255, 255, 255
L 1603, 1955, -358, 1606, 1986, -350, 255, 255, 255
L 1606, 1986, -350, 1633, 2049, -334, 255, 255, 255
L 1633, 2049, -334, 1623, 2083, -326, 255, 255, 255
L 1623, 2083, -326, 1638, 2115, -317, 255, 255, 255
L 1638, 2115, -317, 1646, 2144, -310, 255, 255, 255
L 1646, 2144, -310, 1651, 2180, -302, 255, 255, 255
L 1651, 2180, -302, 1663, 2211, -293, 255, 255, 255
L 1663, 2211, -293, 1645, 2232, -292, 255, 255, 255
L 1645, 2232, -292, 1612, 2257, -285, 255, 255, 255
L 1612, 2257, -285, 1580, 2246, -277, 255, 255, 255
L 1580, 2246, -277, 1549, 2261, -270, 255, 255, 255
L 1549, 2261, -270, 1481, 2273, -269, 255, 255, 255
L 1481, 2273, -269, 1413, 2262, -269, 255, 255, 255
L 1413, 2262, -269, 1383, 2276, -261, 255, 255, 255
L 1383, 2276, -261, 1349, 2265, -254, 255, 255, 255
L 1349, 2265, -254, 1320, 2279, -246, 255, 255, 255
L 1320, 2279, -246, 1302, 2273, -245, 255, 255, 255
L 1302, 2273, -245, 1268, 2280, -245, 255, 255, 255
L 1268, 2280, -245, 1219, 2301, -242, 255, 255, 255
L 1219, 2301, -242, 1193, 2382, -245, 255, 255, 255
L 1193, 2382, -245, 1193, 2403, -245, 255, 255, 255
L 1193, 2403, -245, 1213, 2436, -245, 255, 255, 255
L 1213, 2436, -245, 1218, 2451, -245, 255, 255, 255
L 1218, 2451, -245, 1214, 2469, -245, 255, 255, 255
L 1214, 2469, -245, 1214, 2500, -245, 255, 255, 255
L 1214, 2500, -245, 1228, 2556, -237, 255, 255, 255
L 1228, 2556, -237, 1231, 2586, -230, 255, 255, 255
L 1231, 2586, -230, 1243, 2615, -222, 255, 255, 255
L 1243, 2615, -222, 1259, 2651, -213, 255, 255, 255
L 1259, 2651, -213, 1248, 2683, -206, 255, 255, 255
L 1248, 2683, -206, 1263, 2715, -197, 255, 255, 255
L 1263, 2715, -197, 1272, 2747, -190, 255, 255, 255
L 1272, 2747, -190, 1276, 2780, -181, 255, 255, 255
L 1276, 2780, -181, 1288, 2811, -173, 255, 255, 255
L 1288, 2811, -173, 1268, 2833, -173, 255, 255, 255
L 1268, 2833, -173, 1237, 2852, -173, 255, 255, 255
L 1237, 2852, -173, 1223, 2857, -173, 255, 255, 255
L 1223, 2857, -173, 1204, 2853, -173, 255, 255, 255
L 1204, 2853, -173, 1172, 2853, -173, 255, 255, 255
L 1172, 2853, -173, 1116, 2867, -165, 255, 255, 255
L 1116, 2867, -165, 1087, 2870, -158, 255, 255, 255
L 1087, 2870, -158, 1023, 2897, -142, 255, 255, 255
L 1023, 2897, -142, 988, 2887, -134, 255, 255, 255
L 988, 2887, -134, 957, 2902, -125, 255, 255, 255
L 957, 2902, -125, 925, 2911, -118, 255, 255, 255
L 925, 2911, -118, 892, 2915, -109, 255, 255, 255
L 892, 2915, -109, 830, 2942, -94, 255, 255, 255
L 830, 2942, -94, 796, 2931, -85, 255, 255, 255
L 796, 2931, -85, 766, 2949, -77, 255, 255, 255
L 766, 2949, -77, 744, 2931, -77, 255, 255, 255
L 744, 2931, -77, 769, 2898, -85, 255, 255, 255
L 769, 2898, -85, 758, 2866, -93, 255, 255, 255
L 758, 2866, -93, 772, 2833, -102, 255, 255, 255
L 772, 2833, -102, 761, 2738, -125, 255, 255, 255
L 761, 2738, -125, 736, 2675, -141, 255, 255, 255
L 736, 2675, -141, 718, 2563, -169, 255, 255, 255
L 718, 2563, -169, 716, 2544, -174, 255, 255, 255
L 716, 2544, -174, 703, 2490, -181, 255, 255, 255
L 703, 2490, -181, 697, 2444, -181, 255, 255, 255
L 697, 2444, -181, 677, 2414, -181, 255, 255, 255
L 677, 2414, -181, 682, 2394, -181, 255, 255, 255
L 682, 2394, -181, 689, 2378, -181, 255, 255, 255
L 689, 2378, -181, 681, 2343, -181, 255, 255, 255
L 681, 2343, -181, 661, 2296, -180, 255, 255, 255
L 661, 2296, -180, 609, 2274, -181, 255, 255, 255
L 609, 2274, -181, 559, 2270, -181, 255, 255, 255
L 559, 2270, -181, 538, 2252, -180, 255, 255, 255
L 538, 2252, -180, 526, 2219, -189, 255, 255, 255
L 526, 2219, -189, 540, 2186, -197, 255, 255, 255
L 540, 2186, -197, 535, 2154, -205, 255, 255, 255
L 535, 2154, -205, 528, 2088, -222, 255, 255, 255
L 528, 2088, -222, 520, 2056, -229, 255, 255, 255
L 520, 2056, -229, 527, 2041, -229, 255, 255, 255
L 527, 2041, -229, 520, 2008, -229, 255, 255, 255
L 520, 2008, -229, 499, 1960, -227, 255, 255, 255
L 499, 1960, -227, 449, 1938, -229, 255, 255, 255
L 449, 1938, -229, 419, 1934, -229, 255, 255, 255
L 419, 1934, -229, 397, 1934, -229, 255, 255, 255
L 397, 1934, -229, 376, 1916, -228, 255, 255, 255
L 376, 1916, -228, 364, 1882, -237, 255, 255, 255
L 364, 1882, -237, 378, 1849, -246, 255, 255, 255
L 378, 1849, -246, 366, 1753, -270, 255, 255, 255
L 366, 1753, -270, 360, 1730, -275, 255, 255, 255
L 360, 1730, -275, 331, 1730, -238, 255, 255, 255
L 331, 1730, -238, 330, 1720, -238, 255, 255, 255
L 180, 2389, -173, 174, 2356, -181, 255, 255, 255
L 174, 2356, -181, 161, 2324, -190, 255, 255, 255
L 161, 2324, -190, 158, 2292, -198, 255, 255, 255
L 158, 2292, -198, 149, 2261, -205, 255, 255, 255
L 149, 2261, -205, 132, 2242, -204, 255, 255, 255
L 132, 2242, -204, 138, 2200, -168, 255, 255, 255
L 138, 2200, -168, 132, 2152, -204, 255, 255, 255
L 132, 2152, -204, 148, 2135, -204, 255, 255, 255
L 148, 2135, -204, 131, 2114, -204, 255, 255, 255
L 131, 2114, -204, 105, 2113, -205, 255, 255, 255
L 105, 2113, -205, 76, 2109, -205, 255, 255, 255
L 76, 2109, -205, 26, 2087, -203, 255, 255, 255
L 26, 2087, -203, 11, 2052, -205, 255, 255, 255
L 11, 2052, -205, -2, 2006, -205, 255, 255, 255
L -2, 2006, -205, 5, 1991, -205, 255, 255, 255
L 5, 1991, -205, 18, 1926, -221, 255, 255, 255
L 18, 1926, -221, 13, 1894, -229, 255, 255, 255
L 13, 1894, -229, 0, 1861, -237, 255, 255, 255
L 0, 1861, -237, -4, 1830, -245, 255, 255, 255
L -4, 1830, -245, -22, 1810, -244, 255, 255, 255
L -22, 1810, -244, -60, 1802, -254, 255, 255, 255
L -60, 1802, -254, -87, 1797, -261, 255, 255, 255
L -87, 1797, -261, -152, 1791, -277, 255, 255, 255
L -152, 1791, -277, -214, 1811, -277, 255, 255, 255
L -214, 1811, -277, -250, 1808, -277, 255, 255, 255
L -250, 1808, -277, -283, 1809, -277, 255, 255, 255
L -283, 1809, -277, -304, 1828, -276, 255, 255, 255
L -304, 1828, -276, -311, 1868, -277, 255, 255, 255
L -311, 1868, -277, -298, 1933, -277, 255, 255, 255
L -298, 1933, -277, -280, 1952, -276, 255, 255, 255
L -280, 1952, -276, -241, 1970, -277, 255, 255, 255
L -241, 1970, -277, -206, 1980, -277, 255, 255, 255
L -206, 1980, -277, -176, 2009, -277, 255, 255, 255
L -176, 2009, -277, -173, 2039, -277, 255, 255, 255
L -173, 2039, -277, -186, 2077, -277, 255, 255, 255
L -186, 2077, -277, -175, 2121, -277, 255, 255, 255
L -175, 2121, -277, -179, 2151, -277, 255, 255, 255
L -179, 2151, -277, -207, 2179, -277, 255, 255, 255
L -207, 2179, -277, -247, 2184, -277, 255, 255, 255
L -247, 2184, -277, -278, 2193, -277, 255, 255, 255
L -278, 2193, -277, -298, 2212, -276, 255, 255, 255
L -298, 2212, -276, -291, 2245, -270, 255, 255, 255
L -291, 2245, -270, -284, 2313, -253, 255, 255, 255
L -284, 2313, -253, -279, 2341, -246, 255, 255, 255
L -279, 2341, -246, -292, 2371, -238, 255, 255, 255
L -292, 2371, -238, -281, 2406, -229, 255, 255, 255
L -281, 2406, -229, -263, 2425, -228, 255, 255, 255
L -263, 2425, -228, -232, 2435, -222, 255, 255, 255
L -232, 2435, -222, -198, 2438, -214, 255, 255, 255
L -198, 2438, -214, -165, 2451, -205, 255, 255, 255
L -165, 2451, -205, -134, 2457, -198, 255, 255, 255
L -134, 2457, -198, -71, 2445, -182, 255, 255, 255
L -71, 2445, -182, -52, 2437, -181, 255, 255, 255
L -52, 2437, -181, -24, 2443, -181, 255, 255, 255
L -24, 2443, -181, 29, 2465, -178, 255, 255, 255
L 29, 2465, -178, 48, 2509, -181, 255, 255, 255
L 48, 2509, -181, 54, 2543, -181, 255, 255, 255
L 54, 2543, -181, 55, 2566, -181, 255, 255, 255
L 55, 2566, -181, 74, 2588, -181, 255, 255, 255
L 74, 2588, -181, 105, 2608, -181, 255, 255, 255
L 105, 2608, -181, 121, 2613, -181, 255, 255, 255
L 121, 2613, -181, 136, 2610, -181, 255, 255, 255
L 136, 2610, -181, 169, 2609, -181, 255, 255, 255
L 169, 2609, -181, 193, 2614, -181, 255, 255, 255
L 193, 2614, -181, 225, 2623, -174, 255, 255, 255
L 225, 2623, -174, 257, 2626, -166, 255, 255, 255
L 257, 2626, -166, 290, 2618, -158, 255, 255, 255
L 290, 2618, -158, 311, 2599, -156, 255, 255, 255
L 311, 2599, -156, 292, 2577, -156, 255, 255, 255
L 292, 2577, -156, 268, 2577, -157, 255, 255, 255
L 268, 2577, -157, 238, 2573, -157, 255, 255, 255
L 238, 2573, -157, 189, 2552, -156, 255, 255, 255
L 189, 2552, -156, 170, 2509, -157, 255, 255, 255
L 170, 2509, -157, 160, 2468, -157, 255, 255, 255
L 160, 2468, -157, 168, 2450, -158, 255, 255, 255
L 168, 2450, -158, 180, 2390, -173, 255, 255, 255
L -387, 1764, -277, -398, 1697, -277, 255, 255, 255
L -398, 1697, -277, -401, 1665, -285, 255, 255, 255
L -401, 1665, -285, -396, 1633, -293, 255, 255, 255
L -396, 1633, -293, -401, 1600, -301, 255, 255, 255
L -401, 1600, -301, -414, 1570, -309, 255, 255, 255
L -414, 1570, -309, -418, 1536, -317, 255, 255, 255
L -418, 1536, -317, -427, 1504, -325, 255, 255, 255
L -427, 1504, -325, -444, 1485, -324, 255, 255, 255
L -444, 1485, -324, -442, 1474, -302, 255, 255, 255
L -442, 1474, -302, -442, 1457, -290, 255, 255, 255
L -442, 1457, -290, -438, 1442, -288, 255, 255, 255
L -438, 1442, -288, -441, 1424, -288, 255, 255, 255
L -441, 1424, -288, -444, 1395, -324, 255, 255, 255
L -444, 1395, -324, -428, 1378, -324, 255, 255, 255
L -428, 1378, -324, -434, 1360, -325, 255, 255, 255
L -434, 1360, -325, -428, 1328, -325, 255, 255, 255
L -428, 1328, -325, -406, 1278, -324, 255, 255, 255
L -406, 1278, -324, -361, 1258, -325, 255, 255, 255
L -361, 1258, -325, -347, 1255, -325, 255, 255, 255
L -347, 1255, -325, -305, 1252, -325, 255, 255, 255
L -305, 1252, -325, -283, 1234, -324, 255, 255, 255
L -283, 1234, -324, -271, 1200, -333, 255, 255, 255
L -271, 1200, -333, -285, 1168, -341, 255, 255, 255
L -285, 1168, -341, -280, 1136, -350, 255, 255, 255
L -280, 1136, -350, -274, 1072, -365, 255, 255, 255
L -274, 1072, -365, -265, 1041, -373, 255, 255, 255
L -265, 1041, -373, -282, 1021, -372, 255, 255, 255
L -282, 1021, -372, -282, 1008, -350, 255, 255, 255
L -282, 1008, -350, -279, 994, -339, 255, 255, 255
L -279, 994, -339, -274, 973, -336, 255, 255, 255
L -274, 973, -336, -279, 962, -336, 255, 255, 255
L -279, 962, -336, -284, 936, -365, 255, 255, 255
L -284, 936, -365, -282, 931, -372, 255, 255, 255
L -282, 931, -372, -266, 914, -372, 255, 255, 255
L -266, 914, -372, -252, 849, -389, 255, 255, 255
L -252, 849, -389, -257, 817, -397, 255, 255, 255
L -257, 817, -397, -270, 784, -405, 255, 255, 255
L -270, 784, -405, -275, 750, -412, 255, 255, 255
L -275, 750, -412, -292, 732, -412, 255, 255, 255
L -292, 732, -412, -325, 731, -413, 255, 255, 255
L -325, 731, -413, -346, 728, -413, 255, 255, 255
L -346, 728, -413, -394, 707, -413, 255, 255, 255
L -394, 707, -413, -418, 657, -413, 255, 255, 255
L -418, 657, -413, -425, 624, -413, 255, 255, 255
L -425, 624, -413, -418, 610, -413, 255, 255, 255
L -418, 610, -413, -438, 544, -413, 255, 255, 255
L -438, 544, -413, -435, 514, -413, 255, 255, 255
L -435, 514, -413, -447, 475, -413, 255, 255, 255
L -447, 475, -413, -467, 454, -413, 255, 255, 255
L -467, 454, -413, -532, 433, -413, 255, 255, 255
L -532, 433, -413, -561, 419, -413, 255, 255, 255
L -561, 419, -413, -600, 425, -413, 255, 255, 255
L -600, 425, -413, -636, 414, -413, 255, 255, 255
L -636, 414, -413, -668, 417, -413, 255, 255, 255
L -668, 417, -413, -700, 408, -413, 255, 255, 255
L -700, 408, -413, -769, 385, -413, 255, 255, 255
L -769, 385, -413, -801, 388, -413, 255, 255, 255
L -801, 388, -413, -864, 368, -413, 255, 255, 255
L -864, 368, -413, -885, 385, -412, 255, 255, 255
L -885, 385, -412, -911, 384, -376, 255, 255, 255
L -911, 384, -376, -932, 376, -376, 255, 255, 255
L -932, 376, -376, -950, 384, -376, 255, 255, 255
L -950, 384, -376, -975, 385, -412, 255, 255, 255
L -975, 385, -412, -992, 369, -412, 255, 255, 255
L -992, 369, -412, -1054, 367, -406, 255, 255, 255
L -1054, 367, -406, -1119, 387, -405, 255, 255, 255
L -1119, 387, -405, -1136, 403, -404, 255, 255, 255
L -1136, 403, -404, -1167, 403, -366, 255, 255, 255
L -1167, 403, -366, -1168, 413, -366, 255, 255, 255
L -1168, 413, -366, -1136, 413, -404, 255, 255, 255
L -1136, 413, -404, -1122, 427, -404, 255, 255, 255
L -1122, 427, -404, -1070, 439, -405, 255, 255, 255
L -1070, 439, -405, -1029, 443, -405, 255, 255, 255
L -1029, 443, -405, -1001, 472, -405, 255, 255, 255
L -1001, 472, -405, -1006, 503, -405, 255, 255, 255
L -1006, 503, -405, -1001, 555, -405, 255, 255, 255
L -1001, 555, -405, -1070, 571, -367, 255, 255, 255
L -1070, 571, -367, -1120, 591, -366, 255, 255, 255
L -1120, 591, -366, -1160, 621, -366, 255, 255, 255
L -1160, 621, -366, -1164, 1142, -366, 255, 255, 255
L -1164, 1142, -366, -1126, 1173, -366, 255, 255, 255
L -1126, 1173, -366, -1068, 1198, -367, 255, 255, 255
L -1068, 1198, -367, -1029, 1211, -366, 255, 255, 255
L -1029, 1211, -366, -1000, 1211, -405, 255, 255, 255
L -1000, 1211, -405, -996, 1240, -405, 255, 255, 255
L -996, 1240, -405, -1003, 1410, -405, 255, 255, 255
L -1003, 1410, -405, -1032, 1440, -405, 255, 255, 255
L -1032, 1440, -405, -1074, 1444, -405, 255, 255, 255
L -1074, 1444, -405, -1124, 1455, -405, 255, 255, 255
L -1124, 1455, -405, -1139, 1470, -404, 255, 255, 255
L -1139, 1470, -404, -1171, 1470, -366, 255, 255, 255
L -1171, 1470, -366, -1170, 1480, -368, 255, 255, 255
L -1170, 1480, -368, -1139, 1480, -404, 255, 255, 255
L -1139, 1480, -404, -1126, 1494, -404, 255, 255, 255
L -1126, 1494, -404, -1133, 1537, -368, 255, 255, 255
L -1133, 1537, -368, -1124, 1583, -404, 255, 255, 255
L -1124, 1583, -404, -1143, 1603, -405, 255, 255, 255
L -1143, 1603, -405, -1126, 1664, -390, 255, 255, 255
L -1126, 1664, -390, -1114, 1761, -366, 255, 255, 255
L -1114, 1761, -366, -1128, 1797, -356, 255, 255, 255
L -1128, 1797, -356, -1117, 1827, -349, 255, 255, 255
L -1117, 1827, -349, -1098, 1846, -348, 255, 255, 255
L -1098, 1846, -348, -1064, 1856, -341, 255, 255, 255
L -1064, 1856, -341, -1033, 1859, -334, 255, 255, 255
L -1033, 1859, -334, -999, 1873, -325, 255, 255, 255
L -999, 1873, -325, -970, 1878, -318, 255, 255, 255
L -970, 1878, -318, -937, 1873, -310, 255, 255, 255
L -937, 1873, -310, -901, 1864, -301, 255, 255, 255
L -901, 1864, -301, -888, 1858, -301, 255, 255, 255
L -888, 1858, -301, -856, 1864, -301, 255, 255, 255
L -856, 1864, -301, -806, 1886, -298, 255, 255, 255
L -806, 1886, -298, -785, 1935, -301, 255, 255, 255
L -785, 1935, -301, -780, 1966, -301, 255, 255, 255
L -780, 1966, -301, -780, 1987, -301, 255, 255, 255
L -780, 1987, -301, -762, 2008, -300, 255, 255, 255
L -762, 2008, -300, -727, 2030, -301, 255, 255, 255
L -727, 2030, -301, -713, 2034, -301, 255, 255, 255
L -713, 2034, -301, -696, 2031, -301, 255, 255, 255
L -696, 2031, -301, -664, 2030, -301, 255, 255, 255
L -664, 2030, -301, -635, 2037, -300, 255, 255, 255
L -635, 2037, -300, -609, 2044, -294, 255, 255, 255
L -609, 2044, -294, -578, 2047, -286, 255, 255, 255
L -578, 2047, -286, -545, 2039, -278, 255, 255, 255
L -545, 2039, -278, -524, 2019, -276, 255, 255, 255
L -524, 2019, -276, -496, 1991, -276, 255, 255, 255
L -496, 1991, -276, -463, 1982, -277, 255, 255, 255
L -463, 1982, -277, -422, 1954, -277, 255, 255, 255
L -422, 1954, -277, -403, 1936, -276, 255, 255, 255
L -403, 1936, -276, -390, 1903, -277, 255, 255, 255
L -390, 1903, -277, -404, 1868, -277, 255, 255, 255
L -404, 1868, -277, -387, 1764, -277, 255, 255, 255
L -1064, 1364, -365, -1038, 1364, -370, 255, 255, 255
L -1038, 1364, -370, -1038, 1345, -365, 255, 255, 255
L -1038, 1345, -365, -1041, 1345, -365, 255, 255, 255
L -1041, 1345, -365, -1041, 1343, -365, 255, 255, 255
L -1041, 1343, -365, -1030, 1343, -365, 255, 255, 255
L -1030, 1343, -365, -1030, 1290, -365, 255, 255, 255
L -1030, 1290, -365, -1042, 1290, -365, 255, 255, 255
L -1042, 1290, -365, -1042, 1288, -365, 255, 255, 255
L -1042, 1288, -365, -1038, 1288, -365, 255, 255, 255
L -1038, 1288, -365, -1038, 1274, -365, 255, 255, 255
L -1038, 1274, -365, -1040, 1268, -365, 255, 255, 255
L -1040, 1268, -365, -1064, 1268, -365, 255, 255, 255
L -1064, 1268, -365, -1064, 1287, -365, 255, 255, 255
L -1064, 1287, -365, -1056, 1287, -365, 255, 255, 255
L -1056, 1287, -365, -1057, 1290, -365, 255, 255, 255
L -1057, 1290, -365, -1064, 1290, -365, 255, 255, 255
L -1064, 1290, -365, -1064, 1309, -365, 255, 255, 255
L -1064, 1309, -365, -1066, 1309, -365, 255, 255, 255
L -1066, 1309, -365, -1066, 1266, -365, 255, 255, 255
L -1066, 1266, -365, -999, 1264, -398, 255, 255, 255
L -999, 1264, -398, -1001, 1309, -399, 255, 255, 255
L -1001, 1309, -399, -1001, 1366, -399, 255, 255, 255
L -1001, 1366, -399, -1066, 1366, -363, 255, 255, 255
L -1066, 1366, -363, -1066, 1324, -365, 255, 255, 255
L -1066, 1324, -365, -1064, 1324, -365, 255, 255, 255
L -1064, 1324, -365, -1064, 1343, -365, 255, 255, 255
L -1064, 1343, -365, -1056, 1343, -365, 255, 255, 255
L -1056, 1343, -365, -1056, 1345, -365, 255, 255, 255
L -1056, 1345, -365, -1064, 1345, -365, 255, 255, 255
P 502, 3497, 0, 240, 240, 0, 2, Zone
P 1627, 1358, 0, 240, 240, 0, 2, Bridge
P -1196, 1446, 0, 240, 240, 0, 2, Gate
P -1201, 912, 0, 240, 240, 0, 2, Bridge
P -1192, 385, 0, 240, 240, 0, 2, Gate
P 310, 1704, 0, 240, 240, 0, 2, Gate
P 282, 67, 0, 240, 240, 0, 2, Gate
P 1135, -258, 0, 240, 240, 0, 2, Stonespiritist_Ekikoa
