L -612.0000, 3953.0000, -144.0000,  -617.0000, 3949.0000, -144.0000,  153, 153, 153
L -612.0000, 3958.0000, -144.0000,  -612.0000, 3953.0000, -144.0000,  153, 153, 153
L -617.0000, 3960.0000, -144.0000,  -612.0000, 3958.0000, -144.0000,  153, 153, 153
L -622.0000, 3958.0000, -144.0000,  -617.0000, 3960.0000, -144.0000,  153, 153, 153
L -622.0000, 3952.0000, -144.0000,  -622.0000, 3958.0000, -144.0000,  153, 153, 153
L -622.0000, 3952.0000, -1447.0000,  -622.0000, 3952.0000, -144.0000,  153, 153, 153
L -551.0000, 3635.0000, -144.0000,  -552.0000, 3629.0000, -144.0000,  153, 153, 153
L -556.0000, 3638.0000, -144.0000,  -551.0000, 3635.0000, -144.0000,  153, 153, 153
L -561.0000, 3636.0000, -144.0000,  -556.0000, 3638.0000, -144.0000,  153, 153, 153
L -562.0000, 3630.0000, -144.0000,  -561.0000, 3636.0000, -144.0000,  153, 153, 153
L -557.0000, 3627.0000, -144.0000,  -562.0000, 3630.0000, -144.0000,  153, 153, 153
L -552.0000, 3629.0000, -144.0000,  -557.0000, 3627.0000, -144.0000,  153, 153, 153
L -552.0000, 3629.0000, -1449.0000,  -552.0000, 3629.0000, -144.0000,  153, 153, 153
L -189.0000, 3705.0000, -145.0000,  -188.0000, 3704.0000, -145.0000,  153, 153, 153
L -195.0000, 3704.0000, -145.0000,  -189.0000, 3705.0000, -145.0000,  153, 153, 153
L -198.0000, 3699.0000, -145.0000,  -195.0000, 3704.0000, -145.0000,  153, 153, 153
L -194.0000, 3694.0000, -145.0000,  -198.0000, 3699.0000, -145.0000,  153, 153, 153
L -188.0000, 3694.0000, -145.0000,  -194.0000, 3694.0000, -145.0000,  153, 153, 153
L -185.0000, 3699.0000, -145.0000,  -188.0000, 3694.0000, -145.0000,  153, 153, 153
L -188.0000, 3704.0000, -145.0000,  -185.0000, 3699.0000, -145.0000,  153, 153, 153
L -188.0000, 3704.0000, -1452.0000,  -188.0000, 3704.0000, -145.0000,  153, 153, 153
L -252.0000, 3980.0000, -144.0000,  -251.0000, 3987.0000, -145.0000,  153, 153, 153
L -246.0000, 3979.0000, -144.0000,  -252.0000, 3980.0000, -144.0000,  153, 153, 153
L -241.0000, 3982.0000, -145.0000,  -246.0000, 3979.0000, -144.0000,  153, 153, 153
L -242.0000, 3987.0000, -145.0000,  -241.0000, 3982.0000, -145.0000,  153, 153, 153
L -247.0000, 3990.0000, -145.0000,  -242.0000, 3987.0000, -145.0000,  153, 153, 153
L -251.0000, 3987.0000, -144.0000,  -247.0000, 3990.0000, -145.0000,  153, 153, 153
L -251.0000, 3987.0000, -1449.0000,  -251.0000, 3987.0000, -144.0000,  153, 153, 153
L -289.0000, 3764.0000, -146.0000,  -268.0000, 3807.0000, -146.0000,  153, 153, 153
L -333.0000, 3739.0000, -146.0000,  -289.0000, 3764.0000, -146.0000,  153, 153, 153
L -352.0000, 3738.0000, -146.0000,  -333.0000, 3739.0000, -146.0000,  153, 153, 153
L -352.0000, 3755.0000, -146.0000,  -352.0000, 3738.0000, -146.0000,  153, 153, 153
L -338.0000, 3755.0000, -146.0000,  -352.0000, 3755.0000, -146.0000,  153, 153, 153
L -301.0000, 3776.0000, -146.0000,  -338.0000, 3755.0000, -146.0000,  153, 153, 153
L -280.0000, 3812.0000, -146.0000,  -301.0000, 3776.0000, -146.0000,  153, 153, 153
L -279.0000, 3825.0000, -146.0000,  -280.0000, 3812.0000, -146.0000,  153, 153, 153
L -269.0000, 3825.0000, -146.0000,  -279.0000, 3825.0000, -146.0000,  153, 153, 153
L -259.0000, 3807.0000, -146.0000,  -269.0000, 3825.0000, -146.0000,  153, 153, 153
L -196.0000, 3807.0000, -146.0000,  -259.0000, 3807.0000, -146.0000,  153, 153, 153
L -196.0000, 3861.0000, -146.0000,  -196.0000, 3807.0000, -146.0000,  153, 153, 153
L -259.0000, 3861.0000, -146.0000,  -196.0000, 3861.0000, -146.0000,  153, 153, 153
L -268.0000, 3842.0000, -146.0000,  -259.0000, 3861.0000, -146.0000,  153, 153, 153
L -279.0000, 3842.0000, -146.0000,  -268.0000, 3842.0000, -146.0000,  153, 153, 153
L -280.0000, 3855.0000, -146.0000,  -279.0000, 3842.0000, -146.0000,  153, 153, 153
L -301.0000, 3891.0000, -146.0000,  -280.0000, 3855.0000, -146.0000,  153, 153, 153
L -338.0000, 3912.0000, -146.0000,  -301.0000, 3891.0000, -146.0000,  153, 153, 153
L -380.0000, 3912.0000, -146.0000,  -338.0000, 3912.0000, -146.0000,  153, 153, 153
L -416.0000, 3891.0000, -146.0000,  -380.0000, 3912.0000, -146.0000,  153, 153, 153
L -438.0000, 3855.0000, -146.0000,  -416.0000, 3891.0000, -146.0000,  153, 153, 153
L -438.0000, 3843.0000, -146.0000,  -438.0000, 3855.0000, -146.0000,  153, 153, 153
L -456.0000, 3842.0000, -146.0000,  -438.0000, 3843.0000, -146.0000,  153, 153, 153
L -456.0000, 3849.0000, -146.0000,  -456.0000, 3842.0000, -146.0000,  153, 153, 153
L -472.0000, 3876.0000, -146.0000,  -456.0000, 3849.0000, -146.0000,  153, 153, 153
L -498.0000, 3891.0000, -146.0000,  -472.0000, 3876.0000, -146.0000,  153, 153, 153
L -530.0000, 3891.0000, -160.0000,  -498.0000, 3891.0000, -146.0000,  153, 153, 153
L -556.0000, 3876.0000, -146.0000,  -530.0000, 3891.0000, -160.0000,  153, 153, 153
L -572.0000, 3849.0000, -152.0000,  -556.0000, 3876.0000, -146.0000,  153, 153, 153
L -572.0000, 3818.0000, -152.0000,  -572.0000, 3849.0000, -152.0000,  153, 153, 153
L -557.0000, 3791.0000, -146.0000,  -572.0000, 3818.0000, -152.0000,  153, 153, 153
L -530.0000, 3775.0000, -160.0000,  -557.0000, 3791.0000, -146.0000,  153, 153, 153
L -498.0000, 3776.0000, -146.0000,  -530.0000, 3775.0000, -160.0000,  153, 153, 153
L -472.0000, 3791.0000, -146.0000,  -498.0000, 3776.0000, -146.0000,  153, 153, 153
L -456.0000, 3818.0000, -146.0000,  -472.0000, 3791.0000, -146.0000,  153, 153, 153
L -456.0000, 3825.0000, -146.0000,  -456.0000, 3818.0000, -146.0000,  153, 153, 153
L -438.0000, 3825.0000, -146.0000,  -456.0000, 3825.0000, -146.0000,  153, 153, 153
L -438.0000, 3812.0000, -146.0000,  -438.0000, 3825.0000, -146.0000,  153, 153, 153
L -416.0000, 3776.0000, -146.0000,  -438.0000, 3812.0000, -146.0000,  153, 153, 153
L -380.0000, 3755.0000, -146.0000,  -416.0000, 3776.0000, -146.0000,  153, 153, 153
L -368.0000, 3755.0000, -146.0000,  -380.0000, 3755.0000, -146.0000,  153, 153, 153
L -368.0000, 3738.0000, -146.0000,  -368.0000, 3755.0000, -146.0000,  153, 153, 153
L -385.0000, 3739.0000, -146.0000,  -368.0000, 3738.0000, -146.0000,  153, 153, 153
L -427.0000, 3764.0000, -146.0000,  -385.0000, 3739.0000, -146.0000,  153, 153, 153
L -449.0000, 3807.0000, -146.0000,  -427.0000, 3764.0000, -146.0000,  153, 153, 153
L -450.0000, 3810.0000, -146.0000,  -449.0000, 3807.0000, -146.0000,  153, 153, 153
L -464.0000, 3785.0000, -146.0000,  -450.0000, 3810.0000, -146.0000,  153, 153, 153
L -496.0000, 3766.0000, -146.0000,  -464.0000, 3785.0000, -146.0000,  153, 153, 153
L -532.0000, 3766.0000, -146.0000,  -496.0000, 3766.0000, -146.0000,  153, 153, 153
L -563.0000, 3784.0000, -146.0000,  -532.0000, 3766.0000, -146.0000,  153, 153, 153
L -581.0000, 3815.0000, -146.0000,  -563.0000, 3784.0000, -146.0000,  153, 153, 153
L -581.0000, 3851.0000, -146.0000,  -581.0000, 3815.0000, -146.0000,  153, 153, 153
L -563.0000, 3882.0000, -146.0000,  -581.0000, 3851.0000, -146.0000,  153, 153, 153
L -532.0000, 3901.0000, -146.0000,  -563.0000, 3882.0000, -146.0000,  153, 153, 153
L -497.0000, 3901.0000, -146.0000,  -532.0000, 3901.0000, -146.0000,  153, 153, 153
L -465.0000, 3883.0000, -146.0000,  -497.0000, 3901.0000, -146.0000,  153, 153, 153
L -450.0000, 3857.0000, -146.0000,  -465.0000, 3883.0000, -146.0000,  153, 153, 153
L -428.0000, 3902.0000, -146.0000,  -450.0000, 3857.0000, -146.0000,  153, 153, 153
L -384.0000, 3929.0000, -146.0000,  -428.0000, 3902.0000, -146.0000,  153, 153, 153
L -334.0000, 3928.0000, -148.0000,  -384.0000, 3929.0000, -146.0000,  153, 153, 153
L -289.0000, 3903.0000, -146.0000,  -334.0000, 3928.0000, -148.0000,  153, 153, 153
L -268.0000, 3860.0000, -146.0000,  -289.0000, 3903.0000, -146.0000,  153, 153, 153
L -261.0000, 3873.0000, -147.0000,  -268.0000, 3860.0000, -146.0000,  153, 153, 153
L -185.0000, 3872.0000, -146.0000,  -261.0000, 3873.0000, -147.0000,  153, 153, 153
L -186.0000, 3795.0000, -147.0000,  -185.0000, 3872.0000, -146.0000,  153, 153, 153
L -262.0000, 3795.0000, -147.0000,  -186.0000, 3795.0000, -147.0000,  153, 153, 153
L -268.0000, 3807.0000, -147.0000,  -262.0000, 3795.0000, -147.0000,  153, 153, 153
L -268.0000, 3807.0000, -1476.0000,  -268.0000, 3807.0000, -147.0000,  153, 153, 153
L -380.0000, 3496.0000, -145.0000,  -378.0000, 3506.0000, -145.0000,  153, 153, 153
L -412.0000, 3498.0000, -145.0000,  -380.0000, 3496.0000, -145.0000,  153, 153, 153
L -412.0000, 3529.0000, -145.0000,  -412.0000, 3498.0000, -145.0000,  153, 153, 153
L -378.0000, 3529.0000, -145.0000,  -412.0000, 3529.0000, -145.0000,  153, 153, 153
L -378.0000, 3520.0000, -145.0000,  -378.0000, 3529.0000, -145.0000,  153, 153, 153
L -283.0000, 3520.0000, -145.0000,  -378.0000, 3520.0000, -145.0000,  153, 153, 153
L -281.0000, 3530.0000, -145.0000,  -283.0000, 3520.0000, -145.0000,  153, 153, 153
L -249.0000, 3529.0000, -146.0000,  -281.0000, 3530.0000, -145.0000,  153, 153, 153
L -249.0000, 3525.0000, -146.0000,  -249.0000, 3529.0000, -146.0000,  153, 153, 153
L -180.0000, 3573.0000, -146.0000,  -249.0000, 3525.0000, -146.0000,  153, 153, 153
L -184.0000, 3583.0000, -146.0000,  -180.0000, 3573.0000, -146.0000,  153, 153, 153
L -156.0000, 3600.0000, -146.0000,  -184.0000, 3583.0000, -146.0000,  153, 153, 153
L -154.0000, 3596.0000, -146.0000,  -156.0000, 3600.0000, -146.0000,  153, 153, 153
L -110.0000, 3672.0000, -146.0000,  -154.0000, 3596.0000, -146.0000,  153, 153, 153
L -118.0000, 3679.0000, -146.0000,  -110.0000, 3672.0000, -146.0000,  153, 153, 153
L -100.0000, 3706.0000, -146.0000,  -118.0000, 3679.0000, -146.0000,  153, 153, 153
L -96.0000, 3703.0000, -146.0000,  -100.0000, 3706.0000, -146.0000,  153, 153, 153
L -96.0000, 3791.0000, -146.0000,  -96.0000, 3703.0000, -146.0000,  153, 153, 153
L -106.0000, 3793.0000, -146.0000,  -96.0000, 3791.0000, -146.0000,  153, 153, 153
L -103.0000, 3825.0000, -146.0000,  -106.0000, 3793.0000, -146.0000,  153, 153, 153
L -96.0000, 3825.0000, -146.0000,  -103.0000, 3825.0000, -146.0000,  153, 153, 153
L -96.0000, 3917.0000, -146.0000,  -96.0000, 3825.0000, -146.0000,  153, 153, 153
L -106.0000, 3919.0000, -145.0000,  -96.0000, 3917.0000, -146.0000,  153, 153, 153
L -104.0000, 3951.0000, -145.0000,  -106.0000, 3919.0000, -145.0000,  153, 153, 153
L -95.0000, 3951.0000, -146.0000,  -104.0000, 3951.0000, -145.0000,  153, 153, 153
L -71.0000, 4041.0000, -146.0000,  -95.0000, 3951.0000, -146.0000,  153, 153, 153
L -79.0000, 4044.0000, -146.0000,  -71.0000, 4041.0000, -146.0000,  153, 153, 153
L -77.0000, 4056.0000, -146.0000,  -79.0000, 4044.0000, -146.0000,  153, 153, 153
L -162.0000, 4087.0000, -146.0000,  -77.0000, 4056.0000, -146.0000,  153, 153, 153
L -166.0000, 4079.0000, -145.0000,  -162.0000, 4087.0000, -146.0000,  153, 153, 153
L -197.0000, 4092.0000, -145.0000,  -166.0000, 4079.0000, -145.0000,  153, 153, 153
L -196.0000, 4096.0000, -145.0000,  -197.0000, 4092.0000, -145.0000,  153, 153, 153
L -278.0000, 4096.0000, -145.0000,  -196.0000, 4096.0000, -145.0000,  153, 153, 153
L -278.0000, 4088.0000, -145.0000,  -278.0000, 4096.0000, -145.0000,  153, 153, 153
L -312.0000, 4088.0000, -145.0000,  -278.0000, 4088.0000, -145.0000,  153, 153, 153
L -312.0000, 4096.0000, -145.0000,  -312.0000, 4088.0000, -145.0000,  153, 153, 153
L -401.0000, 4096.0000, -145.0000,  -312.0000, 4096.0000, -145.0000,  153, 153, 153
L -403.0000, 4085.0000, -145.0000,  -401.0000, 4096.0000, -145.0000,  153, 153, 153
L -436.0000, 4087.0000, -145.0000,  -403.0000, 4085.0000, -145.0000,  153, 153, 153
L -436.0000, 4096.0000, -145.0000,  -436.0000, 4087.0000, -145.0000,  153, 153, 153
L -458.0000, 4096.0000, -145.0000,  -436.0000, 4096.0000, -145.0000,  153, 153, 153
L -453.0000, 4030.0000, -145.0000,  -458.0000, 4096.0000, -145.0000,  153, 153, 153
L -463.0000, 4022.0000, -145.0000,  -453.0000, 4030.0000, -145.0000,  153, 153, 153
L -472.0000, 4022.0000, -145.0000,  -463.0000, 4022.0000, -145.0000,  153, 153, 153
L -472.0000, 4030.0000, -145.0000,  -472.0000, 4022.0000, -145.0000,  153, 153, 153
L -463.0000, 4031.0000, -145.0000,  -472.0000, 4030.0000, -145.0000,  153, 153, 153
L -461.0000, 4036.0000, -145.0000,  -463.0000, 4031.0000, -145.0000,  153, 153, 153
L -464.0000, 4087.0000, -145.0000,  -461.0000, 4036.0000, -145.0000,  153, 153, 153
L -466.0000, 4092.0000, -145.0000,  -464.0000, 4087.0000, -145.0000,  153, 153, 153
L -493.0000, 4091.0000, -145.0000,  -466.0000, 4092.0000, -145.0000,  153, 153, 153
L -495.0000, 4086.0000, -145.0000,  -493.0000, 4091.0000, -145.0000,  153, 153, 153
L -492.0000, 4035.0000, -145.0000,  -495.0000, 4086.0000, -145.0000,  153, 153, 153
L -490.0000, 4029.0000, -145.0000,  -492.0000, 4035.0000, -145.0000,  153, 153, 153
L -479.0000, 4028.0000, -145.0000,  -490.0000, 4029.0000, -145.0000,  153, 153, 153
L -483.0000, 4021.0000, -145.0000,  -479.0000, 4028.0000, -145.0000,  153, 153, 153
L -493.0000, 4022.0000, -145.0000,  -483.0000, 4021.0000, -145.0000,  153, 153, 153
L -501.0000, 4033.0000, -145.0000,  -493.0000, 4022.0000, -145.0000,  153, 153, 153
L -505.0000, 4087.0000, -145.0000,  -501.0000, 4033.0000, -145.0000,  153, 153, 153
L -499.0000, 4096.0000, -145.0000,  -505.0000, 4087.0000, -145.0000,  153, 153, 153
L -527.0000, 4096.0000, -145.0000,  -499.0000, 4096.0000, -145.0000,  153, 153, 153
L -529.0000, 4085.0000, -145.0000,  -527.0000, 4096.0000, -145.0000,  153, 153, 153
L -561.0000, 4087.0000, -145.0000,  -529.0000, 4085.0000, -145.0000,  153, 153, 153
L -570.0000, 4085.0000, -145.0000,  -561.0000, 4087.0000, -145.0000,  153, 153, 153
L -640.0000, 4052.0000, -145.0000,  -570.0000, 4085.0000, -145.0000,  153, 153, 153
L -636.0000, 4044.0000, -145.0000,  -640.0000, 4052.0000, -145.0000,  153, 153, 153
L -668.0000, 4030.0000, -145.0000,  -636.0000, 4044.0000, -145.0000,  153, 153, 153
L -669.0000, 4034.0000, -145.0000,  -668.0000, 4030.0000, -145.0000,  153, 153, 153
L -712.0000, 3960.0000, -145.0000,  -669.0000, 4034.0000, -145.0000,  153, 153, 153
L -705.0000, 3952.0000, -145.0000,  -712.0000, 3960.0000, -145.0000,  153, 153, 153
L -723.0000, 3926.0000, -145.0000,  -705.0000, 3952.0000, -145.0000,  153, 153, 153
L -726.0000, 3928.0000, -145.0000,  -723.0000, 3926.0000, -145.0000,  153, 153, 153
L -726.0000, 3843.0000, -145.0000,  -726.0000, 3928.0000, -145.0000,  153, 153, 153
L -716.0000, 3842.0000, -145.0000,  -726.0000, 3843.0000, -145.0000,  153, 153, 153
L -718.0000, 3808.0000, -145.0000,  -716.0000, 3842.0000, -145.0000,  153, 153, 153
L -726.0000, 3808.0000, -145.0000,  -718.0000, 3808.0000, -145.0000,  153, 153, 153
L -726.0000, 3714.0000, -145.0000,  -726.0000, 3808.0000, -145.0000,  153, 153, 153
L -716.0000, 3712.0000, -145.0000,  -726.0000, 3714.0000, -145.0000,  153, 153, 153
L -717.0000, 3679.0000, -145.0000,  -716.0000, 3712.0000, -145.0000,  153, 153, 153
L -726.0000, 3679.0000, -145.0000,  -717.0000, 3679.0000, -145.0000,  153, 153, 153
L -689.0000, 3600.0000, -145.0000,  -726.0000, 3679.0000, -145.0000,  153, 153, 153
L -680.0000, 3603.0000, -145.0000,  -689.0000, 3600.0000, -145.0000,  153, 153, 153
L -667.0000, 3573.0000, -145.0000,  -680.0000, 3603.0000, -145.0000,  153, 153, 153
L -670.0000, 3571.0000, -145.0000,  -667.0000, 3573.0000, -145.0000,  153, 153, 153
L -593.0000, 3535.0000, -145.0000,  -670.0000, 3571.0000, -145.0000,  153, 153, 153
L -587.0000, 3544.0000, -145.0000,  -593.0000, 3535.0000, -145.0000,  153, 153, 153
L -558.0000, 3529.0000, -145.0000,  -587.0000, 3544.0000, -145.0000,  153, 153, 153
L -562.0000, 3520.0000, -145.0000,  -558.0000, 3529.0000, -145.0000,  153, 153, 153
L -472.0000, 3520.0000, -145.0000,  -562.0000, 3520.0000, -145.0000,  153, 153, 153
L -470.0000, 3530.0000, -145.0000,  -472.0000, 3520.0000, -145.0000,  153, 153, 153
L -438.0000, 3529.0000, -145.0000,  -470.0000, 3530.0000, -145.0000,  153, 153, 153
L -440.0000, 3496.0000, -145.0000,  -438.0000, 3529.0000, -145.0000,  153, 153, 153
L -472.0000, 3498.0000, -145.0000,  -440.0000, 3496.0000, -145.0000,  153, 153, 153
L -472.0000, 3506.0000, -145.0000,  -472.0000, 3498.0000, -145.0000,  153, 153, 153
L -569.0000, 3506.0000, -146.0000,  -472.0000, 3506.0000, -145.0000,  153, 153, 153
L -572.0000, 3500.0000, -146.0000,  -569.0000, 3506.0000, -146.0000,  153, 153, 153
L -602.0000, 3515.0000, -146.0000,  -572.0000, 3500.0000, -146.0000,  153, 153, 153
L -599.0000, 3522.0000, -146.0000,  -602.0000, 3515.0000, -146.0000,  153, 153, 153
L -687.0000, 3563.0000, -145.0000,  -599.0000, 3522.0000, -146.0000,  153, 153, 153
L -697.0000, 3560.0000, -145.0000,  -687.0000, 3563.0000, -145.0000,  153, 153, 153
L -709.0000, 3591.0000, -145.0000,  -697.0000, 3560.0000, -145.0000,  153, 153, 153
L -703.0000, 3594.0000, -145.0000,  -709.0000, 3591.0000, -145.0000,  153, 153, 153
L -742.0000, 3679.0000, -145.0000,  -703.0000, 3594.0000, -145.0000,  153, 153, 153
L -750.0000, 3680.0000, -145.0000,  -742.0000, 3679.0000, -145.0000,  153, 153, 153
L -748.0000, 3714.0000, -145.0000,  -750.0000, 3680.0000, -145.0000,  153, 153, 153
L -741.0000, 3714.0000, -145.0000,  -748.0000, 3714.0000, -145.0000,  153, 153, 153
L -741.0000, 3808.0000, -145.0000,  -741.0000, 3714.0000, -145.0000,  153, 153, 153
L -750.0000, 3810.0000, -145.0000,  -741.0000, 3808.0000, -145.0000,  153, 153, 153
L -748.0000, 3843.0000, -145.0000,  -750.0000, 3810.0000, -145.0000,  153, 153, 153
L -741.0000, 3843.0000, -145.0000,  -748.0000, 3843.0000, -145.0000,  153, 153, 153
L -741.0000, 3936.0000, -145.0000,  -741.0000, 3843.0000, -145.0000,  153, 153, 153
L -749.0000, 3943.0000, -145.0000,  -741.0000, 3936.0000, -145.0000,  153, 153, 153
L -731.0000, 3971.0000, -145.0000,  -749.0000, 3943.0000, -145.0000,  153, 153, 153
L -725.0000, 3967.0000, -145.0000,  -731.0000, 3971.0000, -145.0000,  153, 153, 153
L -677.0000, 4050.0000, -145.0000,  -725.0000, 3967.0000, -145.0000,  153, 153, 153
L -681.0000, 4058.0000, -145.0000,  -677.0000, 4050.0000, -145.0000,  153, 153, 153
L -649.0000, 4072.0000, -145.0000,  -681.0000, 4058.0000, -145.0000,  153, 153, 153
L -646.0000, 4065.0000, -145.0000,  -649.0000, 4072.0000, -145.0000,  153, 153, 153
L -561.0000, 4105.0000, -145.0000,  -646.0000, 4065.0000, -145.0000,  153, 153, 153
L -559.0000, 4120.0000, -145.0000,  -561.0000, 4105.0000, -145.0000,  153, 153, 153
L -527.0000, 4118.0000, -145.0000,  -559.0000, 4120.0000, -145.0000,  153, 153, 153
L -527.0000, 4110.0000, -145.0000,  -527.0000, 4118.0000, -145.0000,  153, 153, 153
L -436.0000, 4110.0000, -145.0000,  -527.0000, 4110.0000, -145.0000,  153, 153, 153
L -434.0000, 4120.0000, -145.0000,  -436.0000, 4110.0000, -145.0000,  153, 153, 153
L -401.0000, 4118.0000, -145.0000,  -434.0000, 4120.0000, -145.0000,  153, 153, 153
L -401.0000, 4110.0000, -145.0000,  -401.0000, 4118.0000, -145.0000,  153, 153, 153
L -312.0000, 4110.0000, -145.0000,  -401.0000, 4110.0000, -145.0000,  153, 153, 153
L -312.0000, 4119.0000, -145.0000,  -312.0000, 4110.0000, -145.0000,  153, 153, 153
L -278.0000, 4118.0000, -145.0000,  -312.0000, 4119.0000, -145.0000,  153, 153, 153
L -278.0000, 4110.0000, -145.0000,  -278.0000, 4118.0000, -145.0000,  153, 153, 153
L -191.0000, 4110.0000, -145.0000,  -278.0000, 4110.0000, -145.0000,  153, 153, 153
L -185.0000, 4121.0000, -146.0000,  -191.0000, 4110.0000, -145.0000,  153, 153, 153
L -155.0000, 4108.0000, -146.0000,  -185.0000, 4121.0000, -146.0000,  153, 153, 153
L -157.0000, 4101.0000, -146.0000,  -155.0000, 4108.0000, -146.0000,  153, 153, 153
L -73.0000, 4070.0000, -146.0000,  -157.0000, 4101.0000, -146.0000,  153, 153, 153
L -70.0000, 4077.0000, -146.0000,  -73.0000, 4070.0000, -146.0000,  153, 153, 153
L -40.0000, 4069.0000, -146.0000,  -70.0000, 4077.0000, -146.0000,  153, 153, 153
L -49.0000, 4036.0000, -146.0000,  -40.0000, 4069.0000, -146.0000,  153, 153, 153
L -57.0000, 4038.0000, -146.0000,  -49.0000, 4036.0000, -146.0000,  153, 153, 153
L -77.0000, 3951.0000, -146.0000,  -57.0000, 4038.0000, -146.0000,  153, 153, 153
L -72.0000, 3951.0000, -146.0000,  -77.0000, 3951.0000, -146.0000,  153, 153, 153
L -73.0000, 3917.0000, -146.0000,  -72.0000, 3951.0000, -146.0000,  153, 153, 153
L -81.0000, 3917.0000, -146.0000,  -73.0000, 3917.0000, -146.0000,  153, 153, 153
L -81.0000, 3825.0000, -146.0000,  -81.0000, 3917.0000, -146.0000,  153, 153, 153
L -72.0000, 3825.0000, -146.0000,  -81.0000, 3825.0000, -146.0000,  153, 153, 153
L -72.0000, 3792.0000, -146.0000,  -72.0000, 3825.0000, -146.0000,  153, 153, 153
L -81.0000, 3791.0000, -146.0000,  -72.0000, 3792.0000, -146.0000,  153, 153, 153
L -81.0000, 3695.0000, -146.0000,  -81.0000, 3791.0000, -146.0000,  153, 153, 153
L -74.0000, 3690.0000, -146.0000,  -81.0000, 3695.0000, -146.0000,  153, 153, 153
L -91.0000, 3661.0000, -146.0000,  -74.0000, 3690.0000, -146.0000,  153, 153, 153
L -98.0000, 3664.0000, -146.0000,  -91.0000, 3661.0000, -146.0000,  153, 153, 153
L -145.0000, 3583.0000, -146.0000,  -98.0000, 3664.0000, -146.0000,  153, 153, 153
L -139.0000, 3574.0000, -146.0000,  -145.0000, 3583.0000, -146.0000,  153, 153, 153
L -166.0000, 3554.0000, -146.0000,  -139.0000, 3574.0000, -146.0000,  153, 153, 153
L -172.0000, 3561.0000, -146.0000,  -166.0000, 3554.0000, -146.0000,  153, 153, 153
L -249.0000, 3507.0000, -146.0000,  -172.0000, 3561.0000, -146.0000,  153, 153, 153
L -249.0000, 3498.0000, -146.0000,  -249.0000, 3507.0000, -146.0000,  153, 153, 153
L -283.0000, 3497.0000, -145.0000,  -249.0000, 3498.0000, -146.0000,  153, 153, 153
L -283.0000, 3506.0000, -145.0000,  -283.0000, 3497.0000, -145.0000,  153, 153, 153
L -378.0000, 3506.0000, -1458.0000,  -283.0000, 3506.0000, -145.0000,  153, 153, 153
L -2998.0000, 1700.0000, -153.0000,  -3001.0000, 1707.0000, -153.0000,  153, 153, 153
L -2966.0000, 1702.0000, -153.0000,  -2998.0000, 1700.0000, -153.0000,  153, 153, 153
L -2968.0000, 1735.0000, -153.0000,  -2966.0000, 1702.0000, -153.0000,  153, 153, 153
L -3001.0000, 1733.0000, -153.0000,  -2968.0000, 1735.0000, -153.0000,  153, 153, 153
L -3001.0000, 1728.0000, -153.0000,  -3001.0000, 1733.0000, -153.0000,  153, 153, 153
L -3081.0000, 1728.0000, -156.0000,  -3001.0000, 1728.0000, -153.0000,  153, 153, 153
L -3084.0000, 1735.0000, -156.0000,  -3081.0000, 1728.0000, -156.0000,  153, 153, 153
L -3116.0000, 1733.0000, -156.0000,  -3084.0000, 1735.0000, -156.0000,  153, 153, 153
L -3113.0000, 1700.0000, -156.0000,  -3116.0000, 1733.0000, -156.0000,  153, 153, 153
L -3109.0000, 1700.0000, -156.0000,  -3113.0000, 1700.0000, -156.0000,  153, 153, 153
L -3109.0000, 1535.0000, -156.0000,  -3109.0000, 1700.0000, -156.0000,  153, 153, 153
L -3116.0000, 1533.0000, -156.0000,  -3109.0000, 1535.0000, -156.0000,  153, 153, 153
L -3113.0000, 1500.0000, -156.0000,  -3116.0000, 1533.0000, -156.0000,  153, 153, 153
L -3109.0000, 1500.0000, -156.0000,  -3113.0000, 1500.0000, -156.0000,  153, 153, 153
L -3109.0000, 1420.0000, -156.0000,  -3109.0000, 1500.0000, -156.0000,  153, 153, 153
L -3115.0000, 1418.0000, -156.0000,  -3109.0000, 1420.0000, -156.0000,  153, 153, 153
L -3118.0000, 1413.0000, -153.0000,  -3115.0000, 1418.0000, -156.0000,  153, 153, 153
L -3196.0000, 1413.0000, -156.0000,  -3118.0000, 1413.0000, -153.0000,  153, 153, 153
L -3198.0000, 1421.0000, -156.0000,  -3196.0000, 1413.0000, -156.0000,  153, 153, 153
L -3230.0000, 1419.0000, -156.0000,  -3198.0000, 1421.0000, -156.0000,  153, 153, 153
L -3230.0000, 1414.0000, -156.0000,  -3230.0000, 1419.0000, -156.0000,  153, 153, 153
L -3396.0000, 1416.0000, -156.0000,  -3230.0000, 1414.0000, -156.0000,  153, 153, 153
L -3398.0000, 1420.0000, -156.0000,  -3396.0000, 1416.0000, -156.0000,  153, 153, 153
L -3430.0000, 1418.0000, -156.0000,  -3398.0000, 1420.0000, -156.0000,  153, 153, 153
L -3430.0000, 1414.0000, -157.0000,  -3430.0000, 1418.0000, -156.0000,  153, 153, 153
L -3510.0000, 1414.0000, -160.0000,  -3430.0000, 1414.0000, -157.0000,  153, 153, 153
L -3513.0000, 1420.0000, -159.0000,  -3510.0000, 1414.0000, -160.0000,  153, 153, 153
L -3517.0000, 1421.0000, -161.0000,  -3513.0000, 1420.0000, -159.0000,  153, 153, 153
L -3516.0000, 1500.0000, -155.0000,  -3517.0000, 1421.0000, -161.0000,  153, 153, 153
L -3510.0000, 1503.0000, -148.0000,  -3516.0000, 1500.0000, -155.0000,  153, 153, 153
L -3512.0000, 1535.0000, -148.0000,  -3510.0000, 1503.0000, -148.0000,  153, 153, 153
L -3517.0000, 1535.0000, -149.0000,  -3512.0000, 1535.0000, -148.0000,  153, 153, 153
L -3517.0000, 1700.0000, -149.0000,  -3517.0000, 1535.0000, -149.0000,  153, 153, 153
L -3510.0000, 1705.0000, -149.0000,  -3517.0000, 1700.0000, -149.0000,  153, 153, 153
L -3513.0000, 1735.0000, -150.0000,  -3510.0000, 1705.0000, -149.0000,  153, 153, 153
L -3517.0000, 1735.0000, -151.0000,  -3513.0000, 1735.0000, -150.0000,  153, 153, 153
L -3517.0000, 1810.0000, -150.0000,  -3517.0000, 1735.0000, -151.0000,  153, 153, 153
L -3510.0000, 1814.0000, -150.0000,  -3517.0000, 1810.0000, -150.0000,  153, 153, 153
L -3512.0000, 1844.0000, -151.0000,  -3510.0000, 1814.0000, -150.0000,  153, 153, 153
L -3517.0000, 1844.0000, -150.0000,  -3512.0000, 1844.0000, -151.0000,  153, 153, 153
L -3515.0000, 2010.0000, -154.0000,  -3517.0000, 1844.0000, -150.0000,  153, 153, 153
L -3510.0000, 2013.0000, -154.0000,  -3515.0000, 2010.0000, -154.0000,  153, 153, 153
L -3513.0000, 2044.0000, -158.0000,  -3510.0000, 2013.0000, -154.0000,  153, 153, 153
L -3517.0000, 2051.0000, -161.0000,  -3513.0000, 2044.0000, -158.0000,  153, 153, 153
L -3517.0000, 2119.0000, -162.0000,  -3517.0000, 2051.0000, -161.0000,  153, 153, 153
L -3511.0000, 2122.0000, -159.0000,  -3517.0000, 2119.0000, -162.0000,  153, 153, 153
L -3511.0000, 2126.0000, -160.0000,  -3511.0000, 2122.0000, -159.0000,  153, 153, 153
L -3430.0000, 2126.0000, -155.0000,  -3511.0000, 2126.0000, -160.0000,  153, 153, 153
L -3426.0000, 2119.0000, -155.0000,  -3430.0000, 2126.0000, -155.0000,  153, 153, 153
L -3396.0000, 2121.0000, -155.0000,  -3426.0000, 2119.0000, -155.0000,  153, 153, 153
L -3396.0000, 2126.0000, -155.0000,  -3396.0000, 2121.0000, -155.0000,  153, 153, 153
L -3230.0000, 2126.0000, -169.0000,  -3396.0000, 2126.0000, -155.0000,  153, 153, 153
L -3230.0000, 2120.0000, -168.0000,  -3230.0000, 2126.0000, -169.0000,  153, 153, 153
L -3196.0000, 2121.0000, -172.0000,  -3230.0000, 2120.0000, -168.0000,  153, 153, 153
L -3196.0000, 2126.0000, -173.0000,  -3196.0000, 2121.0000, -172.0000,  153, 153, 153
L -3116.0000, 2126.0000, -176.0000,  -3196.0000, 2126.0000, -173.0000,  153, 153, 153
L -3113.0000, 2119.0000, -175.0000,  -3116.0000, 2126.0000, -176.0000,  153, 153, 153
L -3109.0000, 2119.0000, -175.0000,  -3113.0000, 2119.0000, -175.0000,  153, 153, 153
L -3109.0000, 2040.0000, -163.0000,  -3109.0000, 2119.0000, -175.0000,  153, 153, 153
L -3116.0000, 2037.0000, -163.0000,  -3109.0000, 2040.0000, -163.0000,  153, 153, 153
L -3113.0000, 2005.0000, -161.0000,  -3116.0000, 2037.0000, -163.0000,  153, 153, 153
L -3109.0000, 2005.0000, -161.0000,  -3113.0000, 2005.0000, -161.0000,  153, 153, 153
L -3109.0000, 1840.0000, -156.0000,  -3109.0000, 2005.0000, -161.0000,  153, 153, 153
L -3116.0000, 1838.0000, -156.0000,  -3109.0000, 1840.0000, -156.0000,  153, 153, 153
L -3112.0000, 1805.0000, -156.0000,  -3116.0000, 1838.0000, -156.0000,  153, 153, 153
L -3081.0000, 1808.0000, -156.0000,  -3112.0000, 1805.0000, -156.0000,  153, 153, 153
L -3081.0000, 1812.0000, -156.0000,  -3081.0000, 1808.0000, -156.0000,  153, 153, 153
L -3001.0000, 1812.0000, -153.0000,  -3081.0000, 1812.0000, -156.0000,  153, 153, 153
L -2999.0000, 1805.0000, -153.0000,  -3001.0000, 1812.0000, -153.0000,  153, 153, 153
L -2966.0000, 1808.0000, -153.0000,  -2999.0000, 1805.0000, -153.0000,  153, 153, 153
L -2968.0000, 1840.0000, -153.0000,  -2966.0000, 1808.0000, -153.0000,  153, 153, 153
L -3001.0000, 1838.0000, -153.0000,  -2968.0000, 1840.0000, -153.0000,  153, 153, 153
L -3001.0000, 1833.0000, -153.0000,  -3001.0000, 1838.0000, -153.0000,  153, 153, 153
L -3081.0000, 1833.0000, -156.0000,  -3001.0000, 1833.0000, -153.0000,  153, 153, 153
L -3083.0000, 1840.0000, -156.0000,  -3081.0000, 1833.0000, -156.0000,  153, 153, 153
L -3088.0000, 1840.0000, -156.0000,  -3083.0000, 1840.0000, -156.0000,  153, 153, 153
L -3088.0000, 2005.0000, -160.0000,  -3088.0000, 1840.0000, -156.0000,  153, 153, 153
L -3081.0000, 2007.0000, -160.0000,  -3088.0000, 2005.0000, -160.0000,  153, 153, 153
L -3083.0000, 2040.0000, -162.0000,  -3081.0000, 2007.0000, -160.0000,  153, 153, 153
L -3089.0000, 2040.0000, -162.0000,  -3083.0000, 2040.0000, -162.0000,  153, 153, 153
L -3089.0000, 2119.0000, -174.0000,  -3089.0000, 2040.0000, -162.0000,  153, 153, 153
L -3082.0000, 2120.0000, -175.0000,  -3089.0000, 2119.0000, -174.0000,  153, 153, 153
L -3083.0000, 2154.0000, -180.0000,  -3082.0000, 2120.0000, -175.0000,  153, 153, 153
L -3116.0000, 2153.0000, -179.0000,  -3083.0000, 2154.0000, -180.0000,  153, 153, 153
L -3116.0000, 2147.0000, -178.0000,  -3116.0000, 2153.0000, -179.0000,  153, 153, 153
L -3196.0000, 2147.0000, -174.0000,  -3116.0000, 2147.0000, -178.0000,  153, 153, 153
L -3199.0000, 2154.0000, -174.0000,  -3196.0000, 2147.0000, -174.0000,  153, 153, 153
L -3230.0000, 2151.0000, -171.0000,  -3199.0000, 2154.0000, -174.0000,  153, 153, 153
L -3230.0000, 2147.0000, -171.0000,  -3230.0000, 2151.0000, -171.0000,  153, 153, 153
L -3396.0000, 2147.0000, -155.0000,  -3230.0000, 2147.0000, -171.0000,  153, 153, 153
L -3398.0000, 2154.0000, -155.0000,  -3396.0000, 2147.0000, -155.0000,  153, 153, 153
L -3430.0000, 2151.0000, -155.0000,  -3398.0000, 2154.0000, -155.0000,  153, 153, 153
L -3430.0000, 2147.0000, -155.0000,  -3430.0000, 2151.0000, -155.0000,  153, 153, 153
L -3511.0000, 2147.0000, -158.0000,  -3430.0000, 2147.0000, -155.0000,  153, 153, 153
L -3512.0000, 2154.0000, -159.0000,  -3511.0000, 2147.0000, -158.0000,  153, 153, 153
L -3545.0000, 2151.0000, -158.0000,  -3512.0000, 2154.0000, -159.0000,  153, 153, 153
L -3544.0000, 2119.0000, -169.0000,  -3545.0000, 2151.0000, -158.0000,  153, 153, 153
L -3538.0000, 2119.0000, -170.0000,  -3544.0000, 2119.0000, -169.0000,  153, 153, 153
L -3538.0000, 2044.0000, -171.0000,  -3538.0000, 2119.0000, -170.0000,  153, 153, 153
L -3545.0000, 2039.0000, -170.0000,  -3538.0000, 2044.0000, -171.0000,  153, 153, 153
L -3543.0000, 2010.0000, -158.0000,  -3545.0000, 2039.0000, -170.0000,  153, 153, 153
L -3538.0000, 2010.0000, -157.0000,  -3543.0000, 2010.0000, -158.0000,  153, 153, 153
L -3538.0000, 1844.0000, -150.0000,  -3538.0000, 2010.0000, -157.0000,  153, 153, 153
L -3545.0000, 1842.0000, -150.0000,  -3538.0000, 1844.0000, -150.0000,  153, 153, 153
L -3544.0000, 1810.0000, -154.0000,  -3545.0000, 1842.0000, -150.0000,  153, 153, 153
L -3538.0000, 1810.0000, -154.0000,  -3544.0000, 1810.0000, -154.0000,  153, 153, 153
L -3538.0000, 1735.0000, -155.0000,  -3538.0000, 1810.0000, -154.0000,  153, 153, 153
L -3545.0000, 1733.0000, -156.0000,  -3538.0000, 1735.0000, -155.0000,  153, 153, 153
L -3543.0000, 1700.0000, -152.0000,  -3545.0000, 1733.0000, -156.0000,  153, 153, 153
L -3538.0000, 1690.0000, -151.0000,  -3543.0000, 1700.0000, -152.0000,  153, 153, 153
L -3538.0000, 1535.0000, -154.0000,  -3538.0000, 1690.0000, -151.0000,  153, 153, 153
L -3545.0000, 1533.0000, -155.0000,  -3538.0000, 1535.0000, -154.0000,  153, 153, 153
L -3543.0000, 1500.0000, -159.0000,  -3545.0000, 1533.0000, -155.0000,  153, 153, 153
L -3538.0000, 1500.0000, -160.0000,  -3543.0000, 1500.0000, -159.0000,  153, 153, 153
L -3538.0000, 1421.0000, -169.0000,  -3538.0000, 1500.0000, -160.0000,  153, 153, 153
L -3545.0000, 1418.0000, -171.0000,  -3538.0000, 1421.0000, -169.0000,  153, 153, 153
L -3544.0000, 1386.0000, -180.0000,  -3545.0000, 1418.0000, -171.0000,  153, 153, 153
L -3510.0000, 1389.0000, -168.0000,  -3544.0000, 1386.0000, -180.0000,  153, 153, 153
L -3510.0000, 1393.0000, -166.0000,  -3510.0000, 1389.0000, -168.0000,  153, 153, 153
L -3430.0000, 1393.0000, -159.0000,  -3510.0000, 1393.0000, -166.0000,  153, 153, 153
L -3427.0000, 1386.0000, -158.0000,  -3430.0000, 1393.0000, -159.0000,  153, 153, 153
L -3396.0000, 1388.0000, -156.0000,  -3427.0000, 1386.0000, -158.0000,  153, 153, 153
L -3396.0000, 1393.0000, -156.0000,  -3396.0000, 1388.0000, -156.0000,  153, 153, 153
L -3230.0000, 1393.0000, -156.0000,  -3396.0000, 1393.0000, -156.0000,  153, 153, 153
L -3225.0000, 1386.0000, -156.0000,  -3230.0000, 1393.0000, -156.0000,  153, 153, 153
L -3196.0000, 1388.0000, -156.0000,  -3225.0000, 1386.0000, -156.0000,  153, 153, 153
L -3196.0000, 1393.0000, -156.0000,  -3196.0000, 1388.0000, -156.0000,  153, 153, 153
L -3116.0000, 1393.0000, -156.0000,  -3196.0000, 1393.0000, -156.0000,  153, 153, 153
L -3113.0000, 1386.0000, -156.0000,  -3116.0000, 1393.0000, -156.0000,  153, 153, 153
L -3083.0000, 1386.0000, -156.0000,  -3113.0000, 1386.0000, -156.0000,  153, 153, 153
L -3083.0000, 1420.0000, -156.0000,  -3083.0000, 1386.0000, -156.0000,  153, 153, 153
L -3088.0000, 1420.0000, -156.0000,  -3083.0000, 1420.0000, -156.0000,  153, 153, 153
L -3088.0000, 1500.0000, -156.0000,  -3088.0000, 1420.0000, -156.0000,  153, 153, 153
L -3083.0000, 1501.0000, -156.0000,  -3088.0000, 1500.0000, -156.0000,  153, 153, 153
L -3084.0000, 1535.0000, -156.0000,  -3083.0000, 1501.0000, -156.0000,  153, 153, 153
L -3088.0000, 1535.0000, -156.0000,  -3084.0000, 1535.0000, -156.0000,  153, 153, 153
L -3088.0000, 1700.0000, -156.0000,  -3088.0000, 1535.0000, -156.0000,  153, 153, 153
L -3081.0000, 1703.0000, -156.0000,  -3088.0000, 1700.0000, -156.0000,  153, 153, 153
L -3081.0000, 1707.0000, -156.0000,  -3081.0000, 1703.0000, -156.0000,  153, 153, 153
L -3001.0000, 1707.0000, -1535.0000,  -3081.0000, 1707.0000, -156.0000,  153, 153, 153
L 5535.0000, 4634.0000, -554.0000,  5901.0000, 4635.0000, -568.0000,  102, 102, 102
L 5063.0000, 4633.0000, -496.0000,  5535.0000, 4634.0000, -554.0000,  102, 102, 102
L 4588.0000, 4633.0000, -389.0000,  5063.0000, 4633.0000, -496.0000,  102, 102, 102
L 4348.0000, 4635.0000, -3171.0000,  4588.0000, 4633.0000, -389.0000,  102, 102, 102
L 5538.0000, 4353.0000, -554.0000,  5903.0000, 4355.0000, -568.0000,  102, 102, 102
L 5064.0000, 4352.0000, -496.0000,  5538.0000, 4353.0000, -554.0000,  102, 102, 102
L 4590.0000, 4354.0000, -390.0000,  5064.0000, 4352.0000, -496.0000,  102, 102, 102
L 4342.0000, 4354.0000, -3159.0000,  4590.0000, 4354.0000, -390.0000,  102, 102, 102
L -4385.0000, 9959.0000, 18.0000,  -4365.0000, 9976.0000, 37.0000,  102, 102, 102
L -4436.0000, 9916.0000, -52.0000,  -4385.0000, 9959.0000, 18.0000,  102, 102, 102
L -4501.0000, 9861.0000, -158.0000,  -4436.0000, 9916.0000, -52.0000,  102, 102, 102
L -4550.0000, 9819.0000, -161.0000,  -4501.0000, 9861.0000, -158.0000,  102, 102, 102
L -4682.0000, 9785.0000, -163.0000,  -4550.0000, 9819.0000, -161.0000,  102, 102, 102
L -4852.0000, 9754.0000, -233.0000,  -4682.0000, 9785.0000, -163.0000,  102, 102, 102
L -4990.0000, 9729.0000, -327.0000,  -4852.0000, 9754.0000, -233.0000,  102, 102, 102
L -5187.0000, 9693.0000, -279.0000,  -4990.0000, 9729.0000, -327.0000,  102, 102, 102
L -5318.0000, 9669.0000, -239.0000,  -5187.0000, 9693.0000, -279.0000,  102, 102, 102
L -5327.0000, 9615.0000, -294.0000,  -5318.0000, 9669.0000, -239.0000,  102, 102, 102
L -5349.0000, 9477.0000, -408.0000,  -5327.0000, 9615.0000, -294.0000,  102, 102, 102
L -5372.0000, 9338.0000, -422.0000,  -5349.0000, 9477.0000, -408.0000,  102, 102, 102
L -5395.0000, 9201.0000, -467.0000,  -5372.0000, 9338.0000, -422.0000,  102, 102, 102
L -5419.0000, 9056.0000, -481.0000,  -5395.0000, 9201.0000, -467.0000,  102, 102, 102
L -5455.0000, 8936.0000, -366.0000,  -5419.0000, 9056.0000, -481.0000,  102, 102, 102
L -5505.0000, 8784.0000, -287.0000,  -5455.0000, 8936.0000, -366.0000,  102, 102, 102
L -5551.0000, 8646.0000, -312.0000,  -5505.0000, 8784.0000, -287.0000,  102, 102, 102
L -5574.0000, 8562.0000, -365.0000,  -5551.0000, 8646.0000, -312.0000,  102, 102, 102
L -5581.0000, 8440.0000, -426.0000,  -5574.0000, 8562.0000, -365.0000,  102, 102, 102
L -5586.0000, 8354.0000, -531.0000,  -5581.0000, 8440.0000, -426.0000,  102, 102, 102
L -5593.0000, 8245.0000, -498.0000,  -5586.0000, 8354.0000, -531.0000,  102, 102, 102
L -5602.0000, 8092.0000, -393.0000,  -5593.0000, 8245.0000, -498.0000,  102, 102, 102
L -5611.0000, 7948.0000, -433.0000,  -5602.0000, 8092.0000, -393.0000,  102, 102, 102
L -5619.0000, 7835.0000, -489.0000,  -5611.0000, 7948.0000, -433.0000,  102, 102, 102
L -5629.0000, 7747.0000, -469.0000,  -5619.0000, 7835.0000, -489.0000,  102, 102, 102
L -5643.0000, 7623.0000, -477.0000,  -5629.0000, 7747.0000, -469.0000,  102, 102, 102
L -5657.0000, 7496.0000, -390.0000,  -5643.0000, 7623.0000, -477.0000,  102, 102, 102
L -5650.0000, 7403.0000, -337.0000,  -5657.0000, 7496.0000, -390.0000,  102, 102, 102
L -5614.0000, 7301.0000, -268.0000,  -5650.0000, 7403.0000, -337.0000,  102, 102, 102
L -5578.0000, 7202.0000, -303.0000,  -5614.0000, 7301.0000, -268.0000,  102, 102, 102
L -5539.0000, 7140.0000, -294.0000,  -5578.0000, 7202.0000, -303.0000,  102, 102, 102
L -5429.0000, 6992.0000, -308.0000,  -5539.0000, 7140.0000, -294.0000,  102, 102, 102
L -5333.0000, 6898.0000, -236.0000,  -5429.0000, 6992.0000, -308.0000,  102, 102, 102
L -5265.0000, 6833.0000, -231.0000,  -5333.0000, 6898.0000, -236.0000,  102, 102, 102
L -4622.0000, 6698.0000, -181.0000,  -5265.0000, 6833.0000, -231.0000,  102, 102, 102
L -4622.0000, 6549.0000, -228.0000,  -4622.0000, 6698.0000, -181.0000,  102, 102, 102
L -4622.0000, 6447.0000, 3020.0000,  -4622.0000, 6549.0000, -228.0000,  102, 102, 102
L -4530.0000, 6249.0000, 266.0000,  -3607.0000, 6248.0000, -150.0000,  102, 102, 102
L -4578.0000, 6249.0000, 290.0000,  -4530.0000, 6249.0000, 266.0000,  102, 102, 102
L -4603.0000, 6249.0000, 302.0000,  -4578.0000, 6249.0000, 290.0000,  102, 102, 102
L -4622.0000, 6231.0000, 3020.0000,  -4603.0000, 6249.0000, 302.0000,  102, 102, 102
L -3705.0000, 6347.0000, -96.0000,  -3606.0000, 6445.0000, -160.0000,  102, 102, 102
L -4403.0000, 6345.0000, 220.0000,  -3705.0000, 6347.0000, -96.0000,  102, 102, 102
L -4405.0000, 6448.0000, 217.0000,  -4403.0000, 6345.0000, 220.0000,  102, 102, 102
L -4622.0000, 6447.0000, 302.0000,  -4405.0000, 6448.0000, 217.0000,  102, 102, 102
L -4622.0000, 6357.0000, 302.0000,  -4622.0000, 6447.0000, 302.0000,  102, 102, 102
L -4624.0000, 6354.0000, 302.0000,  -4622.0000, 6357.0000, 302.0000,  102, 102, 102
L -4686.0000, 6354.0000, 302.0000,  -4624.0000, 6354.0000, 302.0000,  102, 102, 102
L -4686.0000, 6447.0000, 302.0000,  -4686.0000, 6354.0000, 302.0000,  102, 102, 102
L -4904.0000, 6448.0000, 301.0000,  -4686.0000, 6447.0000, 302.0000,  102, 102, 102
L -4904.0000, 6547.0000, 302.0000,  -4904.0000, 6448.0000, 301.0000,  102, 102, 102
L -5102.0000, 6552.0000, 298.0000,  -4904.0000, 6547.0000, 302.0000,  102, 102, 102
L -5103.0000, 6647.0000, 300.0000,  -5102.0000, 6552.0000, 298.0000,  102, 102, 102
L -5403.0000, 6647.0000, 302.0000,  -5103.0000, 6647.0000, 300.0000,  102, 102, 102
L -5405.0000, 6747.0000, 302.0000,  -5403.0000, 6647.0000, 302.0000,  102, 102, 102
L -5604.0000, 6748.0000, 302.0000,  -5405.0000, 6747.0000, 302.0000,  102, 102, 102
L -5604.0000, 6847.0000, 302.0000,  -5604.0000, 6748.0000, 302.0000,  102, 102, 102
L -5804.0000, 6848.0000, 301.0000,  -5604.0000, 6847.0000, 302.0000,  102, 102, 102
L -5804.0000, 6890.0000, 302.0000,  -5804.0000, 6848.0000, 301.0000,  102, 102, 102
L -6119.0000, 6947.0000, 302.0000,  -5804.0000, 6890.0000, 302.0000,  102, 102, 102
L -6202.0000, 6901.0000, 302.0000,  -6119.0000, 6947.0000, 302.0000,  102, 102, 102
L -6202.0000, 6848.0000, 302.0000,  -6202.0000, 6901.0000, 302.0000,  102, 102, 102
L -6298.0000, 6847.0000, 302.0000,  -6202.0000, 6848.0000, 302.0000,  102, 102, 102
L -6401.0000, 6789.0000, 302.0000,  -6298.0000, 6847.0000, 302.0000,  102, 102, 102
L -6402.0000, 6748.0000, 302.0000,  -6401.0000, 6789.0000, 302.0000,  102, 102, 102
L -6478.0000, 6747.0000, 302.0000,  -6402.0000, 6748.0000, 302.0000,  102, 102, 102
L -6602.0000, 6677.0000, 302.0000,  -6478.0000, 6747.0000, 302.0000,  102, 102, 102
L -6603.0000, 6647.0000, 302.0000,  -6602.0000, 6677.0000, 302.0000,  102, 102, 102
L -6654.0000, 6647.0000, 302.0000,  -6603.0000, 6647.0000, 302.0000,  102, 102, 102
L -6772.0000, 6595.0000, 302.0000,  -6654.0000, 6647.0000, 302.0000,  102, 102, 102
L -6773.0000, 6546.0000, 301.0000,  -6772.0000, 6595.0000, 302.0000,  102, 102, 102
L -6752.0000, 6546.0000, 302.0000,  -6773.0000, 6546.0000, 301.0000,  102, 102, 102
L -6750.0000, 6524.0000, 302.0000,  -6752.0000, 6546.0000, 302.0000,  102, 102, 102
L -6584.0000, 6525.0000, 301.0000,  -6750.0000, 6524.0000, 302.0000,  102, 102, 102
L -6582.0000, 6544.0000, 302.0000,  -6584.0000, 6525.0000, 301.0000,  102, 102, 102
L -6504.0000, 6541.0000, 301.0000,  -6582.0000, 6544.0000, 302.0000,  102, 102, 102
L -6505.0000, 6463.0000, 301.0000,  -6504.0000, 6541.0000, 301.0000,  102, 102, 102
L -6584.0000, 6464.0000, 302.0000,  -6505.0000, 6463.0000, 301.0000,  102, 102, 102
L -6584.0000, 6482.0000, 302.0000,  -6584.0000, 6464.0000, 302.0000,  102, 102, 102
L -6753.0000, 6481.0000, 300.0000,  -6584.0000, 6482.0000, 302.0000,  102, 102, 102
L -6753.0000, 6460.0000, 301.0000,  -6753.0000, 6481.0000, 300.0000,  102, 102, 102
L -6772.0000, 6459.0000, 302.0000,  -6753.0000, 6460.0000, 301.0000,  102, 102, 102
L -6772.0000, 6409.0000, 302.0000,  -6772.0000, 6459.0000, 302.0000,  102, 102, 102
L -6774.0000, 6407.0000, 299.0000,  -6772.0000, 6409.0000, 302.0000,  102, 102, 102
L -6824.0000, 6407.0000, 299.0000,  -6774.0000, 6407.0000, 299.0000,  102, 102, 102
L -6826.0000, 6408.0000, 301.0000,  -6824.0000, 6407.0000, 299.0000,  102, 102, 102
L -6826.0000, 6417.0000, 301.0000,  -6826.0000, 6408.0000, 301.0000,  102, 102, 102
L -6978.0000, 6417.0000, 3010.0000,  -6826.0000, 6417.0000, 301.0000,  102, 102, 102
L -6980.0000, 6277.0000, 301.0000,  -7007.0000, 6277.0000, 301.0000,  102, 102, 102
L -6978.0000, 6279.0000, 301.0000,  -6980.0000, 6277.0000, 301.0000,  102, 102, 102
L -6978.0000, 6417.0000, 3010.0000,  -6978.0000, 6279.0000, 301.0000,  102, 102, 102
L -6922.0000, 6221.0000, 301.0000,  -7016.0000, 6221.0000, 301.0000,  102, 102, 102
L -6922.0000, 6359.0000, 301.0000,  -6922.0000, 6221.0000, 301.0000,  102, 102, 102
L -6920.0000, 6361.0000, 301.0000,  -6922.0000, 6359.0000, 301.0000,  102, 102, 102
L -6826.0000, 6361.0000, 301.0000,  -6920.0000, 6361.0000, 301.0000,  102, 102, 102
L -6826.0000, 6369.0000, 301.0000,  -6826.0000, 6361.0000, 301.0000,  102, 102, 102
L -6824.0000, 6371.0000, 299.0000,  -6826.0000, 6369.0000, 301.0000,  102, 102, 102
L -6773.0000, 6371.0000, 302.0000,  -6824.0000, 6371.0000, 299.0000,  102, 102, 102
L -6772.0000, 6318.0000, 302.0000,  -6773.0000, 6371.0000, 302.0000,  102, 102, 102
L -6752.0000, 6316.0000, 302.0000,  -6772.0000, 6318.0000, 302.0000,  102, 102, 102
L -6754.0000, 6295.0000, 297.0000,  -6752.0000, 6316.0000, 302.0000,  102, 102, 102
L -6585.0000, 6294.0000, 300.0000,  -6754.0000, 6295.0000, 297.0000,  102, 102, 102
L -6581.0000, 6314.0000, 301.0000,  -6585.0000, 6294.0000, 300.0000,  102, 102, 102
L -6504.0000, 6312.0000, 302.0000,  -6581.0000, 6314.0000, 301.0000,  102, 102, 102
L -6507.0000, 6234.0000, 302.0000,  -6504.0000, 6312.0000, 302.0000,  102, 102, 102
L -6583.0000, 6236.0000, 300.0000,  -6507.0000, 6234.0000, 302.0000,  102, 102, 102
L -6583.0000, 6253.0000, 300.0000,  -6583.0000, 6236.0000, 300.0000,  102, 102, 102
L -6752.0000, 6253.0000, 300.0000,  -6583.0000, 6253.0000, 300.0000,  102, 102, 102
L -6755.0000, 6231.0000, 301.0000,  -6752.0000, 6253.0000, 300.0000,  102, 102, 102
L -6774.0000, 6236.0000, 291.0000,  -6755.0000, 6231.0000, 301.0000,  102, 102, 102
L -6773.0000, 6199.0000, 302.0000,  -6774.0000, 6236.0000, 291.0000,  102, 102, 102
L -6639.0000, 6155.0000, 302.0000,  -6773.0000, 6199.0000, 302.0000,  102, 102, 102
L -6602.0000, 6149.0000, 302.0000,  -6639.0000, 6155.0000, 302.0000,  102, 102, 102
L -6584.0000, 6132.0000, 302.0000,  -6602.0000, 6149.0000, 302.0000,  102, 102, 102
L -6381.0000, 6051.0000, 302.0000,  -6584.0000, 6132.0000, 302.0000,  102, 102, 102
L -6306.0000, 6049.0000, 302.0000,  -6381.0000, 6051.0000, 302.0000,  102, 102, 102
L -6216.0000, 5963.0000, 302.0000,  -6306.0000, 6049.0000, 302.0000,  102, 102, 102
L -6117.0000, 5865.0000, 302.0000,  -6216.0000, 5963.0000, 302.0000,  102, 102, 102
L -5927.0000, 5864.0000, 302.0000,  -6117.0000, 5865.0000, 302.0000,  102, 102, 102
L -5803.0000, 5963.0000, 302.0000,  -5927.0000, 5864.0000, 302.0000,  102, 102, 102
L -5702.0000, 6049.0000, 302.0000,  -5803.0000, 5963.0000, 302.0000,  102, 102, 102
L -5658.0000, 6049.0000, 302.0000,  -5702.0000, 6049.0000, 302.0000,  102, 102, 102
L -5438.0000, 6116.0000, 302.0000,  -5658.0000, 6049.0000, 302.0000,  102, 102, 102
L -5402.0000, 6145.0000, 284.0000,  -5438.0000, 6116.0000, 302.0000,  102, 102, 102
L -5276.0000, 6149.0000, 302.0000,  -5402.0000, 6145.0000, 284.0000,  102, 102, 102
L -4706.0000, 6149.0000, 302.0000,  -5276.0000, 6149.0000, 302.0000,  102, 102, 102
L -4631.0000, 6221.0000, 302.0000,  -4706.0000, 6149.0000, 302.0000,  102, 102, 102
L -4686.0000, 6225.0000, 302.0000,  -4631.0000, 6221.0000, 302.0000,  102, 102, 102
L -4686.0000, 6316.0000, 302.0000,  -4686.0000, 6225.0000, 302.0000,  102, 102, 102
L -4684.0000, 6318.0000, 302.0000,  -4686.0000, 6316.0000, 302.0000,  102, 102, 102
L -4624.0000, 6318.0000, 302.0000,  -4684.0000, 6318.0000, 302.0000,  102, 102, 102
L -4622.0000, 6316.0000, 302.0000,  -4624.0000, 6318.0000, 302.0000,  102, 102, 102
L -4622.0000, 6231.0000, 302.0000,  -4622.0000, 6316.0000, 302.0000,  102, 102, 102
L -4622.0000, 6209.0000, 187.0000,  -4622.0000, 6231.0000, 302.0000,  102, 102, 102
L -4622.0000, 6167.0000, -67.0000,  -4622.0000, 6209.0000, 187.0000,  102, 102, 102
L -4622.0000, 6119.0000, -228.0000,  -4622.0000, 6167.0000, -67.0000,  102, 102, 102
L -4622.0000, 6030.0000, -208.0000,  -4622.0000, 6119.0000, -228.0000,  102, 102, 102
L -4642.0000, 5975.0000, -187.0000,  -4622.0000, 6030.0000, -208.0000,  102, 102, 102
L -4804.0000, 5974.0000, -216.0000,  -4642.0000, 5975.0000, -187.0000,  102, 102, 102
L -4833.0000, 5976.0000, -220.0000,  -4804.0000, 5974.0000, -216.0000,  102, 102, 102
L -4944.0000, 5996.0000, -227.0000,  -4833.0000, 5976.0000, -220.0000,  102, 102, 102
L -5059.0000, 6006.0000, -244.0000,  -4944.0000, 5996.0000, -227.0000,  102, 102, 102
L -5162.0000, 5995.0000, -261.0000,  -5059.0000, 6006.0000, -244.0000,  102, 102, 102
L -5248.0000, 5976.0000, -271.0000,  -5162.0000, 5995.0000, -261.0000,  102, 102, 102
L -5336.0000, 5951.0000, -279.0000,  -5248.0000, 5976.0000, -271.0000,  102, 102, 102
L -5375.0000, 5938.0000, -276.0000,  -5336.0000, 5951.0000, -279.0000,  102, 102, 102
L -5466.0000, 5920.0000, -263.0000,  -5375.0000, 5938.0000, -276.0000,  102, 102, 102
L -5500.0000, 5915.0000, -256.0000,  -5466.0000, 5920.0000, -263.0000,  102, 102, 102
L -5554.0000, 5906.0000, -306.0000,  -5500.0000, 5915.0000, -256.0000,  102, 102, 102
L -5589.0000, 5900.0000, -318.0000,  -5554.0000, 5906.0000, -306.0000,  102, 102, 102
L -5614.0000, 5870.0000, -352.0000,  -5589.0000, 5900.0000, -318.0000,  102, 102, 102
L -5657.0000, 5816.0000, -350.0000,  -5614.0000, 5870.0000, -352.0000,  102, 102, 102
L -5647.0000, 5780.0000, -345.0000,  -5657.0000, 5816.0000, -350.0000,  102, 102, 102
L -5592.0000, 5595.0000, -368.0000,  -5647.0000, 5780.0000, -345.0000,  102, 102, 102
L -5578.0000, 5463.0000, -394.0000,  -5592.0000, 5595.0000, -368.0000,  102, 102, 102
L -5569.0000, 5361.0000, -344.0000,  -5578.0000, 5463.0000, -394.0000,  102, 102, 102
L -5556.0000, 5206.0000, -333.0000,  -5569.0000, 5361.0000, -344.0000,  102, 102, 102
L -5549.0000, 5083.0000, -342.0000,  -5556.0000, 5206.0000, -333.0000,  102, 102, 102
L -5546.0000, 4967.0000, -372.0000,  -5549.0000, 5083.0000, -342.0000,  102, 102, 102
L -5544.0000, 4827.0000, -386.0000,  -5546.0000, 4967.0000, -372.0000,  102, 102, 102
L -5531.0000, 4728.0000, -352.0000,  -5544.0000, 4827.0000, -386.0000,  102, 102, 102
L -5488.0000, 4569.0000, -374.0000,  -5531.0000, 4728.0000, -352.0000,  102, 102, 102
L -5459.0000, 4463.0000, -365.0000,  -5488.0000, 4569.0000, -374.0000,  102, 102, 102
L -5434.0000, 4372.0000, -368.0000,  -5459.0000, 4463.0000, -365.0000,  102, 102, 102
L -5435.0000, 4205.0000, -461.0000,  -5434.0000, 4372.0000, -368.0000,  102, 102, 102
L -5459.0000, 4056.0000, -300.0000,  -5435.0000, 4205.0000, -461.0000,  102, 102, 102
L -5490.0000, 3878.0000, -265.0000,  -5459.0000, 4056.0000, -300.0000,  102, 102, 102
L -5519.0000, 3766.0000, -352.0000,  -5490.0000, 3878.0000, -265.0000,  102, 102, 102
L -5570.0000, 3574.0000, -435.0000,  -5519.0000, 3766.0000, -352.0000,  102, 102, 102
L -5601.0000, 3428.0000, -426.0000,  -5570.0000, 3574.0000, -435.0000,  102, 102, 102
L -5639.0000, 3241.0000, -326.0000,  -5601.0000, 3428.0000, -426.0000,  102, 102, 102
L -5625.0000, 3129.0000, -374.0000,  -5639.0000, 3241.0000, -326.0000,  102, 102, 102
L -5598.0000, 3009.0000, -434.0000,  -5625.0000, 3129.0000, -374.0000,  102, 102, 102
L -5567.0000, 2843.0000, -501.0000,  -5598.0000, 3009.0000, -434.0000,  102, 102, 102
L -5541.0000, 2655.0000, -456.0000,  -5567.0000, 2843.0000, -501.0000,  102, 102, 102
L -5521.0000, 2519.0000, -406.0000,  -5541.0000, 2655.0000, -456.0000,  102, 102, 102
L -5507.0000, 2415.0000, -387.0000,  -5521.0000, 2519.0000, -406.0000,  102, 102, 102
L -5493.0000, 2316.0000, -370.0000,  -5507.0000, 2415.0000, -387.0000,  102, 102, 102
L -5495.0000, 2208.0000, -359.0000,  -5493.0000, 2316.0000, -370.0000,  102, 102, 102
L -5497.0000, 2193.0000, -365.0000,  -5495.0000, 2208.0000, -359.0000,  102, 102, 102
L -5505.0000, 2112.0000, -407.0000,  -5497.0000, 2193.0000, -365.0000,  102, 102, 102
L -5511.0000, 2043.0000, -453.0000,  -5505.0000, 2112.0000, -407.0000,  102, 102, 102
L -5520.0000, 1961.0000, -460.0000,  -5511.0000, 2043.0000, -453.0000,  102, 102, 102
L -5596.0000, 1911.0000, -405.0000,  -5520.0000, 1961.0000, -460.0000,  102, 102, 102
L -5629.0000, 1908.0000, -382.0000,  -5596.0000, 1911.0000, -405.0000,  102, 102, 102
L -5709.0000, 1901.0000, -3665.0000,  -5629.0000, 1908.0000, -382.0000,  102, 102, 102
L -6620.0000, 1865.0000, -189.0000,  -6663.0000, 1865.0000, -247.0000,  102, 102, 102
L -6554.0000, 1866.0000, -139.0000,  -6620.0000, 1865.0000, -189.0000,  102, 102, 102
L -6462.0000, 1867.0000, -158.0000,  -6554.0000, 1866.0000, -139.0000,  102, 102, 102
L -6368.0000, 1870.0000, -170.0000,  -6462.0000, 1867.0000, -158.0000,  102, 102, 102
L -6276.0000, 1873.0000, -196.0000,  -6368.0000, 1870.0000, -170.0000,  102, 102, 102
L -6138.0000, 1878.0000, -228.0000,  -6276.0000, 1873.0000, -196.0000,  102, 102, 102
L -6042.0000, 1881.0000, -229.0000,  -6138.0000, 1878.0000, -228.0000,  102, 102, 102
L -5964.0000, 1883.0000, -237.0000,  -6042.0000, 1881.0000, -229.0000,  102, 102, 102
L -5875.0000, 1886.0000, -274.0000,  -5964.0000, 1883.0000, -237.0000,  102, 102, 102
L -5732.0000, 1899.0000, -350.0000,  -5875.0000, 1886.0000, -274.0000,  102, 102, 102
L -5709.0000, 1901.0000, -3661.0000,  -5732.0000, 1899.0000, -350.0000,  102, 102, 102
L -4813.0000, -658.0000, 94.0000,  -4976.0000, -572.0000, 36.0000,  0, 0, 255
L -4629.0000, -704.0000, 94.0000,  -4813.0000, -658.0000, 94.0000,  0, 0, 255
L -4204.0000, -759.0000, 94.0000,  -4629.0000, -704.0000, 94.0000,  0, 0, 255
L -4047.0000, -756.0000, 94.0000,  -4204.0000, -759.0000, 94.0000,  0, 0, 255
L -3326.0000, -728.0000, 94.0000,  -4047.0000, -756.0000, 94.0000,  0, 0, 255
L -3096.0000, -745.0000, 94.0000,  -3326.0000, -728.0000, 94.0000,  0, 0, 255
L -2467.0000, -902.0000, 94.0000,  -3096.0000, -745.0000, 94.0000,  0, 0, 255
L -2328.0000, -935.0000, 94.0000,  -2467.0000, -902.0000, 94.0000,  0, 0, 255
L -1625.0000, -1000.0000, 94.0000,  -2328.0000, -935.0000, 94.0000,  0, 0, 255
L -852.0000, -1352.0000, 94.0000,  -1625.0000, -1000.0000, 94.0000,  0, 0, 255
L -727.0000, -1363.0000, 94.0000,  -852.0000, -1352.0000, 94.0000,  0, 0, 255
L 89.0000, -1412.0000, 94.0000,  -727.0000, -1363.0000, 94.0000,  0, 0, 255
L 166.0000, -1413.0000, 94.0000,  89.0000, -1412.0000, 94.0000,  0, 0, 255
L 873.0000, -1410.0000, 94.0000,  166.0000, -1413.0000, 94.0000,  0, 0, 255
L 936.0000, -1409.0000, 94.0000,  873.0000, -1410.0000, 94.0000,  0, 0, 255
L 1091.0000, -1409.0000, 94.0000,  936.0000, -1409.0000, 94.0000,  0, 0, 255
L 1181.0000, -1387.0000, 94.0000,  1091.0000, -1409.0000, 94.0000,  0, 0, 255
L 1721.0000, -1203.0000, 94.0000,  1181.0000, -1387.0000, 94.0000,  0, 0, 255
L 1899.0000, -1145.0000, 94.0000,  1721.0000, -1203.0000, 94.0000,  0, 0, 255
L 2042.0000, -1101.0000, 94.0000,  1899.0000, -1145.0000, 94.0000,  0, 0, 255
L 2476.0000, -964.0000, 94.0000,  2042.0000, -1101.0000, 94.0000,  0, 0, 255
L 2566.0000, -893.0000, 94.0000,  2476.0000, -964.0000, 94.0000,  0, 0, 255
L 2874.0000, -635.0000, 94.0000,  2566.0000, -893.0000, 94.0000,  0, 0, 255
L 3046.0000, -506.0000, 94.0000,  2874.0000, -635.0000, 94.0000,  0, 0, 255
L 3591.0000, -136.0000, 94.0000,  3046.0000, -506.0000, 94.0000,  0, 0, 255
L 3750.0000, -39.0000, 94.0000,  3591.0000, -136.0000, 94.0000,  0, 0, 255
L 3936.0000, 56.0000, 94.0000,  3750.0000, -39.0000, 94.0000,  0, 0, 255
L 4364.0000, 279.0000, 94.0000,  3936.0000, 56.0000, 94.0000,  0, 0, 255
L 4487.0000, 387.0000, 94.0000,  4364.0000, 279.0000, 94.0000,  0, 0, 255
L 4877.0000, 736.0000, 94.0000,  4487.0000, 387.0000, 94.0000,  0, 0, 255
L 4926.0000, 790.0000, 94.0000,  4877.0000, 736.0000, 94.0000,  0, 0, 255
L 5405.0000, 1699.0000, 94.0000,  4926.0000, 790.0000, 94.0000,  0, 0, 255
L 5457.0000, 1824.0000, 94.0000,  5405.0000, 1699.0000, 94.0000,  0, 0, 255
L 5659.0000, 2608.0000, 94.0000,  5457.0000, 1824.0000, 94.0000,  0, 0, 255
L 5848.0000, 3364.0000, 94.0000,  5659.0000, 2608.0000, 94.0000,  0, 0, 255
L 5872.0000, 3479.0000, 94.0000,  5848.0000, 3364.0000, 94.0000,  0, 0, 255
L 5939.0000, 4017.0000, 94.0000,  5872.0000, 3479.0000, 94.0000,  0, 0, 255
L 5961.0000, 4237.0000, 94.0000,  5939.0000, 4017.0000, 94.0000,  0, 0, 255
L 5956.0000, 4664.0000, 94.0000,  5961.0000, 4237.0000, 94.0000,  0, 0, 255
L 5946.0000, 5023.0000, 94.0000,  5956.0000, 4664.0000, 94.0000,  0, 0, 255
L 5930.0000, 5511.0000, 94.0000,  5946.0000, 5023.0000, 94.0000,  0, 0, 255
L 5921.0000, 5734.0000, 94.0000,  5930.0000, 5511.0000, 94.0000,  0, 0, 255
L 5818.0000, 6448.0000, 94.0000,  5921.0000, 5734.0000, 94.0000,  0, 0, 255
L 5798.0000, 6594.0000, 94.0000,  5818.0000, 6448.0000, 94.0000,  0, 0, 255
L 5668.0000, 7501.0000, 94.0000,  5798.0000, 6594.0000, 94.0000,  0, 0, 255
L 5461.0000, 8621.0000, 94.0000,  5668.0000, 7501.0000, 94.0000,  0, 0, 255
L 5398.0000, 8710.0000, 94.0000,  5461.0000, 8621.0000, 94.0000,  0, 0, 255
L 4690.0000, 9505.0000, 94.0000,  5398.0000, 8710.0000, 94.0000,  0, 0, 255
L 4432.0000, 9516.0000, 94.0000,  4690.0000, 9505.0000, 94.0000,  0, 0, 255
L 3996.0000, 9528.0000, 94.0000,  4432.0000, 9516.0000, 94.0000,  0, 0, 255
L 3905.0000, 9476.0000, 94.0000,  3996.0000, 9528.0000, 94.0000,  0, 0, 255
L 3757.0000, 9381.0000, 94.0000,  3905.0000, 9476.0000, 94.0000,  0, 0, 255
L 3622.0000, 9293.0000, 94.0000,  3757.0000, 9381.0000, 94.0000,  0, 0, 255
L 3484.0000, 9216.0000, 94.0000,  3622.0000, 9293.0000, 94.0000,  0, 0, 255
L 2813.0000, 9300.0000, 94.0000,  3484.0000, 9216.0000, 94.0000,  0, 0, 255
L 2629.0000, 9334.0000, 94.0000,  2813.0000, 9300.0000, 94.0000,  0, 0, 255
L 2294.0000, 9402.0000, 94.0000,  2629.0000, 9334.0000, 94.0000,  0, 0, 255
L 1670.0000, 9517.0000, 94.0000,  2294.0000, 9402.0000, 94.0000,  0, 0, 255
L 1419.0000, 9533.0000, 94.0000,  1670.0000, 9517.0000, 94.0000,  0, 0, 255
L 1022.0000, 9533.0000, 94.0000,  1419.0000, 9533.0000, 94.0000,  0, 0, 255
L 809.0000, 9519.0000, 94.0000,  1022.0000, 9533.0000, 94.0000,  0, 0, 255
L 382.0000, 9461.0000, 94.0000,  809.0000, 9519.0000, 94.0000,  0, 0, 255
L -168.0000, 9377.0000, 94.0000,  382.0000, 9461.0000, 94.0000,  0, 0, 255
L -566.0000, 9245.0000, 94.0000,  -168.0000, 9377.0000, 94.0000,  0, 0, 255
L -1081.0000, 9062.0000, 94.0000,  -566.0000, 9245.0000, 94.0000,  0, 0, 255
L -1191.0000, 9065.0000, 94.0000,  -1081.0000, 9062.0000, 94.0000,  0, 0, 255
L -1366.0000, 9130.0000, 94.0000,  -1191.0000, 9065.0000, 94.0000,  0, 0, 255
L -1631.0000, 9284.0000, 94.0000,  -1366.0000, 9130.0000, 94.0000,  0, 0, 255
L -1975.0000, 9535.0000, 94.0000,  -1631.0000, 9284.0000, 94.0000,  0, 0, 255
L -2193.0000, 9627.0000, 94.0000,  -1975.0000, 9535.0000, 94.0000,  0, 0, 255
L -2459.0000, 9724.0000, 94.0000,  -2193.0000, 9627.0000, 94.0000,  0, 0, 255
L -2871.0000, 9799.0000, 94.0000,  -2459.0000, 9724.0000, 94.0000,  0, 0, 255
L -3206.0000, 9844.0000, 94.0000,  -2871.0000, 9799.0000, 94.0000,  0, 0, 255
L -3834.0000, 9946.0000, 94.0000,  -3206.0000, 9844.0000, 94.0000,  0, 0, 255
L -4044.0000, 9978.0000, 94.0000,  -3834.0000, 9946.0000, 94.0000,  0, 0, 255
L -4287.0000, 10005.0000, 91.0000,  -4044.0000, 9978.0000, 94.0000,  0, 0, 255
L -4326.0000, 10009.0000, 64.0000,  -4287.0000, 10005.0000, 91.0000,  0, 0, 255
L -4365.0000, 9976.0000, 369.0000,  -4326.0000, 10009.0000, 64.0000,  0, 0, 255
L -4364.0000, 9948.0000, 36.0000,  -4364.0000, 9977.0000, 37.0000,  102, 102, 102
L -4338.0000, 9911.0000, 35.0000,  -4364.0000, 9948.0000, 36.0000,  102, 102, 102
L -4331.0000, 9847.0000, 33.0000,  -4338.0000, 9911.0000, 35.0000,  102, 102, 102
L -4319.0000, 9829.0000, 33.0000,  -4331.0000, 9847.0000, 33.0000,  102, 102, 102
L -4303.0000, 9822.0000, 35.0000,  -4319.0000, 9829.0000, 33.0000,  102, 102, 102
L -4144.0000, 9802.0000, 33.0000,  -4303.0000, 9822.0000, 35.0000,  102, 102, 102
L -4102.0000, 9768.0000, 35.0000,  -4144.0000, 9802.0000, 33.0000,  102, 102, 102
L -4084.0000, 9765.0000, 34.0000,  -4102.0000, 9768.0000, 35.0000,  102, 102, 102
L -4078.0000, 9746.0000, 34.0000,  -4084.0000, 9765.0000, 34.0000,  102, 102, 102
L -4002.0000, 9707.0000, 35.0000,  -4078.0000, 9746.0000, 34.0000,  102, 102, 102
L -3854.0000, 9696.0000, 35.0000,  -4002.0000, 9707.0000, 35.0000,  102, 102, 102
L -3854.0000, 9647.0000, 33.0000,  -3854.0000, 9696.0000, 35.0000,  102, 102, 102
L -3802.0000, 9605.0000, 34.0000,  -3854.0000, 9647.0000, 33.0000,  102, 102, 102
L -3639.0000, 9607.0000, 26.0000,  -3802.0000, 9605.0000, 34.0000,  102, 102, 102
L -3581.0000, 9620.0000, 20.0000,  -3639.0000, 9607.0000, 26.0000,  102, 102, 102
L -2928.0000, 9623.0000, 35.0000,  -3581.0000, 9620.0000, 20.0000,  102, 102, 102
L -2909.0000, 9542.0000, 37.0000,  -2928.0000, 9623.0000, 35.0000,  102, 102, 102
L -2828.0000, 9523.0000, 34.0000,  -2909.0000, 9542.0000, 37.0000,  102, 102, 102
L -2821.0000, 9427.0000, 31.0000,  -2828.0000, 9523.0000, 34.0000,  102, 102, 102
L -2725.0000, 9423.0000, 35.0000,  -2821.0000, 9427.0000, 31.0000,  102, 102, 102
L -2702.0000, 9406.0000, 35.0000,  -2725.0000, 9423.0000, 35.0000,  102, 102, 102
L -2645.0000, 9404.0000, 35.0000,  -2702.0000, 9406.0000, 35.0000,  102, 102, 102
L -2645.0000, 9345.0000, 31.0000,  -2645.0000, 9404.0000, 35.0000,  102, 102, 102
L -2627.0000, 9324.0000, 32.0000,  -2645.0000, 9345.0000, 31.0000,  102, 102, 102
L -2426.0000, 9322.0000, 35.0000,  -2627.0000, 9324.0000, 32.0000,  102, 102, 102
L -2402.0000, 9298.0000, 36.0000,  -2426.0000, 9322.0000, 35.0000,  102, 102, 102
L -2354.0000, 9295.0000, 35.0000,  -2402.0000, 9298.0000, 36.0000,  102, 102, 102
L -2356.0000, 9251.0000, 32.0000,  -2354.0000, 9295.0000, 35.0000,  102, 102, 102
L -2327.0000, 9224.0000, 35.0000,  -2356.0000, 9251.0000, 32.0000,  102, 102, 102
L -2322.0000, 9125.0000, 33.0000,  -2327.0000, 9224.0000, 35.0000,  102, 102, 102
L -2232.0000, 9121.0000, 31.0000,  -2322.0000, 9125.0000, 33.0000,  102, 102, 102
L -2226.0000, 9023.0000, 32.0000,  -2232.0000, 9121.0000, 31.0000,  102, 102, 102
L -2127.0000, 9022.0000, 35.0000,  -2226.0000, 9023.0000, 32.0000,  102, 102, 102
L -2121.0000, 8926.0000, 33.0000,  -2127.0000, 9022.0000, 35.0000,  102, 102, 102
L -2031.0000, 8919.0000, 29.0000,  -2121.0000, 8926.0000, 33.0000,  102, 102, 102
L -2023.0000, 8727.0000, 33.0000,  -2031.0000, 8919.0000, 29.0000,  102, 102, 102
L -1933.0000, 8716.0000, 34.0000,  -2023.0000, 8727.0000, 33.0000,  102, 102, 102
L -1933.0000, 8648.0000, 33.0000,  -1933.0000, 8716.0000, 34.0000,  102, 102, 102
L -1927.0000, 8621.0000, 31.0000,  -1933.0000, 8648.0000, 33.0000,  102, 102, 102
L -1901.0000, 8595.0000, 35.0000,  -1927.0000, 8621.0000, 31.0000,  102, 102, 102
L -1855.0000, 8592.0000, 36.0000,  -1901.0000, 8595.0000, 35.0000,  102, 102, 102
L -1852.0000, 8544.0000, 34.0000,  -1855.0000, 8592.0000, 36.0000,  102, 102, 102
L -1823.0000, 8524.0000, 33.0000,  -1852.0000, 8544.0000, 34.0000,  102, 102, 102
L -1728.0000, 8521.0000, 32.0000,  -1823.0000, 8524.0000, 33.0000,  102, 102, 102
L -1703.0000, 8503.0000, 34.0000,  -1728.0000, 8521.0000, 32.0000,  102, 102, 102
L -1647.0000, 8501.0000, 35.0000,  -1703.0000, 8503.0000, 34.0000,  102, 102, 102
L -1645.0000, 8445.0000, 31.0000,  -1647.0000, 8501.0000, 35.0000,  102, 102, 102
L -1624.0000, 8426.0000, 30.0000,  -1645.0000, 8445.0000, 31.0000,  102, 102, 102
L -1300.0000, 8423.0000, 34.0000,  -1624.0000, 8426.0000, 30.0000,  102, 102, 102
L -1249.0000, 8448.0000, 34.0000,  -1300.0000, 8423.0000, 34.0000,  102, 102, 102
L -1200.0000, 8495.0000, 36.0000,  -1249.0000, 8448.0000, 34.0000,  102, 102, 102
L -1153.0000, 8497.0000, 36.0000,  -1200.0000, 8495.0000, 36.0000,  102, 102, 102
L -1103.0000, 8521.0000, 32.0000,  -1153.0000, 8497.0000, 36.0000,  102, 102, 102
L -1001.0000, 8524.0000, 31.0000,  -1103.0000, 8521.0000, 32.0000,  102, 102, 102
L -850.0000, 8647.0000, 33.0000,  -1001.0000, 8524.0000, 31.0000,  102, 102, 102
L -802.0000, 8695.0000, 36.0000,  -850.0000, 8647.0000, 33.0000,  102, 102, 102
L -755.0000, 8695.0000, 33.0000,  -802.0000, 8695.0000, 36.0000,  102, 102, 102
L -696.0000, 8728.0000, 29.0000,  -755.0000, 8695.0000, 33.0000,  102, 102, 102
L -601.0000, 8822.0000, 33.0000,  -696.0000, 8728.0000, 29.0000,  102, 102, 102
L -303.0000, 8822.0000, 32.0000,  -601.0000, 8822.0000, 33.0000,  102, 102, 102
L -175.0000, 8947.0000, 29.0000,  -303.0000, 8822.0000, 32.0000,  102, 102, 102
L -81.0000, 9049.0000, 33.0000,  -175.0000, 8947.0000, 29.0000,  102, 102, 102
L -3.0000, 9124.0000, 35.0000,  -81.0000, 9049.0000, 33.0000,  102, 102, 102
L 295.0000, 9124.0000, 33.0000,  -3.0000, 9124.0000, 35.0000,  102, 102, 102
L 295.0000, 9124.0000, 34.0000,  295.0000, 9124.0000, 33.0000,  102, 102, 102
L 345.0000, 9148.0000, 34.0000,  295.0000, 9124.0000, 34.0000,  102, 102, 102
L 400.0000, 9198.0000, 34.0000,  345.0000, 9148.0000, 34.0000,  102, 102, 102
L 548.0000, 9199.0000, 35.0000,  400.0000, 9198.0000, 34.0000,  102, 102, 102
L 586.0000, 9144.0000, 32.0000,  548.0000, 9199.0000, 35.0000,  102, 102, 102
L 675.0000, 9129.0000, 34.0000,  586.0000, 9144.0000, 32.0000,  102, 102, 102
L 1298.0000, 9124.0000, 29.0000,  675.0000, 9129.0000, 34.0000,  102, 102, 102
L 1395.0000, 9220.0000, 31.0000,  1298.0000, 9124.0000, 29.0000,  102, 102, 102
L 1769.0000, 9218.0000, 34.0000,  1395.0000, 9220.0000, 31.0000,  102, 102, 102
L 1779.0000, 9131.0000, 33.0000,  1769.0000, 9218.0000, 34.0000,  102, 102, 102
L 1970.0000, 9120.0000, 35.0000,  1779.0000, 9131.0000, 33.0000,  102, 102, 102
L 1974.0000, 9024.0000, 35.0000,  1970.0000, 9120.0000, 35.0000,  102, 102, 102
L 2070.0000, 9018.0000, 35.0000,  1974.0000, 9024.0000, 35.0000,  102, 102, 102
L 2073.0000, 8926.0000, 31.0000,  2070.0000, 9018.0000, 35.0000,  102, 102, 102
L 2175.0000, 8924.0000, 34.0000,  2073.0000, 8926.0000, 31.0000,  102, 102, 102
L 2191.0000, 8843.0000, 32.0000,  2175.0000, 8924.0000, 34.0000,  102, 102, 102
L 2297.0000, 8827.0000, 36.0000,  2191.0000, 8843.0000, 32.0000,  102, 102, 102
L 2373.0000, 8822.0000, 36.0000,  2297.0000, 8827.0000, 36.0000,  102, 102, 102
L 2390.0000, 8741.0000, 34.0000,  2373.0000, 8822.0000, 36.0000,  102, 102, 102
L 2572.0000, 8722.0000, 33.0000,  2390.0000, 8741.0000, 34.0000,  102, 102, 102
L 2589.0000, 8626.0000, 33.0000,  2572.0000, 8722.0000, 33.0000,  102, 102, 102
L 2663.0000, 8614.0000, 34.0000,  2589.0000, 8626.0000, 33.0000,  102, 102, 102
L 2674.0000, 8547.0000, 34.0000,  2663.0000, 8614.0000, 34.0000,  102, 102, 102
L 2683.0000, 8535.0000, 34.0000,  2674.0000, 8547.0000, 34.0000,  102, 102, 102
L 3395.0000, 8534.0000, 31.0000,  2683.0000, 8535.0000, 34.0000,  102, 102, 102
L 3409.0000, 8548.0000, 33.0000,  3395.0000, 8534.0000, 31.0000,  102, 102, 102
L 3438.0000, 8590.0000, 34.0000,  3409.0000, 8548.0000, 33.0000,  102, 102, 102
L 3459.0000, 8649.0000, 35.0000,  3438.0000, 8590.0000, 34.0000,  102, 102, 102
L 3495.0000, 8685.0000, 35.0000,  3459.0000, 8649.0000, 35.0000,  102, 102, 102
L 3522.0000, 8745.0000, 33.0000,  3495.0000, 8685.0000, 35.0000,  102, 102, 102
L 3597.0000, 8817.0000, 24.0000,  3522.0000, 8745.0000, 33.0000,  102, 102, 102
L 3698.0000, 8825.0000, 31.0000,  3597.0000, 8817.0000, 24.0000,  102, 102, 102
L 3820.0000, 8950.0000, 34.0000,  3698.0000, 8825.0000, 31.0000,  102, 102, 102
L 3831.0000, 9050.0000, 19.0000,  3820.0000, 8950.0000, 34.0000,  102, 102, 102
L 3997.0000, 9221.0000, 31.0000,  3831.0000, 9050.0000, 19.0000,  102, 102, 102
L 4448.0000, 8997.0000, 35.0000,  3997.0000, 9221.0000, 31.0000,  102, 102, 102
L 4448.0000, 8948.0000, 35.0000,  4448.0000, 8997.0000, 35.0000,  102, 102, 102
L 4470.0000, 8920.0000, 33.0000,  4448.0000, 8948.0000, 35.0000,  102, 102, 102
L 4473.0000, 8823.0000, 34.0000,  4470.0000, 8920.0000, 33.0000,  102, 102, 102
L 4497.0000, 8807.0000, 35.0000,  4473.0000, 8823.0000, 34.0000,  102, 102, 102
L 4555.0000, 8805.0000, 35.0000,  4497.0000, 8807.0000, 35.0000,  102, 102, 102
L 4556.0000, 8747.0000, 35.0000,  4555.0000, 8805.0000, 35.0000,  102, 102, 102
L 4572.0000, 8721.0000, 35.0000,  4556.0000, 8747.0000, 35.0000,  102, 102, 102
L 4573.0000, 8623.0000, 33.0000,  4572.0000, 8721.0000, 35.0000,  102, 102, 102
L 4670.0000, 8620.0000, 34.0000,  4573.0000, 8623.0000, 33.0000,  102, 102, 102
L 4672.0000, 8524.0000, 35.0000,  4670.0000, 8620.0000, 34.0000,  102, 102, 102
L 4772.0000, 8524.0000, 35.0000,  4672.0000, 8524.0000, 35.0000,  102, 102, 102
L 4774.0000, 8423.0000, 33.0000,  4772.0000, 8524.0000, 35.0000,  102, 102, 102
L 4870.0000, 8419.0000, 34.0000,  4774.0000, 8423.0000, 33.0000,  102, 102, 102
L 4873.0000, 8324.0000, 35.0000,  4870.0000, 8419.0000, 34.0000,  102, 102, 102
L 4969.0000, 8319.0000, 34.0000,  4873.0000, 8324.0000, 35.0000,  102, 102, 102
L 4974.0000, 8222.0000, 33.0000,  4969.0000, 8319.0000, 34.0000,  102, 102, 102
L 4996.0000, 8214.0000, 33.0000,  4974.0000, 8222.0000, 33.0000,  102, 102, 102
L 5063.0000, 8212.0000, 35.0000,  4996.0000, 8214.0000, 33.0000,  102, 102, 102
L 5063.0000, 8149.0000, 35.0000,  5063.0000, 8212.0000, 35.0000,  102, 102, 102
L 5070.0000, 8118.0000, 34.0000,  5063.0000, 8149.0000, 35.0000,  102, 102, 102
L 5077.0000, 7925.0000, 33.0000,  5070.0000, 8118.0000, 34.0000,  102, 102, 102
L 5169.0000, 7918.0000, 33.0000,  5077.0000, 7925.0000, 33.0000,  102, 102, 102
L 5168.0000, 7817.0000, 34.0000,  5169.0000, 7918.0000, 33.0000,  102, 102, 102
L 5259.0000, 7810.0000, 34.0000,  5168.0000, 7817.0000, 34.0000,  102, 102, 102
L 5295.0000, 7777.0000, 35.0000,  5259.0000, 7810.0000, 34.0000,  102, 102, 102
L 5326.0000, 7777.0000, 36.0000,  5295.0000, 7777.0000, 35.0000,  102, 102, 102
L 5326.0000, 7748.0000, 36.0000,  5326.0000, 7777.0000, 36.0000,  102, 102, 102
L 5358.0000, 7707.0000, 35.0000,  5326.0000, 7748.0000, 36.0000,  102, 102, 102
L 5359.0000, 6847.0000, 36.0000,  5358.0000, 7707.0000, 35.0000,  102, 102, 102
L 5346.0000, 6798.0000, 35.0000,  5359.0000, 6847.0000, 36.0000,  102, 102, 102
L 5349.0000, 6747.0000, 35.0000,  5346.0000, 6798.0000, 35.0000,  102, 102, 102
L 5360.0000, 6712.0000, 35.0000,  5349.0000, 6747.0000, 35.0000,  102, 102, 102
L 5358.0000, 6648.0000, 35.0000,  5360.0000, 6712.0000, 35.0000,  102, 102, 102
L 5321.0000, 6575.0000, 33.0000,  5358.0000, 6648.0000, 35.0000,  102, 102, 102
L 5320.0000, 6549.0000, 35.0000,  5321.0000, 6575.0000, 33.0000,  102, 102, 102
L 5344.0000, 6495.0000, 37.0000,  5320.0000, 6549.0000, 35.0000,  102, 102, 102
L 5344.0000, 6149.0000, 36.0000,  5344.0000, 6495.0000, 37.0000,  102, 102, 102
L 5321.0000, 6048.0000, 36.0000,  5344.0000, 6149.0000, 36.0000,  102, 102, 102
L 5296.0000, 6023.0000, 36.0000,  5321.0000, 6048.0000, 36.0000,  102, 102, 102
L 5273.0000, 5947.0000, 36.0000,  5296.0000, 6023.0000, 36.0000,  102, 102, 102
L 5271.0000, 5847.0000, 33.0000,  5273.0000, 5947.0000, 36.0000,  102, 102, 102
L 5171.0000, 5750.0000, 31.0000,  5271.0000, 5847.0000, 33.0000,  102, 102, 102
L 5148.0000, 5702.0000, 33.0000,  5171.0000, 5750.0000, 31.0000,  102, 102, 102
L 5149.0000, 5648.0000, 36.0000,  5148.0000, 5702.0000, 33.0000,  102, 102, 102
L 5096.0000, 5597.0000, 34.0000,  5149.0000, 5648.0000, 36.0000,  102, 102, 102
L 5052.0000, 5505.0000, 34.0000,  5096.0000, 5597.0000, 34.0000,  102, 102, 102
L 5053.0000, 5449.0000, 36.0000,  5052.0000, 5505.0000, 34.0000,  102, 102, 102
L 5034.0000, 5387.0000, 35.0000,  5053.0000, 5449.0000, 36.0000,  102, 102, 102
L 5034.0000, 5348.0000, 36.0000,  5034.0000, 5387.0000, 35.0000,  102, 102, 102
L 4997.0000, 5311.0000, 35.0000,  5034.0000, 5348.0000, 36.0000,  102, 102, 102
L 4954.0000, 5209.0000, 33.0000,  4997.0000, 5311.0000, 35.0000,  102, 102, 102
L 4954.0000, 5148.0000, 35.0000,  4954.0000, 5209.0000, 33.0000,  102, 102, 102
L 4896.0000, 5091.0000, 32.0000,  4954.0000, 5148.0000, 35.0000,  102, 102, 102
L 4869.0000, 5046.0000, 34.0000,  4896.0000, 5091.0000, 32.0000,  102, 102, 102
L 4777.0000, 4949.0000, 31.0000,  4869.0000, 5046.0000, 34.0000,  102, 102, 102
L 4772.0000, 4224.0000, 34.0000,  4777.0000, 4949.0000, 31.0000,  102, 102, 102
L 4795.0000, 4200.0000, 34.0000,  4772.0000, 4224.0000, 34.0000,  102, 102, 102
L 4848.0000, 4196.0000, 35.0000,  4795.0000, 4200.0000, 34.0000,  102, 102, 102
L 4847.0000, 4149.0000, 34.0000,  4848.0000, 4196.0000, 35.0000,  102, 102, 102
L 4872.0000, 4124.0000, 35.0000,  4847.0000, 4149.0000, 34.0000,  102, 102, 102
L 4873.0000, 4024.0000, 34.0000,  4872.0000, 4124.0000, 35.0000,  102, 102, 102
L 4970.0000, 4020.0000, 35.0000,  4873.0000, 4024.0000, 34.0000,  102, 102, 102
L 4974.0000, 3926.0000, 35.0000,  4970.0000, 4020.0000, 35.0000,  102, 102, 102
L 5070.0000, 3922.0000, 35.0000,  4974.0000, 3926.0000, 35.0000,  102, 102, 102
L 5072.0000, 3724.0000, 35.0000,  5070.0000, 3922.0000, 35.0000,  102, 102, 102
L 5096.0000, 3700.0000, 35.0000,  5072.0000, 3724.0000, 35.0000,  102, 102, 102
L 5148.0000, 3699.0000, 36.0000,  5096.0000, 3700.0000, 35.0000,  102, 102, 102
L 5148.0000, 3649.0000, 35.0000,  5148.0000, 3699.0000, 36.0000,  102, 102, 102
L 5170.0000, 3623.0000, 36.0000,  5148.0000, 3649.0000, 35.0000,  102, 102, 102
L 5171.0000, 3525.0000, 33.0000,  5170.0000, 3623.0000, 36.0000,  102, 102, 102
L 5196.0000, 3504.0000, 35.0000,  5171.0000, 3525.0000, 33.0000,  102, 102, 102
L 5252.0000, 3502.0000, 35.0000,  5196.0000, 3504.0000, 35.0000,  102, 102, 102
L 5251.0000, 3449.0000, 35.0000,  5252.0000, 3502.0000, 35.0000,  102, 102, 102
L 5270.0000, 3421.0000, 35.0000,  5251.0000, 3449.0000, 35.0000,  102, 102, 102
L 5269.0000, 2746.0000, 35.0000,  5270.0000, 3421.0000, 35.0000,  102, 102, 102
L 5248.0000, 2702.0000, 33.0000,  5269.0000, 2746.0000, 35.0000,  102, 102, 102
L 5249.0000, 1948.0000, 36.0000,  5248.0000, 2702.0000, 33.0000,  102, 102, 102
L 5197.0000, 1897.0000, 35.0000,  5249.0000, 1948.0000, 36.0000,  102, 102, 102
L 5172.0000, 1849.0000, 35.0000,  5197.0000, 1897.0000, 35.0000,  102, 102, 102
L 5096.0000, 1773.0000, 34.0000,  5172.0000, 1849.0000, 35.0000,  102, 102, 102
L 5052.0000, 1747.0000, 36.0000,  5096.0000, 1773.0000, 34.0000,  102, 102, 102
L 4997.0000, 1691.0000, 36.0000,  5052.0000, 1747.0000, 36.0000,  102, 102, 102
L 4972.0000, 1649.0000, 33.0000,  4997.0000, 1691.0000, 36.0000,  102, 102, 102
L 4971.0000, 1547.0000, 35.0000,  4972.0000, 1649.0000, 33.0000,  102, 102, 102
L 4948.0000, 1500.0000, 34.0000,  4971.0000, 1547.0000, 35.0000,  102, 102, 102
L 4947.0000, 1447.0000, 35.0000,  4948.0000, 1500.0000, 34.0000,  102, 102, 102
L 4895.0000, 1396.0000, 33.0000,  4947.0000, 1447.0000, 35.0000,  102, 102, 102
L 4869.0000, 1347.0000, 34.0000,  4895.0000, 1396.0000, 33.0000,  102, 102, 102
L 4771.0000, 1248.0000, 34.0000,  4869.0000, 1347.0000, 34.0000,  102, 102, 102
L 4770.0000, 1048.0000, 35.0000,  4771.0000, 1248.0000, 34.0000,  102, 102, 102
L 4598.0000, 874.0000, 36.0000,  4770.0000, 1048.0000, 35.0000,  102, 102, 102
L 4546.0000, 848.0000, 35.0000,  4598.0000, 874.0000, 36.0000,  102, 102, 102
L 4496.0000, 798.0000, 36.0000,  4546.0000, 848.0000, 35.0000,  102, 102, 102
L 4443.0000, 795.0000, 35.0000,  4496.0000, 798.0000, 36.0000,  102, 102, 102
L 4396.0000, 771.0000, 32.0000,  4443.0000, 795.0000, 35.0000,  102, 102, 102
L 4373.0000, 749.0000, 31.0000,  4396.0000, 771.0000, 32.0000,  102, 102, 102
L 4369.0000, 646.0000, 34.0000,  4373.0000, 749.0000, 31.0000,  102, 102, 102
L 4194.0000, 473.0000, 34.0000,  4369.0000, 646.0000, 34.0000,  102, 102, 102
L 4135.0000, 449.0000, 33.0000,  4194.0000, 473.0000, 34.0000,  102, 102, 102
L 4095.0000, 410.0000, 35.0000,  4135.0000, 449.0000, 33.0000,  102, 102, 102
L 4058.0000, 410.0000, 36.0000,  4095.0000, 410.0000, 35.0000,  102, 102, 102
L 3995.0000, 378.0000, 35.0000,  4058.0000, 410.0000, 36.0000,  102, 102, 102
L 3927.0000, 379.0000, 34.0000,  3995.0000, 378.0000, 35.0000,  102, 102, 102
L 3895.0000, 372.0000, 33.0000,  3927.0000, 379.0000, 34.0000,  102, 102, 102
L 3796.0000, 274.0000, 37.0000,  3895.0000, 372.0000, 33.0000,  102, 102, 102
L 3697.0000, 272.0000, 34.0000,  3796.0000, 274.0000, 37.0000,  102, 102, 102
L 3650.0000, 249.0000, 33.0000,  3697.0000, 272.0000, 34.0000,  102, 102, 102
L 3595.0000, 196.0000, 36.0000,  3650.0000, 249.0000, 33.0000,  102, 102, 102
L 3543.0000, 195.0000, 35.0000,  3595.0000, 196.0000, 36.0000,  102, 102, 102
L 3493.0000, 177.0000, 32.0000,  3543.0000, 195.0000, 35.0000,  102, 102, 102
L 3296.0000, 170.0000, 36.0000,  3493.0000, 177.0000, 32.0000,  102, 102, 102
L 3250.0000, 147.0000, 35.0000,  3296.0000, 170.0000, 36.0000,  102, 102, 102
L 3195.0000, 96.0000, 36.0000,  3250.0000, 147.0000, 35.0000,  102, 102, 102
L 3143.0000, 96.0000, 34.0000,  3195.0000, 96.0000, 36.0000,  102, 102, 102
L 3093.0000, 71.0000, 32.0000,  3143.0000, 96.0000, 34.0000,  102, 102, 102
L 2697.0000, -321.0000, 36.0000,  3093.0000, 71.0000, 32.0000,  102, 102, 102
L 2595.0000, -353.0000, 34.0000,  2697.0000, -321.0000, 36.0000,  102, 102, 102
L 2485.0000, -453.0000, 35.0000,  2595.0000, -353.0000, 34.0000,  102, 102, 102
L 2395.0000, -527.0000, 35.0000,  2485.0000, -453.0000, 35.0000,  102, 102, 102
L 2351.0000, -553.0000, 34.0000,  2395.0000, -527.0000, 35.0000,  102, 102, 102
L 2266.0000, -653.0000, 34.0000,  2351.0000, -553.0000, 34.0000,  102, 102, 102
L 1895.0000, -1022.0000, 35.0000,  2266.0000, -653.0000, 34.0000,  102, 102, 102
L 997.0000, -1027.0000, 34.0000,  1895.0000, -1022.0000, 35.0000,  102, 102, 102
L 945.0000, -1051.0000, 33.0000,  997.0000, -1027.0000, 34.0000,  102, 102, 102
L 894.0000, -1101.0000, 36.0000,  945.0000, -1051.0000, 33.0000,  102, 102, 102
L 844.0000, -1100.0000, 31.0000,  894.0000, -1101.0000, 36.0000,  102, 102, 102
L 794.0000, -1125.0000, 33.0000,  844.0000, -1100.0000, 31.0000,  102, 102, 102
L -681.0000, -1125.0000, 35.0000,  794.0000, -1125.0000, 33.0000,  102, 102, 102
L -703.0000, -1110.0000, 35.0000,  -681.0000, -1125.0000, 35.0000,  102, 102, 102
L -763.0000, -1109.0000, 36.0000,  -703.0000, -1110.0000, 35.0000,  102, 102, 102
L -762.0000, -1052.0000, 35.0000,  -763.0000, -1109.0000, 36.0000,  102, 102, 102
L -778.0000, -1027.0000, 34.0000,  -762.0000, -1052.0000, 35.0000,  102, 102, 102
L -874.0000, -1019.0000, 36.0000,  -778.0000, -1027.0000, 34.0000,  102, 102, 102
L -877.0000, -927.0000, 31.0000,  -874.0000, -1019.0000, 36.0000,  102, 102, 102
L -975.0000, -922.0000, 35.0000,  -877.0000, -927.0000, 31.0000,  102, 102, 102
L -979.0000, -827.0000, 35.0000,  -975.0000, -922.0000, 35.0000,  102, 102, 102
L -1004.0000, -807.0000, 36.0000,  -979.0000, -827.0000, 35.0000,  102, 102, 102
L -1059.0000, -806.0000, 35.0000,  -1004.0000, -807.0000, 36.0000,  102, 102, 102
L -1057.0000, -753.0000, 33.0000,  -1059.0000, -806.0000, 35.0000,  102, 102, 102
L -1079.0000, -726.0000, 34.0000,  -1057.0000, -753.0000, 33.0000,  102, 102, 102
L -1090.0000, -637.0000, 35.0000,  -1079.0000, -726.0000, 34.0000,  102, 102, 102
L -1180.0000, -627.0000, 35.0000,  -1090.0000, -637.0000, 35.0000,  102, 102, 102
L -1302.0000, -627.0000, 34.0000,  -1180.0000, -627.0000, 35.0000,  102, 102, 102
L -1378.0000, -651.0000, 34.0000,  -1302.0000, -627.0000, 34.0000,  102, 102, 102
L -1458.0000, -753.0000, 35.0000,  -1378.0000, -651.0000, 34.0000,  102, 102, 102
L -1502.0000, -798.0000, 35.0000,  -1458.0000, -753.0000, 35.0000,  102, 102, 102
L -1755.0000, -803.0000, 36.0000,  -1502.0000, -798.0000, 35.0000,  102, 102, 102
L -1788.0000, -745.0000, 31.0000,  -1755.0000, -803.0000, 36.0000,  102, 102, 102
L -1878.0000, -725.0000, 32.0000,  -1788.0000, -745.0000, 31.0000,  102, 102, 102
L -1902.0000, -652.0000, 32.0000,  -1878.0000, -725.0000, 32.0000,  102, 102, 102
L -1978.0000, -626.0000, 33.0000,  -1902.0000, -652.0000, 32.0000,  102, 102, 102
L -1978.0000, -527.0000, 33.0000,  -1978.0000, -626.0000, 33.0000,  102, 102, 102
L -2379.0000, -525.0000, 34.0000,  -1978.0000, -527.0000, 33.0000,  102, 102, 102
L -2379.0000, -427.0000, 34.0000,  -2379.0000, -525.0000, 34.0000,  102, 102, 102
L -2477.0000, -425.0000, 36.0000,  -2379.0000, -427.0000, 34.0000,  102, 102, 102
L -2491.0000, -334.0000, 33.0000,  -2477.0000, -425.0000, 36.0000,  102, 102, 102
L -2873.0000, -320.0000, 34.0000,  -2491.0000, -334.0000, 33.0000,  102, 102, 102
L -2902.0000, -251.0000, 32.0000,  -2873.0000, -320.0000, 34.0000,  102, 102, 102
L -2989.0000, -238.0000, 33.0000,  -2902.0000, -251.0000, 32.0000,  102, 102, 102
L -3004.0000, -210.0000, 36.0000,  -2989.0000, -238.0000, 33.0000,  102, 102, 102
L -3049.0000, -199.0000, 36.0000,  -3004.0000, -210.0000, 36.0000,  102, 102, 102
L -3069.0000, -151.0000, 33.0000,  -3049.0000, -199.0000, 36.0000,  102, 102, 102
L -3095.0000, -142.0000, 33.0000,  -3069.0000, -151.0000, 33.0000,  102, 102, 102
L -3487.0000, -132.0000, 35.0000,  -3095.0000, -142.0000, 33.0000,  102, 102, 102
L -3504.0000, -128.0000, 35.0000,  -3487.0000, -132.0000, 35.0000,  102, 102, 102
L -3681.0000, -128.0000, 34.0000,  -3504.0000, -128.0000, 35.0000,  102, 102, 102
L -3703.0000, -130.0000, 33.0000,  -3681.0000, -128.0000, 34.0000,  102, 102, 102
L -3739.0000, -151.0000, 33.0000,  -3703.0000, -130.0000, 33.0000,  102, 102, 102
L -3803.0000, -216.0000, 35.0000,  -3739.0000, -151.0000, 33.0000,  102, 102, 102
L -3903.0000, -235.0000, 28.0000,  -3803.0000, -216.0000, 35.0000,  102, 102, 102
L -4004.0000, -340.0000, 31.0000,  -3903.0000, -235.0000, 28.0000,  102, 102, 102
L -4102.0000, -425.0000, 30.0000,  -4004.0000, -340.0000, 31.0000,  102, 102, 102
L -4404.0000, -432.0000, 29.0000,  -4102.0000, -425.0000, 30.0000,  102, 102, 102
L -4606.0000, -434.0000, 28.0000,  -4404.0000, -432.0000, 29.0000,  102, 102, 102
L -4734.0000, -452.0000, 35.0000,  -4606.0000, -434.0000, 28.0000,  102, 102, 102
L -4805.0000, -500.0000, 35.0000,  -4734.0000, -452.0000, 35.0000,  102, 102, 102
L -4878.0000, -527.0000, 35.0000,  -4805.0000, -500.0000, 35.0000,  102, 102, 102
L -4903.0000, -543.0000, 34.0000,  -4878.0000, -527.0000, 35.0000,  102, 102, 102
L -4937.0000, -551.0000, 35.0000,  -4903.0000, -543.0000, 34.0000,  102, 102, 102
L -4976.0000, -572.0000, 360.0000,  -4937.0000, -551.0000, 35.0000,  102, 102, 102
L -5045.0000, -535.0000, -69.0000,  -4976.0000, -572.0000, 36.0000,  102, 102, 102
L -5132.0000, -489.0000, -299.0000,  -5045.0000, -535.0000, -69.0000,  102, 102, 102
L -5153.0000, -478.0000, -331.0000,  -5132.0000, -489.0000, -299.0000,  102, 102, 102
L -5296.0000, -402.0000, -375.0000,  -5153.0000, -478.0000, -331.0000,  102, 102, 102
L -5391.0000, -225.0000, -370.0000,  -5296.0000, -402.0000, -375.0000,  102, 102, 102
L -5433.0000, -145.0000, -418.0000,  -5391.0000, -225.0000, -370.0000,  102, 102, 102
L -5491.0000, -35.0000, -502.0000,  -5433.0000, -145.0000, -418.0000,  102, 102, 102
L -5557.0000, 215.0000, -443.0000,  -5491.0000, -35.0000, -502.0000,  102, 102, 102
L -5574.0000, 366.0000, -422.0000,  -5557.0000, 215.0000, -443.0000,  102, 102, 102
L -5605.0000, 650.0000, -463.0000,  -5574.0000, 366.0000, -422.0000,  102, 102, 102
L -5620.0000, 884.0000, -492.0000,  -5605.0000, 650.0000, -463.0000,  102, 102, 102
L -5617.0000, 983.0000, -477.0000,  -5620.0000, 884.0000, -492.0000,  102, 102, 102
L -5614.0000, 1161.0000, -432.0000,  -5617.0000, 983.0000, -477.0000,  102, 102, 102
L -5661.0000, 1271.0000, -433.0000,  -5614.0000, 1161.0000, -432.0000,  102, 102, 102
L -5698.0000, 1356.0000, -433.0000,  -5661.0000, 1271.0000, -433.0000,  102, 102, 102
L -5738.0000, 1448.0000, -419.0000,  -5698.0000, 1356.0000, -433.0000,  102, 102, 102
L -5810.0000, 1525.0000, -400.0000,  -5738.0000, 1448.0000, -419.0000,  102, 102, 102
L -5878.0000, 1585.0000, -459.0000,  -5810.0000, 1525.0000, -400.0000,  102, 102, 102
L -5936.0000, 1635.0000, -468.0000,  -5878.0000, 1585.0000, -459.0000,  102, 102, 102
L -6087.0000, 1666.0000, -374.0000,  -5936.0000, 1635.0000, -468.0000,  102, 102, 102
L -6267.0000, 1670.0000, -389.0000,  -6087.0000, 1666.0000, -374.0000,  102, 102, 102
L -6447.0000, 1674.0000, -389.0000,  -6267.0000, 1670.0000, -389.0000,  102, 102, 102
L -6513.0000, 1675.0000, -390.0000,  -6447.0000, 1674.0000, -389.0000,  102, 102, 102
L -6581.0000, 1676.0000, -361.0000,  -6513.0000, 1675.0000, -390.0000,  102, 102, 102
L -6641.0000, 1676.0000, -3569.0000,  -6581.0000, 1676.0000, -361.0000,  102, 102, 102
L -6657.0000, 1676.0000, -353.0000,  -6678.0000, 1677.0000, -349.0000,  102, 102, 102
L -6632.0000, 1676.0000, -3590.0000,  -6657.0000, 1676.0000, -353.0000,  102, 102, 102
P -4728.9502, 9133.8330, 258.4281,  240, 0, 0,  2,  Man_O_War_Hill
P -4213.4341, 9593.1191, 148.5591,  0, 0, 240,  2,  Walrus_Safe_Camp
P 2117.6838, -635.5588, 143.3293,  0, 0, 0,  3,  Safe_Tree
P 4296.0000, 5049.0000, 0.0000,  255, 255, 255,  2,  Succor_Point
P -50.0000, 7250.0000, 0.0000,  255, 255, 0,  2,  Sleepers_Tomb
P -550.0000, 4100.0000, 0.0000,  255, 255, 0,  2,  Crystal_Caverns
P 5300.0000, 4529.0000, 0.0000,  255, 255, 0,  2,  Iceclad
P 2174.0000, 7859.0000, 0.0000,  255, 255, 255,  2,  Coldain
P -3230.0000, 8083.0000, 0.0000,  255, 255, 255,  2,  Icefang
P -3300.0000, 1750.0000, 0.0000,  255, 255, 255,  2,  Giant_Fort
P -500.0000, 3400.0000, 0.0000,  255, 255, 255,  2,  Orc_Fort
P -7020.0000, 6247.0000, 0.0000,  255, 255, 0,  2,  Kael_Drakkal
P -6675.0000, 1768.0000, 0.0000,  255, 255, 0,  2,  Great_Divide
P -3425.8796, 6949.7495, 209.7771,  240, 0, 0,  2,  Safe_Ridge
