L 26.0000, 39.0000, 2833.0000,  -27.0000, 39.0000, 2858.0000,  153, 153, 153
L -27.0000, 39.0000, 2858.0000,  -40.0000, 26.0000, 2915.0000,  153, 153, 153
L -40.0000, 26.0000, 2915.0000,  -40.0000, -27.0000, 2870.0000,  153, 153, 153
L -40.0000, -27.0000, 2870.0000,  -27.0000, -40.0000, 2833.0000,  153, 153, 153
L -27.0000, -40.0000, 2833.0000,  26.0000, -40.0000, 2850.0000,  153, 153, 153
L 26.0000, -40.0000, 2850.0000,  39.0000, -27.0000, 2839.0000,  153, 153, 153
L 39.0000, -27.0000, 2839.0000,  39.0000, 26.0000, 2833.0000,  153, 153, 153
L 39.0000, 26.0000, 2833.0000,  26.0000, 39.0000, 2833.0000,  153, 153, 153
L -15.0000, 28.0000, 2864.0000,  -29.0000, 14.0000, 2865.0000,  153, 153, 153
L -29.0000, 14.0000, 2865.0000,  -29.0000, -15.0000, 2906.0000,  153, 153, 153
L -29.0000, -15.0000, 2906.0000,  -15.0000, -29.0000, 2865.0000,  153, 153, 153
L -15.0000, -29.0000, 2865.0000,  13.0000, -30.0000, 2908.0000,  153, 153, 153
L 13.0000, -30.0000, 2908.0000,  29.0000, -14.0000, 2880.0000,  153, 153, 153
L 29.0000, -14.0000, 2880.0000,  29.0000, 13.0000, 2877.0000,  153, 153, 153
L 29.0000, 13.0000, 2877.0000,  13.0000, 28.0000, 2868.0000,  153, 153, 153
L 13.0000, 28.0000, 2868.0000,  -15.0000, 28.0000, 2863.0000,  153, 153, 153
L 11.0000, -12.0000, 2900.0000,  -12.0000, -12.0000, 2850.0000,  153, 153, 153
L -12.0000, -12.0000, 2850.0000,  -12.0000, 11.0000, 2876.0000,  153, 153, 153
L -12.0000, 11.0000, 2876.0000,  11.0000, 11.0000, 2875.0000,  153, 153, 153
L 11.0000, 11.0000, 2875.0000,  11.0000, -12.0000, 2882.0000,  153, 153, 153
L 11.0000, 11.0000, 202.0000,  -12.0000, 11.0000, 163.0000,  0, 0, 255
L -12.0000, 11.0000, 163.0000,  -12.0000, -12.0000, 208.0000,  0, 0, 255
L -12.0000, -12.0000, 208.0000,  11.0000, -12.0000, 206.0000,  0, 0, 255
L 11.0000, -12.0000, 206.0000,  11.0000, 11.0000, 125.0000,  0, 0, 255
L 95.0000, -2.0000, 231.0000,  95.0000, -12.0000, 201.0000,  0, 0, 255
L 95.0000, -12.0000, 201.0000,  85.0000, -12.0000, 224.0000,  0, 0, 255
L 85.0000, -12.0000, 224.0000,  85.0000, -2.0000, 184.0000,  0, 0, 255
L 85.0000, -2.0000, 184.0000,  95.0000, -2.0000, 216.0000,  0, 0, 255
L -12.0000, 95.0000, 128.0000,  -2.0000, 95.0000, 164.0000,  0, 0, 255
L -2.0000, 95.0000, 164.0000,  -12.0000, 95.0000, 143.0000,  0, 0, 255
L -12.0000, 95.0000, 143.0000,  -12.0000, 85.0000, 245.0000,  0, 0, 255
L -12.0000, 85.0000, 245.0000,  -2.0000, 85.0000, 159.0000,  0, 0, 255
L -2.0000, 85.0000, 159.0000,  -2.0000, 95.0000, 223.0000,  0, 0, 255
L 11.0000, 85.0000, 782.0000,  1.0000, 85.0000, 773.0000,  255, 0, 0
L 1.0000, 85.0000, 773.0000,  1.0000, 95.0000, 691.0000,  255, 0, 0
L 1.0000, 95.0000, 691.0000,  11.0000, 95.0000, 596.0000,  255, 0, 0
L 11.0000, 95.0000, 596.0000,  11.0000, 85.0000, 648.0000,  255, 0, 0
L 83.0000, 27.0000, -1673.0000,  83.0000, 41.0000, -1673.0000,  255, 255, 0
L 83.0000, 41.0000, -1673.0000,  97.0000, 41.0000, -1673.0000,  255, 255, 0
L 97.0000, 41.0000, -1673.0000,  97.0000, 27.0000, -1673.0000,  255, 255, 0
L 97.0000, 27.0000, -1673.0000,  111.0000, 27.0000, -1673.0000,  255, 255, 0
L 111.0000, 27.0000, -1673.0000,  111.0000, 13.0000, -1673.0000,  255, 255, 0
L 111.0000, 13.0000, -1673.0000,  125.0000, 13.0000, -1673.0000,  255, 255, 0
L 125.0000, 13.0000, -1673.0000,  125.0000, 0.0000, -1673.0000,  255, 255, 0
L 125.0000, 0.0000, -1673.0000,  139.0000, 0.0000, -1673.0000,  255, 255, 0
L 139.0000, 0.0000, -1673.0000,  139.0000, -14.0000, -1673.0000,  255, 255, 0
L 139.0000, -14.0000, -1673.0000,  125.0000, -14.0000, -1673.0000,  255, 255, 0
L 125.0000, -14.0000, -1673.0000,  125.0000, -28.0000, -1673.0000,  255, 255, 0
L 125.0000, -28.0000, -1673.0000,  111.0000, -28.0000, -1673.0000,  255, 255, 0
L 111.0000, -28.0000, -1673.0000,  111.0000, -42.0000, -1664.0000,  255, 255, 0
L 111.0000, -42.0000, -1664.0000,  97.0000, -42.0000, -1644.0000,  255, 255, 0
L 97.0000, -42.0000, -1644.0000,  97.0000, -56.0000, -1654.0000,  255, 255, 0
L 97.0000, -56.0000, -1654.0000,  83.0000, -56.0000, -1657.0000,  255, 255, 0
L 83.0000, -56.0000, -1657.0000,  83.0000, -42.0000, -1662.0000,  255, 255, 0
L 83.0000, -42.0000, -1662.0000,  69.0000, -42.0000, -1673.0000,  255, 255, 0
L 69.0000, -42.0000, -1673.0000,  69.0000, -28.0000, -1657.0000,  255, 255, 0
L 69.0000, -28.0000, -1657.0000,  55.0000, -28.0000, -1673.0000,  255, 255, 0
L 55.0000, -28.0000, -1673.0000,  55.0000, -14.0000, -1673.0000,  255, 255, 0
L 55.0000, -14.0000, -1673.0000,  41.0000, -14.0000, -1673.0000,  255, 255, 0
L 41.0000, -14.0000, -1673.0000,  41.0000, 0.0000, -1673.0000,  255, 255, 0
L 41.0000, 0.0000, -1673.0000,  55.0000, 0.0000, -1673.0000,  255, 255, 0
L 55.0000, 0.0000, -1673.0000,  55.0000, 13.0000, -1673.0000,  255, 255, 0
L 55.0000, 13.0000, -1673.0000,  69.0000, 13.0000, -1673.0000,  255, 255, 0
L 69.0000, 13.0000, -1673.0000,  69.0000, 27.0000, -1673.0000,  255, 255, 0
L 97.0000, -14.0000, -1376.0000,  83.0000, -14.0000, -1318.0000,  255, 255, 0
L 83.0000, -14.0000, -1318.0000,  83.0000, 0.0000, -1275.0000,  255, 255, 0
L 83.0000, 0.0000, -1275.0000,  97.0000, 0.0000, -1363.0000,  255, 255, 0
L 97.0000, 0.0000, -1363.0000,  97.0000, -14.0000, -1223.0000,  255, 255, 0
L -294.0000, -14.0000, -2652.0000,  -294.0000, 27.0000, -2652.0000,  255, 255, 0
L -294.0000, 27.0000, -2652.0000,  -260.0000, 49.0000, -2793.0000,  255, 255, 0
L -260.0000, 49.0000, -2793.0000,  -246.0000, 98.0000, -2965.0000,  255, 255, 0
L -246.0000, 98.0000, -2965.0000,  -202.0000, 133.0000, -2995.0000,  255, 255, 0
L -202.0000, 133.0000, -2995.0000,  -179.0000, 142.0000, -2807.0000,  255, 255, 0
L -179.0000, 142.0000, -2807.0000,  -168.0000, 167.0000, -2652.0000,  255, 255, 0
L -168.0000, 167.0000, -2652.0000,  -126.0000, 167.0000, -2652.0000,  255, 255, 0
L -126.0000, 167.0000, -2652.0000,  -114.0000, 133.0000, -3087.0000,  255, 255, 0
L -114.0000, 133.0000, -3087.0000,  -72.0000, 129.0000, -3107.0000,  255, 255, 0
L -72.0000, 129.0000, -3107.0000,  -56.0000, 111.0000, -3491.0000,  255, 255, 0
L -56.0000, 111.0000, -3491.0000,  -28.0000, 55.0000, -3023.0000,  255, 255, 0
L -28.0000, 55.0000, -3023.0000,  -41.0000, 24.0000, -3348.0000,  255, 255, 0
L -41.0000, 24.0000, -3348.0000,  -32.0000, -2.0000, -3022.0000,  255, 255, 0
L -32.0000, -2.0000, -3022.0000,  -36.0000, -42.0000, -2080.0000,  255, 255, 0
L -36.0000, -42.0000, -2080.0000,  -56.0000, -56.0000, -2929.0000,  255, 255, 0
L -56.0000, -56.0000, -2929.0000,  -64.0000, -78.0000, -2820.0000,  255, 255, 0
L -64.0000, -78.0000, -2820.0000,  -116.0000, -90.0000, -2893.0000,  255, 255, 0
L -116.0000, -90.0000, -2893.0000,  -140.0000, -69.0000, -3222.0000,  255, 255, 0
L -140.0000, -69.0000, -3222.0000,  -162.0000, -102.0000, -2586.0000,  255, 255, 0
L -162.0000, -102.0000, -2586.0000,  -212.0000, -80.0000, -2939.0000,  255, 255, 0
L -212.0000, -80.0000, -2939.0000,  -222.0000, -60.0000, -3020.0000,  255, 255, 0
L -222.0000, -60.0000, -3020.0000,  -246.0000, -46.0000, -2981.0000,  255, 255, 0
L -246.0000, -46.0000, -2981.0000,  -259.0000, -15.0000, -2798.0000,  255, 255, 0
L -259.0000, -15.0000, -2798.0000,  -294.0000, -14.0000, -2652.0000,  255, 255, 0
L -294.0000, -14.0000, -2652.0000,  -294.0000, 27.0000, -2652.0000,  255, 255, 0
L -168.0000, 13.0000, -3039.0000,  -182.0000, -14.0000, -3166.0000,  255, 255, 0
L -182.0000, -14.0000, -3166.0000,  -154.0000, 0.0000, -3039.0000,  255, 255, 0
L -154.0000, 0.0000, -3039.0000,  -154.0000, 0.0000, -3039.0000,  255, 255, 0
L -154.0000, 0.0000, -3039.0000,  -140.0000, -42.0000, -3167.0000,  255, 255, 0
L -140.0000, -42.0000, -3167.0000,  -126.0000, 0.0000, -3015.0000,  255, 255, 0
L -126.0000, 0.0000, -3015.0000,  -98.0000, -14.0000, -3163.0000,  255, 255, 0
L -98.0000, -14.0000, -3163.0000,  -112.0000, 13.0000, -3039.0000,  255, 255, 0
L -112.0000, 13.0000, -3039.0000,  -70.0000, 27.0000, -3305.0000,  255, 255, 0
L -70.0000, 27.0000, -3305.0000,  -112.0000, 41.0000, -3039.0000,  255, 255, 0
L -112.0000, 41.0000, -3039.0000,  -98.0000, 69.0000, -3164.0000,  255, 255, 0
L -98.0000, 69.0000, -3164.0000,  -126.0000, 55.0000, -3039.0000,  255, 255, 0
L -126.0000, 55.0000, -3039.0000,  -140.0000, 97.0000, -3304.0000,  255, 255, 0
L -140.0000, 97.0000, -3304.0000,  -154.0000, 55.0000, -3039.0000,  255, 255, 0
L -154.0000, 55.0000, -3039.0000,  -182.0000, 69.0000, -3050.0000,  255, 255, 0
L -182.0000, 69.0000, -3050.0000,  -168.0000, 41.0000, -3024.0000,  255, 255, 0
L -168.0000, 41.0000, -3024.0000,  -210.0000, 27.0000, -3304.0000,  255, 255, 0
L -210.0000, 27.0000, -3304.0000,  -168.0000, 13.0000, -3039.0000,  255, 255, 0
L -168.0000, 13.0000, -1600.0000,  -182.0000, -14.0000, -1690.0000,  255, 255, 0
L -182.0000, -14.0000, -1690.0000,  -154.0000, 0.0000, -1600.0000,  255, 255, 0
L -154.0000, 0.0000, -1600.0000,  -154.0000, 0.0000, -1600.0000,  255, 255, 0
L -154.0000, 0.0000, -1600.0000,  -140.0000, -42.0000, -1600.0000,  255, 255, 0
L -140.0000, -42.0000, -1600.0000,  -126.0000, 0.0000, -1600.0000,  255, 255, 0
L -126.0000, 0.0000, -1600.0000,  -98.0000, -14.0000, -1600.0000,  255, 255, 0
L -98.0000, -14.0000, -1600.0000,  -112.0000, 13.0000, -1600.0000,  255, 255, 0
L -112.0000, 13.0000, -1600.0000,  -70.0000, 27.0000, -1600.0000,  255, 255, 0
L -70.0000, 27.0000, -1600.0000,  -112.0000, 41.0000, -1600.0000,  255, 255, 0
L -112.0000, 41.0000, -1600.0000,  -98.0000, 69.0000, -1600.0000,  255, 255, 0
L -98.0000, 69.0000, -1600.0000,  -126.0000, 55.0000, -1600.0000,  255, 255, 0
L -126.0000, 55.0000, -1600.0000,  -140.0000, 97.0000, -1600.0000,  255, 255, 0
L -140.0000, 97.0000, -1600.0000,  -154.0000, 55.0000, -1600.0000,  255, 255, 0
L -154.0000, 55.0000, -1600.0000,  -182.0000, 69.0000, -1600.0000,  255, 255, 0
L -182.0000, 69.0000, -1600.0000,  -168.0000, 41.0000, -1600.0000,  255, 255, 0
L -168.0000, 41.0000, -1600.0000,  -210.0000, 27.0000, -1600.0000,  255, 255, 0
L -210.0000, 27.0000, -1600.0000,  -168.0000, 13.0000, -1600.0000,  255, 255, 0
L -224.0000, -56.0000, -1453.0000,  -238.0000, 27.0000, -1533.0000,  255, 255, 0
L -238.0000, 27.0000, -1533.0000,  -224.0000, 111.0000, -1533.0000,  255, 255, 0
L -224.0000, 111.0000, -1533.0000,  -140.0000, 125.0000, -1533.0000,  255, 255, 0
L -140.0000, 125.0000, -1533.0000,  -56.0000, 111.0000, -1533.0000,  255, 255, 0
L -56.0000, 111.0000, -1533.0000,  -42.0000, 27.0000, -1533.0000,  255, 255, 0
L -42.0000, 27.0000, -1533.0000,  -56.0000, -56.0000, -1533.0000,  255, 255, 0
L -56.0000, -56.0000, -1533.0000,  -140.0000, -70.0000, -1533.0000,  255, 255, 0
L -140.0000, -70.0000, -1533.0000,  -224.0000, -56.0000, -1533.0000,  255, 255, 0
L -252.0000, -84.0000, -833.0000,  -266.0000, 0.0000, -833.0000,  255, 255, 0
L -266.0000, 0.0000, -833.0000,  -266.0000, 55.0000, -833.0000,  255, 255, 0
L -266.0000, 55.0000, -833.0000,  -252.0000, 139.0000, -833.0000,  255, 255, 0
L -252.0000, 139.0000, -833.0000,  -168.0000, 153.0000, -833.0000,  255, 255, 0
L -168.0000, 153.0000, -833.0000,  -112.0000, 153.0000, -833.0000,  255, 255, 0
L -112.0000, 153.0000, -833.0000,  -28.0000, 139.0000, -833.0000,  255, 255, 0
L -28.0000, 139.0000, -833.0000,  -14.0000, 55.0000, -833.0000,  255, 255, 0
L -14.0000, 55.0000, -833.0000,  0.0000, 55.0000, -833.0000,  255, 255, 0
L 0.0000, 55.0000, -833.0000,  13.0000, 41.0000, -866.0000,  255, 255, 0
L 13.0000, 41.0000, -866.0000,  27.0000, 41.0000, -821.0000,  255, 255, 0
L 27.0000, 41.0000, -821.0000,  27.0000, 13.0000, -818.0000,  255, 255, 0
L 27.0000, 13.0000, -818.0000,  13.0000, 13.0000, -878.0000,  255, 255, 0
L 13.0000, 13.0000, -878.0000,  -2.0000, 0.0000, -833.0000,  255, 255, 0
L -2.0000, 0.0000, -833.0000,  -14.0000, 0.0000, -833.0000,  255, 255, 0
L -14.0000, 0.0000, -833.0000,  -26.0000, -84.0000, -790.0000,  255, 255, 0
L -26.0000, -84.0000, -790.0000,  -112.0000, -98.0000, -833.0000,  255, 255, 0
L -112.0000, -98.0000, -833.0000,  -168.0000, -98.0000, -833.0000,  255, 255, 0
L -168.0000, -98.0000, -833.0000,  -252.0000, -84.0000, -833.0000,  255, 255, 0
L 83.0000, 13.0000, -1113.0000,  13.0000, 13.0000, -1113.0000,  255, 255, 0
L 13.0000, 13.0000, -1113.0000,  13.0000, 41.0000, -1113.0000,  255, 255, 0
L 13.0000, 41.0000, -1113.0000,  27.0000, 41.0000, -1113.0000,  255, 255, 0
L 27.0000, 41.0000, -1113.0000,  27.0000, 27.0000, -1113.0000,  255, 255, 0
L 27.0000, 27.0000, -1113.0000,  83.0000, 27.0000, -1113.0000,  255, 255, 0
L 83.0000, 27.0000, -1113.0000,  83.0000, 13.0000, -1113.0000,  255, 255, 0
L 97.0000, 13.0000, -553.0000,  69.0000, 13.0000, -506.0000,  255, 255, 0
L 69.0000, 13.0000, -506.0000,  69.0000, 27.0000, -577.0000,  255, 255, 0
L 69.0000, 27.0000, -577.0000,  83.0000, 27.0000, -594.0000,  255, 255, 0
L 83.0000, 27.0000, -594.0000,  83.0000, 55.0000, -553.0000,  255, 255, 0
L 83.0000, 55.0000, -553.0000,  97.0000, 55.0000, -553.0000,  255, 255, 0
L 97.0000, 55.0000, -553.0000,  97.0000, 13.0000, -490.0000,  255, 255, 0
L 45.0000, 13.0000, -1049.0000,  47.0000, 13.0000, -1113.0000,  255, 255, 0
L 47.0000, 13.0000, -1113.0000,  49.0000, 13.0000, -1113.0000,  255, 255, 0
L 49.0000, 13.0000, -1113.0000,  47.0000, 17.0000, -1113.0000,  255, 255, 0
L 97.0000, 69.0000, 6.0000,  97.0000, 41.0000, 40.0000,  255, 255, 0
L 97.0000, 41.0000, 40.0000,  83.0000, 41.0000, -12.0000,  255, 255, 0
L 83.0000, 41.0000, -12.0000,  83.0000, 55.0000, 6.0000,  255, 255, 0
L 83.0000, 55.0000, 6.0000,  27.0000, 55.0000, 6.0000,  255, 255, 0
L 27.0000, 55.0000, 6.0000,  27.0000, 125.0000, 6.0000,  255, 255, 0
L 27.0000, 125.0000, 6.0000,  0.0000, 125.0000, 6.0000,  255, 255, 0
L 0.0000, 125.0000, 6.0000,  0.0000, 167.0000, -211.0000,  255, 255, 0
L 0.0000, 167.0000, -211.0000,  -14.0000, 167.0000, 90.0000,  255, 255, 0
L -14.0000, 167.0000, 90.0000,  -14.0000, 181.0000, 60.0000,  255, 255, 0
L -14.0000, 181.0000, 60.0000,  27.0000, 181.0000, 6.0000,  255, 255, 0
L 27.0000, 181.0000, 6.0000,  27.0000, 195.0000, 6.0000,  255, 255, 0
L 27.0000, 195.0000, 6.0000,  13.0000, 195.0000, 6.0000,  255, 255, 0
L 13.0000, 195.0000, 6.0000,  13.0000, 237.0000, 6.0000,  255, 255, 0
L 13.0000, 237.0000, 6.0000,  55.0000, 237.0000, 6.0000,  255, 255, 0
L 55.0000, 237.0000, 6.0000,  55.0000, 195.0000, 6.0000,  255, 255, 0
L 55.0000, 195.0000, 6.0000,  41.0000, 195.0000, 6.0000,  255, 255, 0
L 41.0000, 195.0000, 6.0000,  41.0000, 181.0000, 6.0000,  255, 255, 0
L 41.0000, 181.0000, 6.0000,  83.0000, 181.0000, 6.0000,  255, 255, 0
L 83.0000, 181.0000, 6.0000,  83.0000, 111.0000, 6.0000,  255, 255, 0
L 83.0000, 111.0000, 6.0000,  97.0000, 111.0000, 6.0000,  255, 255, 0
L 97.0000, 111.0000, 6.0000,  97.0000, 167.0000, 6.0000,  255, 255, 0
L 97.0000, 167.0000, 6.0000,  111.0000, 167.0000, 6.0000,  255, 255, 0
L 111.0000, 167.0000, 6.0000,  111.0000, 97.0000, 6.0000,  255, 255, 0
L 111.0000, 97.0000, 6.0000,  83.0000, 97.0000, 6.0000,  255, 255, 0
L 83.0000, 97.0000, 6.0000,  83.0000, 69.0000, 6.0000,  255, 255, 0
L 83.0000, 69.0000, 6.0000,  97.0000, 69.0000, 6.0000,  255, 255, 0
L 0.0000, 181.0000, -553.0000,  0.0000, 167.0000, -553.0000,  255, 255, 0
L 0.0000, 167.0000, -553.0000,  -56.0000, 167.0000, -553.0000,  255, 255, 0
L -56.0000, 167.0000, -553.0000,  -56.0000, 223.0000, -553.0000,  255, 255, 0
L -56.0000, 223.0000, -553.0000,  -14.0000, 223.0000, -553.0000,  255, 255, 0
L -14.0000, 223.0000, -553.0000,  -14.0000, 181.0000, -553.0000,  255, 255, 0
L -14.0000, 181.0000, -553.0000,  0.0000, 181.0000, -496.0000,  255, 255, 0
L 139.0000, 125.0000, 286.0000,  125.0000, 153.0000, 286.0000,  255, 255, 0
L 125.0000, 153.0000, 286.0000,  97.0000, 153.0000, 348.0000,  255, 255, 0
L 97.0000, 153.0000, 348.0000,  97.0000, 167.0000, 362.0000,  255, 255, 0
L 97.0000, 167.0000, 362.0000,  125.0000, 167.0000, 286.0000,  255, 255, 0
L 125.0000, 167.0000, 286.0000,  139.0000, 195.0000, 286.0000,  255, 255, 0
L 139.0000, 195.0000, 286.0000,  153.0000, 195.0000, 286.0000,  255, 255, 0
L 153.0000, 195.0000, 286.0000,  153.0000, 209.0000, 286.0000,  255, 255, 0
L 153.0000, 209.0000, 286.0000,  181.0000, 223.0000, 286.0000,  255, 255, 0
L 181.0000, 223.0000, 286.0000,  195.0000, 223.0000, 286.0000,  255, 255, 0
L 195.0000, 223.0000, 286.0000,  223.0000, 209.0000, 286.0000,  255, 255, 0
L 223.0000, 209.0000, 286.0000,  223.0000, 195.0000, 286.0000,  255, 255, 0
L 223.0000, 195.0000, 286.0000,  237.0000, 195.0000, 286.0000,  255, 255, 0
L 237.0000, 195.0000, 286.0000,  251.0000, 167.0000, 286.0000,  255, 255, 0
L 251.0000, 167.0000, 286.0000,  251.0000, 153.0000, 286.0000,  255, 255, 0
L 251.0000, 153.0000, 286.0000,  237.0000, 125.0000, 286.0000,  255, 255, 0
L 237.0000, 125.0000, 286.0000,  223.0000, 125.0000, 286.0000,  255, 255, 0
L 223.0000, 125.0000, 286.0000,  223.0000, 111.0000, 286.0000,  255, 255, 0
L 223.0000, 111.0000, 286.0000,  195.0000, 97.0000, 286.0000,  255, 255, 0
L 195.0000, 97.0000, 286.0000,  181.0000, 97.0000, 286.0000,  255, 255, 0
L 181.0000, 97.0000, 286.0000,  153.0000, 111.0000, 286.0000,  255, 255, 0
L 153.0000, 111.0000, 286.0000,  153.0000, 125.0000, 286.0000,  255, 255, 0
L 153.0000, 125.0000, 286.0000,  139.0000, 125.0000, 286.0000,  255, 255, 0
L 209.0000, 139.0000, 6.0000,  167.0000, 139.0000, 6.0000,  255, 255, 0
L 167.0000, 139.0000, 6.0000,  167.0000, 181.0000, 6.0000,  255, 255, 0
L 167.0000, 181.0000, 6.0000,  209.0000, 181.0000, 6.0000,  255, 255, 0
L 209.0000, 181.0000, 6.0000,  209.0000, 139.0000, 6.0000,  255, 255, 0
L 195.0000, 153.0000, 6.0000,  195.0000, 151.0000, 6.0000,  255, 255, 0
L 195.0000, 151.0000, 6.0000,  181.0000, 151.0000, 6.0000,  255, 255, 0
L 181.0000, 151.0000, 6.0000,  181.0000, 153.0000, 6.0000,  255, 255, 0
L 181.0000, 153.0000, 6.0000,  179.0000, 153.0000, 6.0000,  255, 255, 0
L 179.0000, 153.0000, 6.0000,  179.0000, 167.0000, 6.0000,  255, 255, 0
L 179.0000, 167.0000, 6.0000,  181.0000, 167.0000, 6.0000,  255, 255, 0
L 181.0000, 167.0000, 6.0000,  181.0000, 169.0000, 6.0000,  255, 255, 0
L 181.0000, 169.0000, 6.0000,  195.0000, 169.0000, 6.0000,  255, 255, 0
L 195.0000, 169.0000, 6.0000,  195.0000, 167.0000, 6.0000,  255, 255, 0
L 195.0000, 167.0000, 6.0000,  197.0000, 167.0000, 6.0000,  255, 255, 0
L 197.0000, 167.0000, 6.0000,  197.0000, 153.0000, 6.0000,  255, 255, 0
L 197.0000, 153.0000, 6.0000,  195.0000, 153.0000, 6.0000,  255, 255, 0
L 195.0000, 153.0000, 5.0000,  195.0000, 153.0000, -63.0000,  255, 255, 0
L 195.0000, 153.0000, -63.0000,  181.0000, 153.0000, -221.0000,  255, 255, 0
L 181.0000, 153.0000, -221.0000,  181.0000, 167.0000, -281.0000,  255, 255, 0
L 181.0000, 167.0000, -281.0000,  195.0000, 167.0000, -350.0000,  255, 255, 0
L 195.0000, 167.0000, -350.0000,  195.0000, 153.0000, -336.0000,  255, 255, 0
L 195.0000, 167.0000, -973.0000,  195.0000, 153.0000, -973.0000,  255, 255, 0
L 195.0000, 153.0000, -973.0000,  139.0000, 153.0000, -973.0000,  255, 255, 0
L 139.0000, 153.0000, -973.0000,  139.0000, 167.0000, -973.0000,  255, 255, 0
L 139.0000, 167.0000, -973.0000,  195.0000, 167.0000, -973.0000,  255, 255, 0
L 153.0000, 209.0000, -833.0000,  153.0000, 153.0000, -779.0000,  255, 255, 0
L 153.0000, 153.0000, -779.0000,  139.0000, 153.0000, -768.0000,  255, 255, 0
L 139.0000, 153.0000, -768.0000,  139.0000, 209.0000, -810.0000,  255, 255, 0
L 139.0000, 209.0000, -810.0000,  125.0000, 209.0000, -833.0000,  255, 255, 0
L 125.0000, 209.0000, -833.0000,  125.0000, 223.0000, -833.0000,  255, 255, 0
L 125.0000, 223.0000, -833.0000,  111.0000, 223.0000, -722.0000,  255, 255, 0
L 111.0000, 223.0000, -722.0000,  111.0000, 237.0000, -1043.0000,  255, 255, 0
L 111.0000, 237.0000, -1043.0000,  97.0000, 237.0000, -1061.0000,  255, 255, 0
L 97.0000, 237.0000, -1061.0000,  97.0000, 251.0000, -1113.0000,  255, 255, 0
L 97.0000, 251.0000, -1113.0000,  83.0000, 251.0000, -1243.0000,  255, 255, 0
L 83.0000, 251.0000, -1243.0000,  83.0000, 279.0000, -1203.0000,  255, 255, 0
L 83.0000, 279.0000, -1203.0000,  97.0000, 279.0000, -1393.0000,  255, 255, 0
L 97.0000, 279.0000, -1393.0000,  97.0000, 293.0000, -1368.0000,  255, 255, 0
L 97.0000, 293.0000, -1368.0000,  83.0000, 293.0000, -833.0000,  255, 255, 0
L 83.0000, 293.0000, -833.0000,  83.0000, 307.0000, -833.0000,  255, 255, 0
L 83.0000, 307.0000, -833.0000,  111.0000, 307.0000, -831.0000,  255, 255, 0
L 111.0000, 307.0000, -831.0000,  111.0000, 311.0000, -830.0000,  255, 255, 0
L 111.0000, 311.0000, -830.0000,  111.0000, 321.0000, -833.0000,  255, 255, 0
L 111.0000, 321.0000, -833.0000,  97.0000, 321.0000, -833.0000,  255, 255, 0
L 97.0000, 321.0000, -833.0000,  97.0000, 363.0000, -833.0000,  255, 255, 0
L 97.0000, 363.0000, -833.0000,  139.0000, 363.0000, -808.0000,  255, 255, 0
L 139.0000, 363.0000, -808.0000,  139.0000, 307.0000, -893.0000,  255, 255, 0
L 139.0000, 307.0000, -893.0000,  153.0000, 307.0000, -940.0000,  255, 255, 0
L 153.0000, 307.0000, -940.0000,  153.0000, 363.0000, -833.0000,  255, 255, 0
L 153.0000, 363.0000, -833.0000,  195.0000, 363.0000, -833.0000,  255, 255, 0
L 195.0000, 363.0000, -833.0000,  195.0000, 321.0000, -833.0000,  255, 255, 0
L 195.0000, 321.0000, -833.0000,  181.0000, 321.0000, -827.0000,  255, 255, 0
L 181.0000, 321.0000, -827.0000,  181.0000, 307.0000, -810.0000,  255, 255, 0
L 181.0000, 307.0000, -810.0000,  209.0000, 307.0000, -833.0000,  255, 255, 0
L 209.0000, 307.0000, -833.0000,  209.0000, 293.0000, -833.0000,  255, 255, 0
L 209.0000, 293.0000, -833.0000,  195.0000, 293.0000, -858.0000,  255, 255, 0
L 195.0000, 293.0000, -858.0000,  195.0000, 279.0000, -926.0000,  255, 255, 0
L 195.0000, 279.0000, -926.0000,  209.0000, 279.0000, -664.0000,  255, 255, 0
L 209.0000, 279.0000, -664.0000,  209.0000, 251.0000, -662.0000,  255, 255, 0
L 209.0000, 251.0000, -662.0000,  195.0000, 251.0000, -1113.0000,  255, 255, 0
L 195.0000, 251.0000, -1113.0000,  195.0000, 237.0000, -1113.0000,  255, 255, 0
L 195.0000, 237.0000, -1113.0000,  181.0000, 237.0000, -1108.0000,  255, 255, 0
L 181.0000, 237.0000, -1108.0000,  181.0000, 223.0000, -702.0000,  255, 255, 0
L 181.0000, 223.0000, -702.0000,  167.0000, 223.0000, -833.0000,  255, 255, 0
L 167.0000, 223.0000, -833.0000,  167.0000, 209.0000, -833.0000,  255, 255, 0
L 167.0000, 209.0000, -833.0000,  153.0000, 209.0000, -833.0000,  255, 255, 0
L 83.0000, 251.0000, -1176.0000,  69.0000, 251.0000, -1113.0000,  255, 255, 0
L 69.0000, 251.0000, -1113.0000,  69.0000, 237.0000, -1113.0000,  255, 255, 0
L 69.0000, 237.0000, -1113.0000,  27.0000, 237.0000, -1113.0000,  255, 255, 0
L 27.0000, 237.0000, -1113.0000,  27.0000, 293.0000, -1100.0000,  255, 255, 0
L 27.0000, 293.0000, -1100.0000,  69.0000, 293.0000, -1113.0000,  255, 255, 0
L 69.0000, 293.0000, -1113.0000,  69.0000, 279.0000, -1113.0000,  255, 255, 0
L 69.0000, 279.0000, -1113.0000,  83.0000, 279.0000, -1171.0000,  255, 255, 0
L 83.0000, 279.0000, -1171.0000,  83.0000, 279.0000, -1393.0000,  255, 255, 0
L 83.0000, 279.0000, -1393.0000,  209.0000, 279.0000, -1393.0000,  255, 255, 0
L 209.0000, 279.0000, -1393.0000,  209.0000, 279.0000, -1163.0000,  255, 255, 0
L 209.0000, 279.0000, -1163.0000,  223.0000, 279.0000, -1113.0000,  255, 255, 0
L 223.0000, 279.0000, -1113.0000,  223.0000, 293.0000, -1113.0000,  255, 255, 0
L 223.0000, 293.0000, -1113.0000,  265.0000, 293.0000, -1113.0000,  255, 255, 0
L 265.0000, 293.0000, -1113.0000,  265.0000, 237.0000, -1108.0000,  255, 255, 0
L 265.0000, 237.0000, -1108.0000,  223.0000, 237.0000, -1113.0000,  255, 255, 0
L 223.0000, 237.0000, -1113.0000,  223.0000, 251.0000, -1113.0000,  255, 255, 0
L 223.0000, 251.0000, -1113.0000,  209.0000, 251.0000, -1142.0000,  255, 255, 0
L 195.0000, 279.0000, -1673.0000,  97.0000, 279.0000, -1662.0000,  255, 255, 0
L 97.0000, 279.0000, -1662.0000,  97.0000, 293.0000, -1666.0000,  255, 255, 0
L 97.0000, 293.0000, -1666.0000,  83.0000, 293.0000, -1673.0000,  255, 255, 0
L 83.0000, 293.0000, -1673.0000,  83.0000, 307.0000, -1673.0000,  255, 255, 0
L 83.0000, 307.0000, -1673.0000,  111.0000, 307.0000, -1673.0000,  255, 255, 0
L 111.0000, 307.0000, -1673.0000,  111.0000, 321.0000, -1673.0000,  255, 255, 0
L 111.0000, 321.0000, -1673.0000,  97.0000, 321.0000, -1673.0000,  255, 255, 0
L 97.0000, 321.0000, -1673.0000,  97.0000, 363.0000, -1673.0000,  255, 255, 0
L 97.0000, 363.0000, -1673.0000,  139.0000, 363.0000, -1673.0000,  255, 255, 0
L 139.0000, 363.0000, -1673.0000,  139.0000, 307.0000, -1664.0000,  255, 255, 0
L 139.0000, 307.0000, -1664.0000,  153.0000, 307.0000, -1673.0000,  255, 255, 0
L 153.0000, 307.0000, -1673.0000,  153.0000, 363.0000, -1673.0000,  255, 255, 0
L 153.0000, 363.0000, -1673.0000,  195.0000, 363.0000, -1673.0000,  255, 255, 0
L 195.0000, 363.0000, -1673.0000,  195.0000, 321.0000, -1673.0000,  255, 255, 0
L 195.0000, 321.0000, -1673.0000,  181.0000, 321.0000, -1673.0000,  255, 255, 0
L 181.0000, 321.0000, -1673.0000,  181.0000, 307.0000, -1673.0000,  255, 255, 0
L 181.0000, 307.0000, -1673.0000,  209.0000, 307.0000, -1670.0000,  255, 255, 0
L 209.0000, 307.0000, -1670.0000,  209.0000, 293.0000, -1628.0000,  255, 255, 0
L 209.0000, 293.0000, -1628.0000,  195.0000, 293.0000, -1652.0000,  255, 255, 0
L 195.0000, 293.0000, -1652.0000,  195.0000, 279.0000, -1673.0000,  255, 255, 0
L 195.0000, 279.0000, -1673.0000,  97.0000, 279.0000, -1662.0000,  255, 255, 0
L 97.0000, 167.0000, -693.0000,  153.0000, 167.0000, -647.0000,  0, 255, 255
L 153.0000, 167.0000, -647.0000,  153.0000, 111.0000, -693.0000,  0, 255, 255
L 153.0000, 111.0000, -693.0000,  139.0000, 111.0000, -693.0000,  0, 255, 255
L 139.0000, 111.0000, -693.0000,  139.0000, 153.0000, -779.0000,  0, 255, 255
L 139.0000, 153.0000, -779.0000,  97.0000, 153.0000, -692.0000,  0, 255, 255
L 97.0000, 153.0000, -692.0000,  97.0000, 167.0000, -693.0000,  0, 255, 255
L 125.0000, 97.0000, -553.0000,  111.0000, 97.0000, -553.0000,  0, 255, 255
L 111.0000, 97.0000, -553.0000,  111.0000, 55.0000, -553.0000,  0, 255, 255
L 111.0000, 55.0000, -553.0000,  97.0000, 55.0000, -553.0000,  0, 255, 255
L 97.0000, 55.0000, -553.0000,  97.0000, 97.0000, -553.0000,  0, 255, 255
L 97.0000, 97.0000, -553.0000,  83.0000, 97.0000, -553.0000,  0, 255, 255
L 83.0000, 97.0000, -553.0000,  83.0000, 111.0000, -553.0000,  0, 255, 255
L 83.0000, 111.0000, -553.0000,  55.0000, 111.0000, -553.0000,  0, 255, 255
L 55.0000, 111.0000, -553.0000,  55.0000, 83.0000, -553.0000,  0, 255, 255
L 55.0000, 83.0000, -553.0000,  41.0000, 83.0000, -553.0000,  0, 255, 255
L 41.0000, 83.0000, -553.0000,  41.0000, 125.0000, -553.0000,  0, 255, 255
L 41.0000, 125.0000, -553.0000,  83.0000, 125.0000, -553.0000,  0, 255, 255
L 83.0000, 125.0000, -553.0000,  83.0000, 139.0000, -553.0000,  0, 255, 255
L 83.0000, 139.0000, -553.0000,  97.0000, 139.0000, -553.0000,  0, 255, 255
L 97.0000, 139.0000, -553.0000,  97.0000, 167.0000, -506.0000,  0, 255, 255
L 97.0000, 167.0000, -506.0000,  111.0000, 167.0000, -448.0000,  0, 255, 255
L 111.0000, 167.0000, -448.0000,  111.0000, 139.0000, -553.0000,  0, 255, 255
L 111.0000, 139.0000, -553.0000,  125.0000, 139.0000, -553.0000,  0, 255, 255
L 125.0000, 139.0000, -553.0000,  125.0000, 125.0000, -553.0000,  0, 255, 255
L 125.0000, 125.0000, -553.0000,  153.0000, 125.0000, -497.0000,  0, 255, 255
L 153.0000, 125.0000, -497.0000,  153.0000, 111.0000, -592.0000,  0, 255, 255
L 153.0000, 111.0000, -592.0000,  125.0000, 111.0000, -553.0000,  0, 255, 255
L 125.0000, 111.0000, -553.0000,  125.0000, 97.0000, -553.0000,  0, 255, 255
L 167.0000, 69.0000, -205.0000,  167.0000, 55.0000, -198.0000,  153, 0, 153
L 167.0000, 55.0000, -198.0000,  97.0000, 55.0000, -223.0000,  153, 0, 153
L 97.0000, 55.0000, -223.0000,  97.0000, 69.0000, -258.0000,  153, 0, 153
L 97.0000, 69.0000, -258.0000,  167.0000, 69.0000, -230.0000,  153, 0, 153
L -28.0000, 83.0000, -273.0000,  -28.0000, 97.0000, -273.0000,  0, 255, 255
L -28.0000, 97.0000, -273.0000,  -14.0000, 111.0000, -273.0000,  0, 255, 255
L -14.0000, 111.0000, -273.0000,  0.0000, 111.0000, -273.0000,  0, 255, 255
L 0.0000, 111.0000, -273.0000,  13.0000, 97.0000, -273.0000,  0, 255, 255
L 13.0000, 97.0000, -273.0000,  55.0000, 97.0000, -291.0000,  0, 255, 255
L 55.0000, 97.0000, -291.0000,  55.0000, 83.0000, -278.0000,  0, 255, 255
L 55.0000, 83.0000, -278.0000,  13.0000, 83.0000, -273.0000,  0, 255, 255
L 13.0000, 83.0000, -273.0000,  0.0000, 69.0000, -273.0000,  0, 255, 255
L 0.0000, 69.0000, -273.0000,  -14.0000, 69.0000, -273.0000,  0, 255, 255
L -14.0000, 69.0000, -273.0000,  -28.0000, 83.0000, -273.0000,  0, 255, 255
L -28.0000, 83.0000, 286.0000,  -28.0000, 97.0000, 286.0000,  0, 0, 255
L -28.0000, 97.0000, 286.0000,  -14.0000, 111.0000, 286.0000,  0, 0, 255
L -14.0000, 111.0000, 286.0000,  13.0000, 111.0000, 286.0000,  0, 0, 255
L 13.0000, 111.0000, 286.0000,  27.0000, 97.0000, 286.0000,  0, 0, 255
L 27.0000, 97.0000, 286.0000,  27.0000, 83.0000, 286.0000,  0, 0, 255
L 27.0000, 83.0000, 286.0000,  13.0000, 69.0000, 286.0000,  0, 0, 255
L 13.0000, 69.0000, 286.0000,  13.0000, 55.0000, 286.0000,  0, 0, 255
L 13.0000, 55.0000, 286.0000,  55.0000, 13.0000, 286.0000,  0, 0, 255
L 55.0000, 13.0000, 286.0000,  69.0000, 13.0000, 286.0000,  0, 0, 255
L 69.0000, 13.0000, 286.0000,  83.0000, 27.0000, 286.0000,  0, 0, 255
L 83.0000, 27.0000, 286.0000,  97.0000, 27.0000, 286.0000,  0, 0, 255
L 97.0000, 27.0000, 286.0000,  111.0000, 13.0000, 286.0000,  0, 0, 255
L 111.0000, 13.0000, 286.0000,  111.0000, -14.0000, 286.0000,  0, 0, 255
L 111.0000, -14.0000, 286.0000,  97.0000, -28.0000, 286.0000,  0, 0, 255
L 97.0000, -28.0000, 286.0000,  83.0000, -28.0000, 286.0000,  0, 0, 255
L 83.0000, -28.0000, 286.0000,  69.0000, -14.0000, 286.0000,  0, 0, 255
L 69.0000, -14.0000, 286.0000,  55.0000, -14.0000, 286.0000,  0, 0, 255
L 55.0000, -14.0000, 286.0000,  13.0000, -56.0000, 285.0000,  0, 0, 255
L 13.0000, -56.0000, 285.0000,  13.0000, -70.0000, 286.0000,  0, 0, 255
L 13.0000, -70.0000, 286.0000,  27.0000, -84.0000, 286.0000,  0, 0, 255
L 27.0000, -84.0000, 286.0000,  27.0000, -98.0000, 286.0000,  0, 0, 255
L 27.0000, -98.0000, 286.0000,  13.0000, -112.0000, 286.0000,  0, 0, 255
L 13.0000, -112.0000, 286.0000,  -14.0000, -112.0000, 286.0000,  0, 0, 255
L -14.0000, -112.0000, 286.0000,  -28.0000, -98.0000, 286.0000,  0, 0, 255
L -28.0000, -98.0000, 286.0000,  -28.0000, -84.0000, 286.0000,  0, 0, 255
L -28.0000, -84.0000, 286.0000,  -14.0000, -70.0000, 286.0000,  0, 0, 255
L -14.0000, -70.0000, 286.0000,  -14.0000, -56.0000, 286.0000,  0, 0, 255
L -14.0000, -56.0000, 286.0000,  -56.0000, -14.0000, 286.0000,  0, 0, 255
L -56.0000, -14.0000, 286.0000,  -70.0000, -14.0000, 286.0000,  0, 0, 255
L -70.0000, -14.0000, 286.0000,  -84.0000, -28.0000, 286.0000,  0, 0, 255
L -84.0000, -28.0000, 286.0000,  -98.0000, -28.0000, 286.0000,  0, 0, 255
L -98.0000, -28.0000, 286.0000,  -112.0000, -14.0000, 286.0000,  0, 0, 255
L -112.0000, -14.0000, 286.0000,  -112.0000, 13.0000, 286.0000,  0, 0, 255
L -112.0000, 13.0000, 286.0000,  -98.0000, 27.0000, 286.0000,  0, 0, 255
L -98.0000, 27.0000, 286.0000,  -84.0000, 27.0000, 286.0000,  0, 0, 255
L -84.0000, 27.0000, 286.0000,  -70.0000, 13.0000, 286.0000,  0, 0, 255
L -70.0000, 13.0000, 286.0000,  -56.0000, 13.0000, 286.0000,  0, 0, 255
L -56.0000, 13.0000, 286.0000,  -14.0000, 55.0000, 286.0000,  0, 0, 255
L -14.0000, 55.0000, 286.0000,  -14.0000, 69.0000, 286.0000,  0, 0, 255
L -14.0000, 69.0000, 286.0000,  -28.0000, 83.0000, 286.0000,  0, 0, 255
L -42.0000, 27.0000, 26.0000,  -28.0000, 41.0000, 26.0000,  0, 0, 255
L -28.0000, 41.0000, 26.0000,  27.0000, 41.0000, 26.0000,  0, 0, 255
L 27.0000, 41.0000, 26.0000,  41.0000, 27.0000, 26.0000,  0, 0, 255
L 41.0000, 27.0000, 26.0000,  41.0000, -28.0000, 26.0000,  0, 0, 255
L 41.0000, -28.0000, 26.0000,  27.0000, -42.0000, 26.0000,  0, 0, 255
L 27.0000, -42.0000, 26.0000,  -28.0000, -42.0000, 26.0000,  0, 0, 255
L -28.0000, -42.0000, 26.0000,  -42.0000, -28.0000, 26.0000,  0, 0, 255
L -42.0000, -28.0000, 26.0000,  -42.0000, 27.0000, 26.0000,  0, 0, 255
L 13.0000, -28.0000, 6.0000,  -14.0000, -28.0000, 6.0000,  0, 0, 255
L -14.0000, -28.0000, 6.0000,  -28.0000, -14.0000, 6.0000,  0, 0, 255
L -28.0000, -14.0000, 6.0000,  -28.0000, 13.0000, 6.0000,  0, 0, 255
L -28.0000, 13.0000, 6.0000,  -14.0000, 27.0000, 6.0000,  0, 0, 255
L -14.0000, 27.0000, 6.0000,  13.0000, 27.0000, 6.0000,  0, 0, 255
L 13.0000, 27.0000, 6.0000,  27.0000, 13.0000, 6.0000,  0, 0, 255
L 27.0000, 13.0000, 6.0000,  27.0000, -14.0000, 6.0000,  0, 0, 255
L 27.0000, -14.0000, 6.0000,  13.0000, -28.0000, 6.0000,  0, 0, 255
L 0.0000, 125.0000, 845.0000,  0.0000, 83.0000, 947.0000,  0, 0, 255
L 0.0000, 83.0000, 947.0000,  13.0000, 83.0000, 797.0000,  0, 0, 255
L 13.0000, 83.0000, 797.0000,  13.0000, 111.0000, 850.0000,  0, 0, 255
L 13.0000, 111.0000, 850.0000,  41.0000, 111.0000, 845.0000,  0, 0, 255
L 41.0000, 111.0000, 845.0000,  41.0000, 153.0000, 845.0000,  0, 0, 255
L 41.0000, 153.0000, 845.0000,  55.0000, 153.0000, 845.0000,  0, 0, 255
L 55.0000, 153.0000, 845.0000,  55.0000, 195.0000, 845.0000,  0, 0, 255
L 55.0000, 195.0000, 845.0000,  13.0000, 195.0000, 845.0000,  0, 0, 255
L 13.0000, 195.0000, 845.0000,  13.0000, 153.0000, 845.0000,  0, 0, 255
L 13.0000, 153.0000, 845.0000,  27.0000, 153.0000, 845.0000,  0, 0, 255
L 27.0000, 153.0000, 845.0000,  27.0000, 125.0000, 848.0000,  0, 0, 255
L 27.0000, 125.0000, 848.0000,  0.0000, 125.0000, 845.0000,  0, 0, 255
L -40.0000, -108.0000, 3005.0000,  -40.0000, -90.0000, 3005.0000,  153, 153, 153
L -40.0000, -90.0000, 3005.0000,  -10.0000, -90.0000, 3005.0000,  153, 153, 153
L -10.0000, -90.0000, 3005.0000,  -10.0000, -70.0000, 3021.0000,  153, 153, 153
L -10.0000, -70.0000, 3021.0000,  -60.0000, -60.0000, 3085.0000,  153, 153, 153
L -60.0000, -60.0000, 3085.0000,  -28.0000, -42.0000, 2886.0000,  153, 153, 153
L -28.0000, -42.0000, 2886.0000,  -42.0000, -28.0000, 2853.0000,  153, 153, 153
L -42.0000, -28.0000, 2853.0000,  -60.0000, -60.0000, 3085.0000,  153, 153, 153
L -60.0000, -60.0000, 3085.0000,  -70.0000, -10.0000, 3005.0000,  153, 153, 153
L -70.0000, -10.0000, 3005.0000,  -110.0000, -10.0000, 3005.0000,  153, 153, 153
L -110.0000, -10.0000, 3005.0000,  -110.0000, 9.0000, 3005.0000,  153, 153, 153
L -110.0000, 9.0000, 3005.0000,  -70.0000, 9.0000, 3005.0000,  153, 153, 153
L -70.0000, 9.0000, 3005.0000,  -60.0000, 59.0000, 3085.0000,  153, 153, 153
L -60.0000, 59.0000, 3085.0000,  -42.0000, 27.0000, 3005.0000,  153, 153, 153
L -42.0000, 27.0000, 3005.0000,  -28.0000, 41.0000, 2915.0000,  153, 153, 153
L -28.0000, 41.0000, 2915.0000,  -60.0000, 59.0000, 3085.0000,  153, 153, 153
L -60.0000, 59.0000, 3085.0000,  -10.0000, 69.0000, 3005.0000,  153, 153, 153
L -10.0000, 69.0000, 3005.0000,  -10.0000, 109.0000, 3223.0000,  153, 153, 153
L -10.0000, 109.0000, 3223.0000,  9.0000, 109.0000, 3190.0000,  153, 153, 153
L 9.0000, 109.0000, 3190.0000,  9.0000, 69.0000, 3005.0000,  153, 153, 153
L 9.0000, 69.0000, 3005.0000,  59.0000, 59.0000, 3085.0000,  153, 153, 153
L 59.0000, 59.0000, 3085.0000,  27.0000, 41.0000, 3031.0000,  153, 153, 153
L 27.0000, 41.0000, 3031.0000,  39.0000, 29.0000, 3051.0000,  153, 153, 153
L 39.0000, 29.0000, 3051.0000,  59.0000, 59.0000, 3085.0000,  153, 153, 153
L 59.0000, 59.0000, 3085.0000,  69.0000, 9.0000, 3044.0000,  153, 153, 153
L 69.0000, 9.0000, 3044.0000,  109.0000, 9.0000, 3280.0000,  153, 153, 153
L 109.0000, 9.0000, 3280.0000,  109.0000, -10.0000, 3239.0000,  153, 153, 153
L 109.0000, -10.0000, 3239.0000,  69.0000, -10.0000, 3005.0000,  153, 153, 153
L 69.0000, -10.0000, 3005.0000,  59.0000, -60.0000, 3085.0000,  153, 153, 153
L 59.0000, -60.0000, 3085.0000,  41.0000, -28.0000, 3036.0000,  153, 153, 153
L 41.0000, -28.0000, 3036.0000,  27.0000, -42.0000, 3057.0000,  153, 153, 153
L 27.0000, -42.0000, 3057.0000,  59.0000, -60.0000, 3085.0000,  153, 153, 153
L 59.0000, -60.0000, 3085.0000,  9.0000, -70.0000, 3005.0000,  153, 153, 153
L 9.0000, -70.0000, 3005.0000,  9.0000, -110.0000, 3005.0000,  153, 153, 153
L 9.0000, -110.0000, 3005.0000,  -20.0000, -110.0000, 3005.0000,  153, 153, 153
L -20.0000, -110.0000, 3005.0000,  -20.0000, -113.0000, 3005.0000,  153, 153, 153
L 55.0000, -42.0000, -553.0000,  27.0000, -42.0000, -529.0000,  0, 255, 0
L 27.0000, -42.0000, -529.0000,  13.0000, -56.0000, -553.0000,  0, 255, 0
L 13.0000, -56.0000, -553.0000,  13.0000, -70.0000, -553.0000,  0, 255, 0
L 13.0000, -70.0000, -553.0000,  27.0000, -84.0000, -553.0000,  0, 255, 0
L 27.0000, -84.0000, -553.0000,  55.0000, -84.0000, -530.0000,  0, 255, 0
L 55.0000, -84.0000, -530.0000,  55.0000, -70.0000, -550.0000,  0, 255, 0
L 55.0000, -70.0000, -550.0000,  83.0000, -70.0000, -629.0000,  0, 255, 0
L 83.0000, -70.0000, -629.0000,  97.0000, -56.0000, -544.0000,  0, 255, 0
L 97.0000, -56.0000, -544.0000,  125.0000, -56.0000, -457.0000,  0, 255, 0
L 125.0000, -56.0000, -457.0000,  125.0000, -42.0000, -471.0000,  0, 255, 0
L 125.0000, -42.0000, -471.0000,  111.0000, -42.0000, -598.0000,  0, 255, 0
L 111.0000, -42.0000, -598.0000,  97.0000, -28.0000, -553.0000,  0, 255, 0
L 97.0000, -28.0000, -553.0000,  97.0000, 0.0000, -479.0000,  0, 255, 0
L 97.0000, 0.0000, -479.0000,  83.0000, 0.0000, -491.0000,  0, 255, 0
L 83.0000, 0.0000, -491.0000,  83.0000, -42.0000, -553.0000,  0, 255, 0
L 83.0000, -42.0000, -553.0000,  69.0000, -56.0000, -553.0000,  0, 255, 0
L 69.0000, -56.0000, -553.0000,  55.0000, -56.0000, -553.0000,  0, 255, 0
L 55.0000, -56.0000, -553.0000,  55.0000, -42.0000, -553.0000,  0, 255, 0
L 69.0000, -70.0000, -781.0000,  69.0000, -98.0000, -833.0000,  0, 255, 0
L 69.0000, -98.0000, -833.0000,  55.0000, -98.0000, -833.0000,  0, 255, 0
L 55.0000, -98.0000, -833.0000,  55.0000, -126.0000, -833.0000,  0, 255, 0
L 55.0000, -126.0000, -833.0000,  69.0000, -140.0000, -833.0000,  0, 255, 0
L 69.0000, -140.0000, -833.0000,  83.0000, -140.0000, -833.0000,  0, 255, 0
L 83.0000, -140.0000, -833.0000,  97.0000, -126.0000, -833.0000,  0, 255, 0
L 97.0000, -126.0000, -833.0000,  97.0000, -98.0000, -833.0000,  0, 255, 0
L 97.0000, -98.0000, -833.0000,  83.0000, -98.0000, -833.0000,  0, 255, 0
L 83.0000, -98.0000, -833.0000,  83.0000, -70.0000, -833.0000,  0, 255, 0
L 83.0000, -70.0000, -833.0000,  69.0000, -70.0000, -833.0000,  0, 255, 0
L 139.0000, -84.0000, -413.0000,  111.0000, -84.0000, -413.0000,  255, 255, 0
L 111.0000, -84.0000, -413.0000,  111.0000, -42.0000, -389.0000,  255, 255, 0
L 111.0000, -42.0000, -389.0000,  125.0000, -42.0000, -375.0000,  255, 255, 0
L 125.0000, -42.0000, -375.0000,  125.0000, -70.0000, -413.0000,  255, 255, 0
L 125.0000, -70.0000, -413.0000,  139.0000, -70.0000, -406.0000,  255, 255, 0
L 139.0000, -70.0000, -406.0000,  139.0000, -84.0000, -390.0000,  255, 255, 0
L 111.0000, -112.0000, -273.0000,  111.0000, -126.0000, -273.0000,  0, 255, 0
L 111.0000, -126.0000, -273.0000,  125.0000, -126.0000, -256.0000,  0, 255, 0
L 125.0000, -126.0000, -256.0000,  139.0000, -140.0000, -273.0000,  0, 255, 0
L 139.0000, -140.0000, -273.0000,  139.0000, -154.0000, -273.0000,  0, 255, 0
L 139.0000, -154.0000, -273.0000,  111.0000, -154.0000, -273.0000,  0, 255, 0
L 111.0000, -154.0000, -273.0000,  111.0000, -210.0000, -250.0000,  0, 255, 0
L 111.0000, -210.0000, -250.0000,  181.0000, -210.0000, -273.0000,  0, 255, 0
L 181.0000, -210.0000, -273.0000,  181.0000, -154.0000, -273.0000,  0, 255, 0
L 181.0000, -154.0000, -273.0000,  153.0000, -154.0000, -273.0000,  0, 255, 0
L 153.0000, -154.0000, -273.0000,  153.0000, -140.0000, -273.0000,  0, 255, 0
L 153.0000, -140.0000, -273.0000,  167.0000, -126.0000, -273.0000,  0, 255, 0
L 167.0000, -126.0000, -273.0000,  195.0000, -126.0000, -145.0000,  0, 255, 0
L 195.0000, -126.0000, -145.0000,  195.0000, -112.0000, -172.0000,  0, 255, 0
L 195.0000, -112.0000, -172.0000,  167.0000, -112.0000, -273.0000,  0, 255, 0
L 167.0000, -112.0000, -273.0000,  153.0000, -98.0000, -273.0000,  0, 255, 0
L 153.0000, -98.0000, -273.0000,  153.0000, -70.0000, -273.0000,  0, 255, 0
L 153.0000, -70.0000, -273.0000,  125.0000, -70.0000, -224.0000,  0, 255, 0
L 125.0000, -70.0000, -224.0000,  125.0000, -84.0000, -214.0000,  0, 255, 0
L 125.0000, -84.0000, -214.0000,  139.0000, -84.0000, -310.0000,  0, 255, 0
L 139.0000, -84.0000, -310.0000,  139.0000, -98.0000, -273.0000,  0, 255, 0
L 139.0000, -98.0000, -273.0000,  125.0000, -112.0000, -272.0000,  0, 255, 0
L 125.0000, -112.0000, -272.0000,  111.0000, -112.0000, -273.0000,  0, 255, 0
L 153.0000, -56.0000, -689.0000,  111.0000, -56.0000, -693.0000,  0, 255, 255
L 111.0000, -56.0000, -693.0000,  111.0000, -42.0000, -693.0000,  0, 255, 255
L 111.0000, -42.0000, -693.0000,  139.0000, -42.0000, -693.0000,  0, 255, 255
L 139.0000, -42.0000, -693.0000,  139.0000, 0.0000, -693.0000,  0, 255, 255
L 139.0000, 0.0000, -693.0000,  181.0000, 0.0000, -693.0000,  0, 255, 255
L 181.0000, 0.0000, -693.0000,  181.0000, 13.0000, -693.0000,  0, 255, 255
L 181.0000, 13.0000, -693.0000,  195.0000, 27.0000, -693.0000,  0, 255, 255
L 195.0000, 27.0000, -693.0000,  237.0000, 27.0000, -693.0000,  0, 255, 255
L 237.0000, 27.0000, -693.0000,  251.0000, 13.0000, -693.0000,  0, 255, 255
L 251.0000, 13.0000, -693.0000,  251.0000, -28.0000, -693.0000,  0, 255, 255
L 251.0000, -28.0000, -693.0000,  237.0000, -42.0000, -693.0000,  0, 255, 255
L 237.0000, -42.0000, -693.0000,  195.0000, -42.0000, -693.0000,  0, 255, 255
L 195.0000, -42.0000, -693.0000,  181.0000, -28.0000, -693.0000,  0, 255, 255
L 181.0000, -28.0000, -693.0000,  181.0000, -14.0000, -693.0000,  0, 255, 255
L 181.0000, -14.0000, -693.0000,  153.0000, -14.0000, -693.0000,  0, 255, 255
L 153.0000, -14.0000, -693.0000,  153.0000, -56.0000, -693.0000,  0, 255, 255
L 237.0000, -14.0000, -802.0000,  237.0000, 0.0000, -798.0000,  0, 255, 255
L 237.0000, 0.0000, -798.0000,  223.0000, 13.0000, -786.0000,  0, 255, 255
L 223.0000, 13.0000, -786.0000,  209.0000, 13.0000, -792.0000,  0, 255, 255
L 209.0000, 13.0000, -792.0000,  195.0000, 0.0000, -739.0000,  0, 255, 255
L 195.0000, 0.0000, -739.0000,  195.0000, -14.0000, -760.0000,  0, 255, 255
L 195.0000, -14.0000, -760.0000,  209.0000, -28.0000, -793.0000,  0, 255, 255
L 209.0000, -28.0000, -793.0000,  223.0000, -28.0000, -755.0000,  0, 255, 255
L 223.0000, -28.0000, -755.0000,  237.0000, -14.0000, -782.0000,  0, 255, 255
L 195.0000, 27.0000, -1533.0000,  181.0000, 13.0000, -1533.0000,  153, 153, 153
L 181.0000, 13.0000, -1533.0000,  181.0000, -28.0000, -1533.0000,  153, 153, 153
L 181.0000, -28.0000, -1533.0000,  195.0000, -42.0000, -1533.0000,  153, 153, 153
L 195.0000, -42.0000, -1533.0000,  237.0000, -42.0000, -1532.0000,  153, 153, 153
L 237.0000, -42.0000, -1532.0000,  251.0000, -28.0000, -1506.0000,  153, 153, 153
L 251.0000, -28.0000, -1506.0000,  251.0000, 13.0000, -1533.0000,  153, 153, 153
L 251.0000, 13.0000, -1533.0000,  237.0000, 27.0000, -1533.0000,  153, 153, 153
L 237.0000, 27.0000, -1533.0000,  195.0000, 27.0000, -1533.0000,  153, 153, 153
L 209.0000, -42.0000, -1393.0000,  223.0000, -56.0000, -1393.0000,  153, 153, 153
L 223.0000, -56.0000, -1393.0000,  223.0000, -63.0000, -1393.0000,  153, 153, 153
L 223.0000, -63.0000, -1393.0000,  209.0000, -70.0000, -1393.0000,  153, 153, 153
L 209.0000, -70.0000, -1393.0000,  195.0000, -56.0000, -1393.0000,  153, 153, 153
L 195.0000, -56.0000, -1393.0000,  181.0000, -56.0000, -1393.0000,  153, 153, 153
L 181.0000, -56.0000, -1393.0000,  167.0000, -70.0000, -1393.0000,  153, 153, 153
L 167.0000, -70.0000, -1393.0000,  167.0000, -84.0000, -1385.0000,  153, 153, 153
L 167.0000, -84.0000, -1385.0000,  181.0000, -98.0000, -1393.0000,  153, 153, 153
L 181.0000, -98.0000, -1393.0000,  195.0000, -98.0000, -1393.0000,  153, 153, 153
L 195.0000, -98.0000, -1393.0000,  209.0000, -84.0000, -1393.0000,  153, 153, 153
L 209.0000, -84.0000, -1393.0000,  223.0000, -98.0000, -1393.0000,  153, 153, 153
L 223.0000, -98.0000, -1393.0000,  251.0000, -98.0000, -1393.0000,  153, 153, 153
L 251.0000, -98.0000, -1393.0000,  265.0000, -84.0000, -1393.0000,  153, 153, 153
L 265.0000, -84.0000, -1393.0000,  265.0000, -70.0000, -1393.0000,  153, 153, 153
L 265.0000, -70.0000, -1393.0000,  251.0000, -63.0000, -1393.0000,  153, 153, 153
L 251.0000, -63.0000, -1393.0000,  251.0000, -56.0000, -1393.0000,  153, 153, 153
L 251.0000, -56.0000, -1393.0000,  265.0000, -42.0000, -1393.0000,  153, 153, 153
L 265.0000, -42.0000, -1393.0000,  279.0000, -42.0000, -1393.0000,  153, 153, 153
L 279.0000, -42.0000, -1393.0000,  293.0000, -28.0000, -1370.0000,  153, 153, 153
L 293.0000, -28.0000, -1370.0000,  279.0000, -14.0000, -1393.0000,  153, 153, 153
L 279.0000, -14.0000, -1393.0000,  279.0000, 0.0000, -1393.0000,  153, 153, 153
L 279.0000, 0.0000, -1393.0000,  293.0000, 13.0000, -1374.0000,  153, 153, 153
L 293.0000, 13.0000, -1374.0000,  279.0000, 27.0000, -1393.0000,  153, 153, 153
L 279.0000, 27.0000, -1393.0000,  265.0000, 27.0000, -1366.0000,  153, 153, 153
L 265.0000, 27.0000, -1366.0000,  251.0000, 41.0000, -1393.0000,  153, 153, 153
L 251.0000, 41.0000, -1393.0000,  251.0000, 48.0000, -1393.0000,  153, 153, 153
L 251.0000, 48.0000, -1393.0000,  265.0000, 55.0000, -1393.0000,  153, 153, 153
L 265.0000, 55.0000, -1393.0000,  265.0000, 69.0000, -1377.0000,  153, 153, 153
L 265.0000, 69.0000, -1377.0000,  251.0000, 83.0000, -1393.0000,  153, 153, 153
L 251.0000, 83.0000, -1393.0000,  223.0000, 83.0000, -1393.0000,  153, 153, 153
L 223.0000, 83.0000, -1393.0000,  209.0000, 69.0000, -1393.0000,  153, 153, 153
L 209.0000, 69.0000, -1393.0000,  209.0000, 55.0000, -1393.0000,  153, 153, 153
L 209.0000, 55.0000, -1393.0000,  223.0000, 48.0000, -1393.0000,  153, 153, 153
L 223.0000, 48.0000, -1393.0000,  223.0000, 41.0000, -1393.0000,  153, 153, 153
L 223.0000, 41.0000, -1393.0000,  209.0000, 27.0000, -1393.0000,  153, 153, 153
L 293.0000, 13.0000, -1293.0000,  307.0000, 13.0000, -1253.0000,  153, 153, 153
L 307.0000, 13.0000, -1253.0000,  321.0000, 0.0000, -1253.0000,  153, 153, 153
L 321.0000, 0.0000, -1253.0000,  321.0000, -14.0000, -1253.0000,  153, 153, 153
L 321.0000, -14.0000, -1253.0000,  307.0000, -28.0000, -1253.0000,  153, 153, 153
L 307.0000, -28.0000, -1253.0000,  293.0000, -28.0000, -1367.0000,  153, 153, 153
L 307.0000, 13.0000, -1253.0000,  335.0000, 13.0000, -1113.0000,  153, 153, 153
L 335.0000, 13.0000, -1113.0000,  349.0000, 0.0000, -1113.0000,  153, 153, 153
L 349.0000, 0.0000, -1113.0000,  349.0000, -14.0000, -1113.0000,  153, 153, 153
L 349.0000, -14.0000, -1113.0000,  335.0000, -28.0000, -1113.0000,  153, 153, 153
L 335.0000, -28.0000, -1113.0000,  307.0000, -28.0000, -1247.0000,  153, 153, 153
L 223.0000, -210.0000, -833.0000,  265.0000, -210.0000, -833.0000,  153, 153, 153
L 265.0000, -210.0000, -833.0000,  265.0000, -224.0000, -833.0000,  153, 153, 153
L 265.0000, -224.0000, -833.0000,  251.0000, -238.0000, -833.0000,  153, 153, 153
L 251.0000, -238.0000, -833.0000,  251.0000, -280.0000, -833.0000,  153, 153, 153
L 251.0000, -280.0000, -833.0000,  265.0000, -294.0000, -833.0000,  153, 153, 153
L 265.0000, -294.0000, -833.0000,  307.0000, -294.0000, -833.0000,  153, 153, 153
L 307.0000, -294.0000, -833.0000,  321.0000, -280.0000, -833.0000,  153, 153, 153
L 321.0000, -280.0000, -833.0000,  321.0000, -238.0000, -833.0000,  153, 153, 153
L 321.0000, -238.0000, -833.0000,  307.0000, -224.0000, -833.0000,  153, 153, 153
L 307.0000, -224.0000, -833.0000,  307.0000, -210.0000, -833.0000,  153, 153, 153
L 307.0000, -210.0000, -833.0000,  349.0000, -210.0000, -794.0000,  153, 153, 153
L 349.0000, -210.0000, -794.0000,  349.0000, -140.0000, -833.0000,  153, 153, 153
L 349.0000, -140.0000, -833.0000,  359.0000, -140.0000, -833.0000,  153, 153, 153
L 359.0000, -140.0000, -833.0000,  359.0000, -112.0000, -833.0000,  153, 153, 153
L 359.0000, -112.0000, -833.0000,  321.0000, -112.0000, -833.0000,  153, 153, 153
L 321.0000, -112.0000, -833.0000,  321.0000, -140.0000, -833.0000,  153, 153, 153
L 321.0000, -140.0000, -833.0000,  293.0000, -140.0000, -833.0000,  153, 153, 153
L 293.0000, -140.0000, -833.0000,  293.0000, -112.0000, -783.0000,  153, 153, 153
L 293.0000, -112.0000, -783.0000,  279.0000, -112.0000, -732.0000,  153, 153, 153
L 279.0000, -112.0000, -732.0000,  279.0000, -140.0000, -833.0000,  153, 153, 153
L 279.0000, -140.0000, -833.0000,  251.0000, -140.0000, -833.0000,  153, 153, 153
L 251.0000, -140.0000, -833.0000,  251.0000, -112.0000, -833.0000,  153, 153, 153
L 251.0000, -112.0000, -833.0000,  223.0000, -112.0000, -833.0000,  153, 153, 153
L 223.0000, -112.0000, -833.0000,  223.0000, -210.0000, -833.0000,  153, 153, 153
L 265.0000, -84.0000, -1327.0000,  279.0000, -98.0000, -1253.0000,  255, 255, 0
L 279.0000, -98.0000, -1253.0000,  279.0000, -126.0000, -1253.0000,  255, 255, 0
L 279.0000, -126.0000, -1253.0000,  293.0000, -126.0000, -1253.0000,  255, 255, 0
L 293.0000, -126.0000, -1253.0000,  293.0000, -98.0000, -1253.0000,  255, 255, 0
L 293.0000, -98.0000, -1253.0000,  307.0000, -84.0000, -1253.0000,  255, 255, 0
L 307.0000, -84.0000, -1253.0000,  307.0000, -70.0000, -1253.0000,  255, 255, 0
L 307.0000, -70.0000, -1253.0000,  293.0000, -56.0000, -1253.0000,  255, 255, 0
L 293.0000, -56.0000, -1253.0000,  279.0000, -56.0000, -1253.0000,  255, 255, 0
L 279.0000, -56.0000, -1253.0000,  265.0000, -70.0000, -1296.0000,  255, 255, 0
L 209.0000, 69.0000, -1300.0000,  195.0000, 83.0000, -1253.0000,  255, 255, 0
L 195.0000, 83.0000, -1253.0000,  181.0000, 83.0000, -1253.0000,  255, 255, 0
L 181.0000, 83.0000, -1253.0000,  167.0000, 69.0000, -1253.0000,  255, 255, 0
L 167.0000, 69.0000, -1253.0000,  153.0000, 69.0000, -1253.0000,  255, 255, 0
L 153.0000, 69.0000, -1253.0000,  153.0000, 55.0000, -1253.0000,  255, 255, 0
L 153.0000, 55.0000, -1253.0000,  167.0000, 55.0000, -1253.0000,  255, 255, 0
L 167.0000, 55.0000, -1253.0000,  181.0000, 41.0000, -1250.0000,  255, 255, 0
L 181.0000, 41.0000, -1250.0000,  195.0000, 41.0000, -1253.0000,  255, 255, 0
L 195.0000, 41.0000, -1253.0000,  209.0000, 55.0000, -1288.0000,  255, 255, 0
L 265.0000, 55.0000, -1294.0000,  279.0000, 41.0000, -1253.0000,  255, 255, 0
L 279.0000, 41.0000, -1253.0000,  293.0000, 41.0000, -1253.0000,  255, 255, 0
L 293.0000, 41.0000, -1253.0000,  307.0000, 55.0000, -1253.0000,  255, 255, 0
L 307.0000, 55.0000, -1253.0000,  307.0000, 69.0000, -1253.0000,  255, 255, 0
L 307.0000, 69.0000, -1253.0000,  293.0000, 83.0000, -1253.0000,  255, 255, 0
L 293.0000, 83.0000, -1253.0000,  279.0000, 83.0000, -1253.0000,  255, 255, 0
L 279.0000, 83.0000, -1253.0000,  265.0000, 69.0000, -1347.0000,  255, 255, 0
L 195.0000, -98.0000, -1306.0000,  195.0000, -112.0000, -1253.0000,  255, 255, 0
L 195.0000, -112.0000, -1253.0000,  181.0000, -112.0000, -1253.0000,  255, 255, 0
L 181.0000, -112.0000, -1253.0000,  181.0000, -98.0000, -1300.0000,  255, 255, 0
L 181.0000, -126.0000, -693.0000,  181.0000, -98.0000, -636.0000,  0, 255, 255
L 181.0000, -98.0000, -636.0000,  195.0000, -98.0000, -618.0000,  0, 255, 255
L 195.0000, -98.0000, -618.0000,  195.0000, -126.0000, -608.0000,  0, 255, 255
L 195.0000, -126.0000, -608.0000,  181.0000, -126.0000, -624.0000,  0, 255, 255
L 359.0000, -134.0000, -783.0000,  363.0000, -132.0000, -772.0000,  0, 255, 255
L 363.0000, -132.0000, -772.0000,  363.0000, -140.0000, -793.0000,  0, 255, 255
L 363.0000, -140.0000, -793.0000,  371.0000, -158.0000, -833.0000,  0, 255, 255
L 371.0000, -158.0000, -833.0000,  391.0000, -168.0000, -833.0000,  0, 255, 255
L 391.0000, -168.0000, -833.0000,  419.0000, -168.0000, -833.0000,  0, 255, 255
L 419.0000, -168.0000, -833.0000,  433.0000, -126.0000, -913.0000,  0, 255, 255
L 433.0000, -126.0000, -913.0000,  433.0000, -112.0000, -913.0000,  0, 255, 255
L 433.0000, -112.0000, -913.0000,  405.0000, -84.0000, -833.0000,  0, 255, 255
L 405.0000, -84.0000, -833.0000,  391.0000, -84.0000, -833.0000,  0, 255, 255
L 391.0000, -84.0000, -833.0000,  371.0000, -98.0000, -833.0000,  0, 255, 255
L 371.0000, -98.0000, -833.0000,  363.0000, -112.0000, -793.0000,  0, 255, 255
L 363.0000, -112.0000, -793.0000,  363.0000, -118.0000, -748.0000,  0, 255, 255
L 363.0000, -118.0000, -748.0000,  359.0000, -120.0000, -775.0000,  0, 255, 255
L 405.0000, -168.0000, -673.0000,  405.0000, -182.0000, -673.0000,  0, 255, 255
L 405.0000, -182.0000, -673.0000,  419.0000, -196.0000, -673.0000,  0, 255, 255
L 419.0000, -196.0000, -673.0000,  433.0000, -196.0000, -713.0000,  0, 255, 255
L 433.0000, -196.0000, -713.0000,  447.0000, -210.0000, -712.0000,  0, 255, 255
L 447.0000, -210.0000, -712.0000,  461.0000, -210.0000, -692.0000,  0, 255, 255
L 461.0000, -210.0000, -692.0000,  475.0000, -196.0000, -713.0000,  0, 255, 255
L 475.0000, -196.0000, -713.0000,  475.0000, -182.0000, -713.0000,  0, 255, 255
L 475.0000, -182.0000, -713.0000,  461.0000, -168.0000, -713.0000,  0, 255, 255
L 461.0000, -168.0000, -713.0000,  447.0000, -168.0000, -713.0000,  0, 255, 255
L 447.0000, -168.0000, -713.0000,  433.0000, -182.0000, -713.0000,  0, 255, 255
L 433.0000, -182.0000, -713.0000,  419.0000, -168.0000, -703.0000,  0, 255, 255
L 433.0000, -126.0000, -913.0000,  447.0000, -140.0000, -913.0000,  0, 255, 255
L 447.0000, -140.0000, -913.0000,  461.0000, -140.0000, -913.0000,  0, 255, 255
L 461.0000, -140.0000, -913.0000,  475.0000, -126.0000, -913.0000,  0, 255, 255
L 475.0000, -126.0000, -913.0000,  461.0000, -98.0000, -913.0000,  0, 255, 255
L 461.0000, -98.0000, -913.0000,  447.0000, -98.0000, -913.0000,  0, 255, 255
L 447.0000, -98.0000, -913.0000,  433.0000, -112.0000, -913.0000,  0, 255, 255
L 461.0000, -140.0000, -912.0000,  475.0000, -154.0000, -873.0000,  0, 255, 255
L 475.0000, -154.0000, -873.0000,  489.0000, -154.0000, -873.0000,  0, 255, 255
L 489.0000, -154.0000, -873.0000,  489.0000, -140.0000, -873.0000,  0, 255, 255
L 489.0000, -140.0000, -873.0000,  503.0000, -140.0000, -873.0000,  0, 255, 255
L 503.0000, -140.0000, -873.0000,  517.0000, -126.0000, -873.0000,  0, 255, 255
L 517.0000, -126.0000, -873.0000,  475.0000, -126.0000, -913.0000,  0, 255, 255
L 503.0000, -140.0000, -775.0000,  517.0000, -154.0000, -773.0000,  0, 255, 255
L 517.0000, -154.0000, -773.0000,  503.0000, -168.0000, -773.0000,  0, 255, 255
L 503.0000, -168.0000, -773.0000,  503.0000, -182.0000, -773.0000,  0, 255, 255
L 503.0000, -182.0000, -773.0000,  517.0000, -196.0000, -773.0000,  0, 255, 255
L 517.0000, -196.0000, -773.0000,  531.0000, -196.0000, -773.0000,  0, 255, 255
L 531.0000, -196.0000, -773.0000,  545.0000, -182.0000, -773.0000,  0, 255, 255
L 545.0000, -182.0000, -773.0000,  545.0000, -168.0000, -773.0000,  0, 255, 255
L 545.0000, -168.0000, -773.0000,  531.0000, -154.0000, -773.0000,  0, 255, 255
L 531.0000, -154.0000, -773.0000,  517.0000, -154.0000, -773.0000,  0, 255, 255
L 531.0000, -154.0000, -773.0000,  531.0000, -140.0000, -713.0000,  0, 255, 255
L 531.0000, -140.0000, -713.0000,  517.0000, -126.0000, -873.0000,  0, 255, 255
L 447.0000, -98.0000, -891.0000,  447.0000, -70.0000, -833.0000,  0, 255, 255
L 447.0000, -70.0000, -833.0000,  461.0000, -56.0000, -833.0000,  0, 255, 255
L 461.0000, -56.0000, -833.0000,  475.0000, -56.0000, -913.0000,  0, 255, 255
L 475.0000, -56.0000, -913.0000,  475.0000, -70.0000, -913.0000,  0, 255, 255
L 475.0000, -70.0000, -913.0000,  489.0000, -84.0000, -913.0000,  0, 255, 255
L 489.0000, -84.0000, -913.0000,  503.0000, -84.0000, -913.0000,  0, 255, 255
L 503.0000, -84.0000, -913.0000,  517.0000, -70.0000, -913.0000,  0, 255, 255
L 517.0000, -70.0000, -913.0000,  517.0000, -56.0000, -913.0000,  0, 255, 255
L 517.0000, -56.0000, -913.0000,  503.0000, -42.0000, -913.0000,  0, 255, 255
L 503.0000, -42.0000, -913.0000,  489.0000, -42.0000, -913.0000,  0, 255, 255
L 489.0000, -42.0000, -913.0000,  475.0000, -56.0000, -913.0000,  0, 255, 255
L 475.0000, -70.0000, -913.0000,  461.0000, -84.0000, -833.0000,  0, 255, 255
L 461.0000, -84.0000, -833.0000,  461.0000, -98.0000, -874.0000,  0, 255, 255
P -26.9627, -100.1855, 299.8779,  240, 127, 0,  2,  To_Dagnors
P -100.0000, -14.0000, 0.0000,  255, 255, 255,  2,  Succor
P 240.0000, 450.0000, 0.0000,  255, 255, 255,  2,  Use
