L 89, -31, 2, 88, -79, 2, 0, 0, 0
L 90, -30, 2, 89, -31, 2, 0, 0, 0
L 90, -24, 2, 90, -30, 2, 0, 0, 0
L 89, -23, 2, 90, -24, 2, 0, 0, 0
L 89, -11, 2, 89, -23, 2, 0, 0, 0
L -101, -15, -16, -101, 31, 0, 0, 0, 0
L -101, -17, -16, -101, -15, -16, 0, 0, 0
L -100, -19, -16, -101, -17, -16, 0, 0, 0
L -96, -16, -16, -100, -19, -16, 0, 0, 0
L -95, -15, -16, -96, -16, -16, 0, 0, 0
L -93, -16, -16, -95, -15, -16, 0, 0, 0
L -94, -17, -16, -93, -16, -16, 0, 0, 0
L -94, -19, -16, -94, -17, -16, 0, 0, 0
L -95, -21, -16, -94, -19, -16, 0, 0, 0
L -95, -22, -16, -95, -21, -16, 0, 0, 0
L -96, -24, -16, -95, -22, -16, 0, 0, 0
L -97, -24, -16, -96, -24, -16, 0, 0, 0
L -98, -26, -16, -97, -24, -16, 0, 0, 0
L -91, -26, -16, -101, -25, -16, 0, 0, 0
L -90, -26, -16, -91, -26, -16, 0, 0, 0
L -88, -25, -15, -90, -26, -16, 0, 0, 0
L -89, -22, -15, -88, -25, -15, 0, 0, 0
L -88, -20, -15, -89, -22, -15, 0, 0, 0
L -88, -17, -16, -88, -20, -15, 0, 0, 0
L -88, -16, -16, -88, -17, -16, 0, 0, 0
L -84, -20, -16, -88, -16, -16, 0, 0, 0
L -83, -22, -16, -84, -20, -16, 0, 0, 0
L -83, -23, -16, -83, -22, -16, 0, 0, 0
L -82, -25, -16, -83, -23, -16, 0, 0, 0
L -81, -26, -16, -82, -25, -16, 0, 0, 0
L -83, -26, -16, -81, -26, -16, 0, 0, 0
L -76, -26, -16, -83, -26, -16, 0, 0, 0
L -75, -25, -14, -76, -26, -16, 0, 0, 0
L -76, -19, -12, -75, -25, -14, 0, 0, 0
L -76, -17, -12, -76, -19, -12, 0, 0, 0
L -76, -16, -11, -76, -17, -12, 0, 0, 0
L -76, -14, -11, -76, -16, -11, 0, 0, 0
L -75, -13, -10, -76, -14, -11, 0, 0, 0
L -75, -9, -9, -75, -13, -10, 0, 0, 0
L -75, -7, -8, -75, -9, -9, 0, 0, 0
L -76, -5, -7, -75, -7, -8, 0, 0, 0
L -76, -3, -6, -76, -5, -7, 0, 0, 0
L -75, -2, -6, -76, -3, -6, 0, 0, 0
L -75, 21, 0, -75, -2, -6, 0, 0, 0
L -75, 23, 0, -75, 21, 0, 0, 0, 0
L -273, 30, 0, -273, 38, 0, 0, 0, 0
L -274, 28, 0, -273, 30, 0, 0, 0, 0
L -276, 27, 0, -274, 28, 0, 0, 0, 0
L -277, 26, 0, -276, 27, 0, 0, 0, 0
L -291, 26, 0, -277, 26, 0, 0, 0, 0
L -291, 13, 0, -291, 26, 0, 0, 0, 0
L -292, 12, 0, -291, 13, 0, 0, 0, 0
L -293, 10, 0, -292, 12, 0, 0, 0, 0
L -294, 9, 0, -293, 10, 0, 0, 0, 0
L -298, 9, 0, -294, 9, 0, 0, 0, 0
L -300, 9, 1, -298, 9, 0, 0, 0, 0
L -301, 10, 1, -300, 9, 1, 0, 0, 0
L -310, 10, 3, -301, 10, 1, 0, 0, 0
L -329, 10, 0, -310, 10, 3, 0, 0, 0
L -331, 10, 0, -329, 10, 0, 0, 0, 0
L -333, 11, 0, -331, 10, 0, 0, 0, 0
L -334, 12, 0, -333, 11, 0, 0, 0, 0
L -335, 25, 0, -334, 12, 0, 0, 0, 0
L -336, 26, 0, -335, 25, 0, 0, 0, 0
L -345, 26, 1, -336, 26, 0, 0, 0, 0
L -347, 26, 0, -345, 26, 1, 0, 0, 0
L -349, 27, 0, -347, 26, 0, 0, 0, 0
L -350, 28, 0, -349, 27, 0, 0, 0, 0
L -351, 91, 1, -350, 28, 0, 0, 0, 0
L -376, 91, 0, -351, 91, 1, 0, 0, 0
L -376, 59, 1, -376, 91, 0, 0, 0, 0
L -376, 58, 2, -376, 59, 1, 0, 0, 0
L -375, 59, 2, -376, 58, 2, 0, 0, 0
L -373, 59, 3, -375, 59, 2, 0, 0, 0
L -372, 57, 3, -373, 59, 3, 0, 0, 0
L -371, 56, 3, -372, 57, 3, 0, 0, 0
L -372, 54, 3, -371, 56, 3, 0, 0, 0
L -373, 53, 2, -372, 54, 3, 0, 0, 0
L -375, 52, 1, -373, 53, 2, 0, 0, 0
L -376, 51, 1, -375, 52, 1, 0, 0, 0
L -376, 50, 1, -376, 51, 1, 0, 0, 0
L -366, 50, 1, -376, 50, 1, 0, 0, 0
L -364, 50, 0, -366, 50, 1, 0, 0, 0
L -362, 49, 0, -364, 50, 0, 0, 0, 0
L -361, 48, 0, -362, 49, 0, 0, 0, 0
L -360, 3, 1, -361, 48, 0, 0, 0, 0
L -360, 2, 0, -360, 3, 1, 0, 0, 0
L -360, 1, 0, -360, 2, 0, 0, 0, 0
L -358, 1, 0, -360, 1, 0, 0, 0, 0
L -357, 3, 0, -358, 1, 0, 0, 0, 0
L -355, 5, 0, -357, 3, 0, 0, 0, 0
L -350, 5, 0, -355, 5, 0, 0, 0, 0
L -349, 3, 1, -350, 5, 0, 0, 0, 0
L -348, 2, 1, -349, 3, 1, 0, 0, 0
L -348, 1, 0, -348, 2, 1, 0, 0, 0
L -301, 1, 0, -348, 1, 0, 0, 0, 0
L -299, 2, 0, -301, 1, 0, 0, 0, 0
L -294, 2, 0, -299, 2, 0, 0, 0, 0
L -292, 1, 0, -294, 2, 0, 0, 0, 0
L -278, 1, 0, -292, 1, 0, 0, 0, 0
L -277, 0, 0, -278, 1, 0, 0, 0, 0
L -275, -1, 1, -277, 0, 0, 0, 0, 0
L -275, -14, 3, -275, -1, 1, 0, 0, 0
L -275, -15, 4, -275, -14, 3, 0, 0, 0
L -254, -15, 0, -275, -15, 4, 0, 0, 0
L -253, -15, 0, -254, -15, 0, 0, 0, 0
L -249, -13, 0, -253, -15, 0, 0, 0, 0
L -249, -1, 0, -249, -13, 0, 0, 0, 0
L -248, 1, 0, -249, -1, 0, 0, 0, 0
L -246, 2, 0, -248, 1, 0, 0, 0, 0
L -235, 2, 0, -246, 2, 0, 0, 0, 0
L -233, 1, 0, -235, 2, 0, 0, 0, 0
L -220, 1, 0, -233, 1, 0, 0, 0, 0
L -218, 0, 0, -220, 1, 0, 0, 0, 0
L -216, 0, 0, -218, 0, 0, 0, 0, 0
L -216, -18, 3, -216, 0, 0, 0, 0, 0
L -216, -19, 3, -216, -18, 3, 0, 0, 0
L -217, -21, 3, -216, -19, 3, 0, 0, 0
L -218, -22, 3, -217, -21, 3, 0, 0, 0
L -229, -22, 0, -218, -22, 3, 0, 0, 0
L -231, -22, 0, -229, -22, 0, 0, 0, 0
L -232, -30, 0, -231, -22, 0, 0, 0, 0
L -232, -31, 0, -232, -30, 0, 0, 0, 0
L -190, -31, 0, -232, -31, 0, 0, 0, 0
L -190, -14, 0, -190, -31, 0, 0, 0, 0
L -191, -13, 1, -190, -14, 0, 0, 0, 0
L -191, -11, 1, -191, -13, 1, 0, 0, 0
L -191, -9, 2, -191, -11, 1, 0, 0, 0
L -193, -8, 2, -191, -9, 2, 0, 0, 0
L -194, -8, 2, -193, -8, 2, 0, 0, 0
L -196, -6, 2, -194, -8, 2, 0, 0, 0
L -195, -5, 1, -196, -6, 2, 0, 0, 0
L -193, -4, 0, -195, -5, 1, 0, 0, 0
L -192, 0, 0, -193, -4, 0, 0, 0, 0
L -191, -3, 1, -192, 0, 0, 0, 0, 0
L -191, -5, 0, -191, -3, 1, 0, 0, 0
L -190, -3, 0, -191, -5, 0, 0, 0, 0
L -190, 10, 0, -190, -3, 0, 0, 0, 0
L -231, 10, 0, -190, 10, 0, 0, 0, 0
L -235, 9, 0, -231, 10, 0, 0, 0, 0
L -246, 9, 0, -235, 9, 0, 0, 0, 0
L -248, 10, 0, -246, 9, 0, 0, 0, 0
L -249, 12, 0, -248, 10, 0, 0, 0, 0
L -249, 23, 0, -249, 12, 0, 0, 0, 0
L -250, 24, 0, -249, 23, 0, 0, 0, 0
L -251, 26, 0, -250, 24, 0, 0, 0, 0
L -262, 26, 0, -251, 26, 0, 0, 0, 0
L -264, 28, 0, -262, 26, 0, 0, 0, 0
L -266, 29, 0, -264, 28, 0, 0, 0, 0
L -266, 40, 0, -266, 29, 0, 0, 0, 0
L 759, -142, -7, 759, -105, 0, 0, 0, 0
L 759, -144, -8, 759, -142, -7, 0, 0, 0
L 760, -146, -8, 759, -144, -8, 0, 0, 0
L 784, -153, -8, 760, -146, -8, 0, 0, 0
L 807, -176, -8, 784, -153, -8, 0, 0, 0
L 815, -207, -8, 807, -176, -8, 0, 0, 0
L 807, -238, -8, 815, -207, -8, 0, 0, 0
L 784, -261, -8, 807, -238, -8, 0, 0, 0
L 772, -264, -8, 784, -261, -8, 0, 0, 0
L 691, -208, -8, 699, -236, -8, 0, 0, 0
L 691, -206, -8, 691, -208, -8, 0, 0, 0
L 694, -196, -8, 691, -206, -8, 0, 0, 0
L 699, -177, -1, 694, -196, -8, 0, 0, 0
L 699, -176, -1, 699, -177, -1, 0, 0, 0
L 704, -171, -8, 699, -176, -1, 0, 0, 0
L 707, -168, -8, 704, -171, -8, 0, 0, 0
L 709, -167, -8, 707, -168, -8, 0, 0, 0
L 710, -165, -5, 709, -167, -8, 0, 0, 0
L 715, -160, 0, 710, -165, -5, 0, 0, 0
L 723, -154, -8, 715, -160, 0, 0, 0, 0
L 724, -153, -8, 723, -154, -8, 0, 0, 0
L 745, -147, -8, 724, -153, -8, 0, 0, 0
L 746, -146, -8, 745, -147, -8, 0, 0, 0
L 747, -123, 0, 746, -146, -8, 0, 0, 0
L 747, -121, 0, 747, -123, 0, 0, 0, 0
L 746, -120, 0, 747, -121, 0, 0, 0, 0
L 714, -119, 0, 746, -120, 0, 0, 0, 0
L 712, -118, 0, 714, -119, 0, 0, 0, 0
L 711, -117, 0, 712, -118, 0, 0, 0, 0
L 706, -117, 0, 711, -117, 0, 0, 0, 0
L 704, -119, 0, 706, -117, 0, 0, 0, 0
L 704, -134, 0, 704, -119, 0, 0, 0, 0
L 673, -134, 0, 704, -134, 0, 0, 0, 0
L 671, -133, 1, 673, -134, 0, 0, 0, 0
L 670, -132, 1, 671, -133, 1, 0, 0, 0
L 667, -133, 1, 670, -132, 1, 0, 0, 0
L 665, -133, 0, 667, -133, 1, 0, 0, 0
L 664, -134, 0, 665, -133, 0, 0, 0, 0
L 666, -134, 0, 664, -134, 0, 0, 0, 0
L 628, -134, 0, 666, -134, 0, 0, 0, 0
L 627, -133, 0, 628, -134, 0, 0, 0, 0
L 628, -131, 0, 627, -133, 0, 0, 0, 0
L 628, -126, 0, 628, -131, 0, 0, 0, 0
L 627, -120, 0, 628, -126, 0, 0, 0, 0
L 626, -119, 0, 627, -120, 0, 0, 0, 0
L 613, -118, 0, 626, -119, 0, 0, 0, 0
L 611, -117, 0, 613, -118, 0, 0, 0, 0
L 611, -99, 0, 611, -117, 0, 0, 0, 0
L 612, -90, 0, 611, -99, 0, 0, 0, 0
L 612, -88, 0, 612, -90, 0, 0, 0, 0
L 610, -87, 0, 612, -88, 0, 0, 0, 0
L 580, -86, 0, 610, -87, 0, 0, 0, 0
L 579, -72, 0, 580, -86, 0, 0, 0, 0
L 579, -70, 0, 579, -72, 0, 0, 0, 0
L 577, -69, 0, 579, -70, 0, 0, 0, 0
L 567, -69, 0, 577, -69, 0, 0, 0, 0
L 566, -71, 0, 567, -69, 0, 0, 0, 0
L 759, -104, 0, 759, -108, 0, 0, 0, 0
L 728, -105, 0, 759, -104, 0, 0, 0, 0
L 724, -109, 0, 728, -105, 0, 0, 0, 0
L 717, -109, 0, 724, -109, 0, 0, 0, 0
L 715, -110, 0, 717, -109, 0, 0, 0, 0
L 710, -108, 0, 715, -110, 0, 0, 0, 0
L 709, -107, 0, 710, -108, 0, 0, 0, 0
L 706, -107, 0, 709, -107, 0, 0, 0, 0
L 704, -105, 0, 706, -107, 0, 0, 0, 0
L 704, -90, 0, 704, -105, 0, 0, 0, 0
L 674, -90, 0, 704, -90, 0, 0, 0, 0
L 672, -89, 0, 674, -90, 0, 0, 0, 0
L 672, -74, 0, 672, -89, 0, 0, 0, 0
L 669, -74, 2, 672, -74, 0, 0, 0, 0
L 667, -74, 2, 669, -74, 2, 0, 0, 0
L 664, -75, 1, 667, -74, 2, 0, 0, 0
L 662, -76, 2, 664, -75, 1, 0, 0, 0
L 659, -76, 2, 662, -76, 2, 0, 0, 0
L 657, -75, 0, 659, -76, 2, 0, 0, 0
L 656, -73, 0, 657, -75, 0, 0, 0, 0
L 656, -59, 0, 656, -73, 0, 0, 0, 0
L 655, -58, 0, 656, -59, 0, 0, 0, 0
L 655, -56, 0, 655, -58, 0, 0, 0, 0
L 656, -55, 0, 655, -56, 0, 0, 0, 0
L 663, -54, 0, 656, -55, 0, 0, 0, 0
L 668, -50, 0, 663, -54, 0, 0, 0, 0
L 669, -49, 0, 668, -50, 0, 0, 0, 0
L 664, -42, 0, 669, -49, 0, 0, 0, 0
L 625, -42, 0, 664, -42, 0, 0, 0, 0
L 623, -42, 1, 625, -42, 0, 0, 0, 0
L 622, -43, 1, 623, -42, 1, 0, 0, 0
L 618, -43, 1, 622, -43, 1, 0, 0, 0
L 617, -42, 0, 618, -43, 1, 0, 0, 0
L 580, -42, 0, 617, -42, 0, 0, 0, 0
L 579, -55, 0, 580, -42, 0, 0, 0, 0
L 579, -57, 0, 579, -55, 0, 0, 0, 0
L 578, -59, 0, 579, -57, 0, 0, 0, 0
L 567, -59, 0, 578, -59, 0, 0, 0, 0
L 566, -58, 0, 567, -59, 0, 0, 0, 0
L 551, -58, 0, 566, -58, 0, 0, 0, 0
L 549, -56, 0, 551, -58, 0, 0, 0, 0
L 549, -52, 0, 549, -56, 0, 0, 0, 0
L 549, -41, 2, 549, -52, 0, 0, 0, 0
L 549, -39, 1, 549, -41, 2, 0, 0, 0
L 551, -38, 3, 549, -39, 1, 0, 0, 0
L 560, -37, 3, 551, -38, 3, 0, 0, 0
L 562, -37, 0, 560, -37, 3, 0, 0, 0
L 563, -37, 0, 562, -37, 0, 0, 0, 0
L 563, -38, 0, 563, -37, 0, 0, 0, 0
L 565, -38, 0, 563, -38, 0, 0, 0, 0
L 565, -28, 0, 565, -38, 0, 0, 0, 0
L 564, -27, 0, 565, -28, 0, 0, 0, 0
L 562, -26, 0, 564, -27, 0, 0, 0, 0
L 521, -26, 0, 562, -26, 0, 0, 0, 0
L 521, -40, 0, 521, -26, 0, 0, 0, 0
L 518, -43, 0, 521, -40, 0, 0, 0, 0
L 508, -43, 0, 518, -43, 0, 0, 0, 0
L 506, -42, 0, 508, -43, 0, 0, 0, 0
L 506, -26, 0, 506, -42, 0, 0, 0, 0
L 476, -26, 0, 506, -26, 0, 0, 0, 0
L 474, -25, 0, 476, -26, 0, 0, 0, 0
L 474, -17, 0, 474, -25, 0, 0, 0, 0
L 470, -13, 0, 474, -17, 0, 0, 0, 0
L 470, -11, 0, 470, -13, 0, 0, 0, 0
L 471, -9, 0, 470, -11, 0, 0, 0, 0
L 472, -8, 0, 471, -9, 0, 0, 0, 0
L 474, -8, 0, 472, -8, 0, 0, 0, 0
L 474, -4, 3, 474, -8, 0, 0, 0, 0
L 474, -3, 3, 474, -4, 3, 0, 0, 0
L 473, 1, 2, 474, -3, 3, 0, 0, 0
L 472, 3, 1, 473, 1, 2, 0, 0, 0
L 463, 4, 2, 472, 3, 1, 0, 0, 0
L 461, 4, 0, 463, 4, 2, 0, 0, 0
L 458, 7, 0, 461, 4, 0, 0, 0, 0
L 458, 21, 0, 458, 7, 0, 0, 0, 0
L 457, 22, 1, 458, 21, 0, 0, 0, 0
L 381, 23, 0, 457, 22, 1, 0, 0, 0
L 382, 19, 0, 381, 23, 0, 0, 0, 0
L 381, 15, 0, 382, 19, 0, 0, 0, 0
L 381, 13, 0, 381, 15, 0, 0, 0, 0
L 382, 10, 0, 381, 13, 0, 0, 0, 0
L 382, 8, 0, 382, 10, 0, 0, 0, 0
L 381, 6, 0, 382, 8, 0, 0, 0, 0
L 379, 5, 0, 381, 6, 0, 0, 0, 0
L 376, 5, 0, 379, 5, 0, 0, 0, 0
L 521, -70, 0, 566, -71, 0, 0, 0, 0
L 521, -68, 0, 521, -70, 0, 0, 0, 0
L 520, -56, 0, 521, -68, 0, 0, 0, 0
L 519, -55, 0, 520, -56, 0, 0, 0, 0
L 518, -53, 0, 519, -55, 0, 0, 0, 0
L 507, -53, 0, 518, -53, 0, 0, 0, 0
L 506, -55, 0, 507, -53, 0, 0, 0, 0
L 506, -70, 0, 506, -55, 0, 0, 0, 0
L 479, -70, 0, 506, -70, 0, 0, 0, 0
L 475, -68, 1, 479, -70, 0, 0, 0, 0
L 474, -67, 0, 475, -68, 1, 0, 0, 0
L 469, -70, 0, 474, -67, 0, 0, 0, 0
L 445, -70, 0, 469, -70, 0, 0, 0, 0
L 445, -58, 1, 445, -70, 0, 0, 0, 0
L 445, -56, 1, 445, -58, 1, 0, 0, 0
L 444, -55, 2, 445, -56, 1, 0, 0, 0
L 432, -54, 0, 444, -55, 2, 0, 0, 0
L 430, -54, 0, 432, -54, 0, 0, 0, 0
L 429, -45, 0, 430, -54, 0, 0, 0, 0
L 430, -41, 0, 429, -45, 0, 0, 0, 0
L 429, -39, 0, 430, -41, 0, 0, 0, 0
L 428, -38, 0, 429, -39, 0, 0, 0, 0
L 414, -38, 0, 428, -38, 0, 0, 0, 0
L 413, -24, 0, 414, -38, 0, 0, 0, 0
L 412, -23, 0, 413, -24, 0, 0, 0, 0
L 382, -23, 0, 412, -23, 0, 0, 0, 0
L 382, -7, 0, 382, -23, 0, 0, 0, 0
L 380, -6, 0, 382, -7, 0, 0, 0, 0
L 379, -5, 0, 380, -6, 0, 0, 0, 0
L 376, -5, 0, 379, -5, 0, 0, 0, 0
L 190, 4, 0, 189, 5, 0, 0, 0, 0
L 191, 4, 0, 190, 4, 0, 0, 0, 0
L 194, 7, 0, 191, 4, 0, 0, 0, 0
L 194, 16, 0, 194, 7, 0, 0, 0, 0
L 200, 14, 0, 194, 16, 0, 0, 0, 0
L 204, 16, 0, 200, 14, 0, 0, 0, 0
L 205, 18, 0, 204, 16, 0, 0, 0, 0
L 206, 19, 0, 205, 18, 0, 0, 0, 0
L 206, 21, 0, 206, 19, 0, 0, 0, 0
L 205, 22, 0, 206, 21, 0, 0, 0, 0
L 222, 22, 1, 205, 22, 0, 0, 0, 0
L 224, 23, 1, 222, 22, 1, 0, 0, 0
L 237, 9, 0, 224, 23, 1, 0, 0, 0
L 239, 8, 0, 237, 9, 0, 0, 0, 0
L 240, 7, 0, 239, 8, 0, 0, 0, 0
L 263, 6, 0, 240, 7, 0, 0, 0, 0
L 272, 5, 0, 263, 6, 0, 0, 0, 0
L 274, 7, 0, 272, 5, 0, 0, 0, 0
L 274, 24, 0, 274, 7, 0, 0, 0, 0
L 287, 8, 0, 287, 24, 0, 0, 0, 0
L 288, 7, 0, 287, 8, 0, 0, 0, 0
L 320, 6, 0, 288, 7, 0, 0, 0, 0
L 337, 22, 0, 320, 6, 0, 0, 0, 0
L 367, 22, 0, 337, 22, 0, 0, 0, 0
L 367, 6, 0, 367, 22, 0, 0, 0, 0
L 369, 5, 0, 367, 6, 0, 0, 0, 0
L 372, 5, 0, 369, 5, 0, 0, 0, 0
L 369, -5, 0, 374, -5, 0, 0, 0, 0
L 367, -6, 0, 369, -5, 0, 0, 0, 0
L 367, -22, 0, 367, -6, 0, 0, 0, 0
L 353, -22, 0, 367, -22, 0, 0, 0, 0
L 319, -55, 0, 353, -22, 0, 0, 0, 0
L 319, -69, 1, 319, -55, 0, 0, 0, 0
L 319, -71, 1, 319, -69, 1, 0, 0, 0
L 288, -86, 0, 319, -71, 1, 0, 0, 0
L 273, -87, 0, 288, -86, 0, 0, 0, 0
L 242, -71, 0, 273, -87, 0, 0, 0, 0
L 242, -62, 3, 242, -71, 0, 0, 0, 0
L 242, -60, 0, 242, -62, 3, 0, 0, 0
L 242, -55, 0, 242, -60, 0, 0, 0, 0
L 231, -44, 0, 242, -55, 0, 0, 0, 0
L 231, -43, 0, 231, -44, 0, 0, 0, 0
L 230, -41, 1, 231, -43, 0, 0, 0, 0
L 229, -39, 1, 230, -41, 1, 0, 0, 0
L 227, -39, 1, 229, -39, 1, 0, 0, 0
L 225, -38, 0, 227, -39, 1, 0, 0, 0
L 209, -23, 0, 225, -38, 0, 0, 0, 0
L 194, -22, 0, 209, -23, 0, 0, 0, 0
L 194, -8, 0, 194, -22, 0, 0, 0, 0
L 193, -7, 0, 194, -8, 0, 0, 0, 0
L 192, -5, 0, 193, -7, 0, 0, 0, 0
L 0, 5, 0, -1, 6, 0, 0, 0, 0
L 6, 5, 0, 0, 5, 0, 0, 0, 0
L 7, 7, 0, 6, 5, 0, 0, 0, 0
L 7, 22, 0, 7, 7, 0, 0, 0, 0
L 20, 22, 0, 7, 22, 0, 0, 0, 0
L 22, 23, 0, 20, 22, 0, 0, 0, 0
L 49, 49, 0, 22, 23, 0, 0, 0, 0
L 52, 51, 0, 49, 49, 0, 0, 0, 0
L 55, 55, 0, 52, 51, 0, 0, 0, 0
L 55, 71, 1, 55, 55, 0, 0, 0, 0
L 84, 86, 0, 55, 71, 1, 0, 0, 0
L 86, 86, 0, 84, 86, 0, 0, 0, 0
L 101, 87, 0, 86, 86, 0, 0, 0, 0
L 130, 72, 2, 101, 87, 0, 0, 0, 0
L 131, 71, 6, 130, 72, 2, 0, 0, 0
L 132, 57, 0, 131, 71, 6, 0, 0, 0
L 132, 55, 0, 132, 57, 0, 0, 0, 0
L 163, 24, 0, 132, 55, 0, 0, 0, 0
L 163, 18, 0, 163, 24, 0, 0, 0, 0
L 165, 17, 0, 163, 18, 0, 0, 0, 0
L 167, 17, 0, 165, 17, 0, 0, 0, 0
L 169, 15, 0, 167, 17, 0, 0, 0, 0
L 171, 16, 0, 169, 15, 0, 0, 0, 0
L 172, 17, 0, 171, 16, 0, 0, 0, 0
L 173, 20, 0, 172, 17, 0, 0, 0, 0
L 174, 22, 0, 173, 20, 0, 0, 0, 0
L 179, 22, 0, 171, 22, 0, 0, 0, 0
L 180, 21, 0, 179, 22, 0, 0, 0, 0
L 179, 19, 0, 180, 21, 0, 0, 0, 0
L 177, 18, 0, 179, 19, 0, 0, 0, 0
L 177, 14, 0, 177, 18, 0, 0, 0, 0
L 178, 13, 0, 177, 14, 0, 0, 0, 0
L 180, 8, 0, 178, 13, 0, 0, 0, 0
L 181, 6, 0, 180, 8, 0, 0, 0, 0
L 182, 5, 0, 181, 6, 0, 0, 0, 0
L 190, 5, 0, 182, 5, 0, 0, 0, 0
L 188, -5, 0, 191, -5, 0, 0, 0, 0
L 182, -5, 0, 192, -5, 0, 0, 0, 0
L 180, -7, 0, 182, -5, 0, 0, 0, 0
L 180, -22, 0, 180, -7, 0, 0, 0, 0
L 152, -22, 1, 180, -22, 0, 0, 0, 0
L 150, -23, 1, 152, -22, 1, 0, 0, 0
L 137, -9, 0, 150, -23, 1, 0, 0, 0
L 134, -7, 0, 137, -9, 0, 0, 0, 0
L 102, -6, 0, 134, -7, 0, 0, 0, 0
L 100, -7, 0, 102, -6, 0, 0, 0, 0
L 100, -22, 0, 100, -7, 0, 0, 0, 0
L 99, -24, 0, 100, -22, 0, 0, 0, 0
L 98, -27, 0, 99, -24, 0, 0, 0, 0
L 98, -29, 0, 98, -27, 0, 0, 0, 0
L 100, -30, 0, 98, -29, 0, 0, 0, 0
L 100, -44, 0, 100, -30, 0, 0, 0, 0
L 88, -9, 0, 88, -11, 0, 0, 0, 0
L 86, -7, 0, 88, -9, 0, 0, 0, 0
L 54, -6, 0, 86, -7, 0, 0, 0, 0
L 37, -22, 0, 54, -6, 0, 0, 0, 0
L 7, -22, 0, 37, -22, 0, 0, 0, 0
L 7, -8, 0, 7, -22, 0, 0, 0, 0
L 6, -6, 0, 7, -8, 0, 0, 0, 0
L 4, -5, 0, 6, -6, 0, 0, 0, 0
L 0, -5, 0, 4, -5, 0, 0, 0, 0
L 0, -6, 0, 0, -5, 0, 0, 0, 0
L -74, 33, 0, -74, 25, 0, 0, 0, 0
L -81, 33, 0, -74, 33, 0, 0, 0, 0
L -83, 34, 0, -81, 33, 0, 0, 0, 0
L -83, 45, 0, -83, 34, 0, 0, 0, 0
L -82, 46, 0, -83, 45, 0, 0, 0, 0
L -82, 62, 0, -82, 46, 0, 0, 0, 0
L -81, 63, 0, -82, 62, 0, 0, 0, 0
L -63, 63, 0, -81, 63, 0, 0, 0, 0
L -62, 50, 0, -63, 63, 0, 0, 0, 0
L -63, 48, 1, -62, 50, 0, 0, 0, 0
L -62, 47, 1, -63, 48, 1, 0, 0, 0
L -61, 46, 0, -62, 47, 1, 0, 0, 0
L -61, 41, 0, -61, 46, 0, 0, 0, 0
L -62, 40, 0, -61, 41, 0, 0, 0, 0
L -62, -5, 1, -62, 40, 0, 0, 0, 0
L -62, -6, 0, -62, -5, 1, 0, 0, 0
L -1, -7, 0, -62, -6, 0, 0, 0, 0
L -31, 6, 0, -1, 7, 0, 0, 0, 0
L -33, 7, 0, -31, 6, 0, 0, 0, 0
L -34, 22, 0, -33, 7, 0, 0, 0, 0
L -46, 22, 1, -34, 22, 0, 0, 0, 0
L -47, 22, 0, -46, 22, 1, 0, 0, 0
L -49, 23, 0, -47, 22, 0, 0, 0, 0
L -50, 38, 0, -49, 23, 0, 0, 0, 0
L -51, 40, 0, -50, 38, 0, 0, 0, 0
L -51, 45, 0, -51, 40, 0, 0, 0, 0
L -50, 46, 0, -51, 45, 0, 0, 0, 0
L -50, 72, 0, -50, 46, 0, 0, 0, 0
L -55, 75, 0, -50, 72, 0, 0, 0, 0
L -56, 77, 3, -55, 75, 0, 0, 0, 0
L -57, 78, 4, -56, 77, 3, 0, 0, 0
L -58, 82, 4, -57, 78, 4, 0, 0, 0
L -59, 85, 1, -58, 82, 4, 0, 0, 0
L -59, 86, 0, -59, 85, 1, 0, 0, 0
L -57, 88, 2, -59, 86, 0, 0, 0, 0
L -56, 89, 2, -57, 88, 2, 0, 0, 0
L -54, 90, 0, -56, 89, 2, 0, 0, 0
L -51, 90, 0, -54, 90, 0, 0, 0, 0
L -50, 91, 0, -51, 90, 0, 0, 0, 0
L -63, 92, 0, -50, 91, 0, 0, 0, 0
L -67, 94, 0, -63, 92, 0, 0, 0, 0
L -67, 103, 0, -67, 94, 0, 0, 0, 0
L -66, 105, 0, -67, 103, 0, 0, 0, 0
L -95, 33, 0, -103, 33, 0, 0, 0, 0
L -93, 35, 0, -95, 33, 0, 0, 0, 0
L -93, 45, 0, -93, 35, 0, 0, 0, 0
L -94, 46, 0, -93, 45, 0, 0, 0, 0
L -94, 69, 0, -94, 46, 0, 0, 0, 0
L -92, 70, 0, -94, 69, 0, 0, 0, 0
L -91, 72, 0, -92, 70, 0, 0, 0, 0
L -91, 75, 0, -91, 72, 0, 0, 0, 0
L -95, 77, 0, -91, 75, 0, 0, 0, 0
L -84, 87, 0, -95, 77, 0, 0, 0, 0
L -79, 92, 0, -84, 87, 0, 0, 0, 0
L -77, 93, 0, -79, 92, 0, 0, 0, 0
L -77, 103, 0, -77, 93, 0, 0, 0, 0
L -78, 105, 0, -77, 103, 0, 0, 0, 0
L -79, 106, 0, -78, 105, 0, 0, 0, 0
L -94, 106, 0, -79, 106, 0, 0, 0, 0
L -95, 199, 0, -94, 106, 0, 0, 0, 0
L -70, 199, 0, -95, 199, 0, 0, 0, 0
L -63, 196, 0, -70, 199, 0, 0, 0, 0
L -61, 195, 0, -63, 196, 0, 0, 0, 0
L -57, 197, 0, -61, 195, 0, 0, 0, 0
L -57, 199, 0, -57, 197, 0, 0, 0, 0
L -49, 199, 0, -57, 199, 0, 0, 0, 0
L -47, 200, 0, -49, 199, 0, 0, 0, 0
L -46, 231, 0, -47, 200, 0, 0, 0, 0
L -31, 231, 0, -46, 231, 0, 0, 0, 0
L -29, 232, 0, -31, 231, 0, 0, 0, 0
L -29, 237, 0, -29, 232, 0, 0, 0, 0
L -66, 105, 0, -67, 104, 0, 0, 0, 0
L -64, 106, 0, -66, 105, 0, 0, 0, 0
L -50, 106, 0, -64, 106, 0, 0, 0, 0
L -50, 136, 0, -50, 106, 0, 0, 0, 0
L -49, 138, 0, -50, 136, 0, 0, 0, 0
L -34, 138, 0, -49, 138, 0, 0, 0, 0
L -34, 152, 0, -34, 138, 0, 0, 0, 0
L -32, 154, 0, -34, 152, 0, 0, 0, 0
L -15, 154, 0, -32, 154, 0, 0, 0, 0
L -14, 142, 0, -15, 154, 0, 0, 0, 0
L -10, 142, 0, -14, 142, 0, 0, 0, 0
L -8, 141, 0, -10, 142, 0, 0, 0, 0
L -6, 142, 0, -8, 141, 0, 0, 0, 0
L -2, 142, 0, -6, 142, 0, 0, 0, 0
L -2, 193, 0, -2, 142, 0, 0, 0, 0
L -6, 197, 0, -2, 193, 0, 0, 0, 0
L -2, 204, 0, -6, 197, 0, 0, 0, 0
L -2, 231, 0, -2, 204, 0, 0, 0, 0
L -17, 231, 0, -2, 231, 0, 0, 0, 0
L -19, 233, 0, -17, 231, 0, 0, 0, 0
L -19, 237, 0, -19, 233, 0, 0, 0, 0
L -18, 239, 0, -19, 237, 0, 0, 0, 0
L -264, 254, 0, -264, 223, 0, 0, 0, 0
L -263, 255, 0, -264, 254, 0, 0, 0, 0
L -248, 256, 0, -263, 255, 0, 0, 0, 0
L -252, 259, 0, -248, 256, 0, 0, 0, 0
L -252, 262, 0, -252, 259, 0, 0, 0, 0
L -249, 267, 0, -252, 262, 0, 0, 0, 0
L -248, 268, 0, -249, 267, 0, 0, 0, 0
L -248, 270, 0, -248, 268, 0, 0, 0, 0
L -247, 271, 0, -248, 270, 0, 0, 0, 0
L -245, 272, 0, -247, 271, 0, 0, 0, 0
L -233, 272, 0, -245, 272, 0, 0, 0, 0
L -230, 273, 0, -233, 272, 0, 0, 0, 0
L -226, 273, 0, -230, 273, 0, 0, 0, 0
L -224, 272, 0, -226, 273, 0, 0, 0, 0
L -223, 271, 0, -224, 272, 0, 0, 0, 0
L -223, 264, 0, -223, 271, 0, 0, 0, 0
L -164, 264, -16, -223, 264, 0, 0, 0, 0
L -162, 264, -16, -164, 264, -16, 0, 0, 0
L -162, 271, -16, -162, 264, -16, 0, 0, 0
L -160, 273, -16, -162, 271, -16, 0, 0, 0
L -149, 273, -16, -160, 273, -16, 0, 0, 0
L -148, 271, -16, -149, 273, -16, 0, 0, 0
L -148, 263, -16, -148, 271, -16, 0, 0, 0
L -89, 264, 0, -148, 263, -16, 0, 0, 0
L -87, 264, 0, -89, 264, 0, 0, 0, 0
L -87, 270, 0, -87, 264, 0, 0, 0, 0
L -86, 272, 0, -87, 270, 0, 0, 0, 0
L -85, 273, 0, -86, 272, 0, 0, 0, 0
L -81, 273, 0, -85, 273, 0, 0, 0, 0
L -80, 272, 0, -81, 273, 0, 0, 0, 0
L -33, 272, 0, -80, 272, 0, 0, 0, 0
L -31, 271, 0, -33, 272, 0, 0, 0, 0
L -31, 242, 0, -31, 271, 0, 0, 0, 0
L -29, 239, 0, -31, 242, 0, 0, 0, 0
L -29, 235, 0, -29, 239, 0, 0, 0, 0
L -18, 282, 0, -18, 239, 0, 0, 0, 0
L -19, 283, 1, -18, 282, 0, 0, 0, 0
L -20, 284, 0, -19, 283, 1, 0, 0, 0
L -74, 284, 0, -20, 284, 0, 0, 0, 0
L -80, 283, 0, -74, 284, 0, 0, 0, 0
L -86, 283, 0, -80, 283, 0, 0, 0, 0
L -87, 285, 0, -86, 283, 0, 0, 0, 0
L -87, 293, 0, -87, 285, 0, 0, 0, 0
L -146, 292, -16, -87, 293, 0, 0, 0, 0
L -148, 292, -16, -146, 292, -16, 0, 0, 0
L -148, 286, -16, -148, 292, -16, 0, 0, 0
L -149, 285, -16, -148, 286, -16, 0, 0, 0
L -150, 283, -16, -149, 285, -16, 0, 0, 0
L -158, 283, -16, -150, 283, -16, 0, 0, 0
L -159, 282, -16, -158, 283, -16, 0, 0, 0
L -162, 285, -16, -159, 282, -16, 0, 0, 0
L -162, 292, -16, -162, 285, -16, 0, 0, 0
L -216, 292, 0, -162, 292, -16, 0, 0, 0
L -218, 292, 0, -216, 292, 0, 0, 0, 0
L -221, 287, 0, -218, 292, 0, 0, 0, 0
L -222, 286, 0, -221, 287, 0, 0, 0, 0
L -224, 285, 0, -222, 286, 0, 0, 0, 0
L -225, 283, 0, -224, 285, 0, 0, 0, 0
L -229, 283, 0, -225, 283, 0, 0, 0, 0
L -231, 284, 0, -229, 283, 0, 0, 0, 0
L -274, 284, 3, -231, 284, 0, 0, 0, 0
L -276, 284, 3, -274, 284, 3, 0, 0, 0
L -277, 223, 0, -276, 284, 3, 0, 0, 0
L -264, 224, 0, -264, 229, 0, 0, 0, 0
L -265, 222, 0, -264, 224, 0, 0, 0, 0
L -265, 218, 0, -265, 222, 0, 0, 0, 0
L -264, 216, 0, -265, 218, 0, 0, 0, 0
L -263, 215, 0, -264, 216, 0, 0, 0, 0
L -248, 215, 0, -263, 215, 0, 0, 0, 0
L -248, 201, 0, -248, 215, 0, 0, 0, 0
L -218, 170, 0, -248, 201, 0, 0, 0, 0
L -218, 169, 0, -218, 170, 0, 0, 0, 0
L -214, 167, 0, -218, 169, 0, 0, 0, 0
L -199, 167, 1, -214, 167, 0, 0, 0, 0
L -184, 137, 0, -199, 167, 1, 0, 0, 0
L -184, 123, 1, -184, 137, 0, 0, 0, 0
L -184, 121, 0, -184, 123, 1, 0, 0, 0
L -198, 92, 0, -184, 121, 0, 0, 0, 0
L -199, 90, 1, -198, 92, 0, 0, 0, 0
L -205, 90, 3, -199, 90, 1, 0, 0, 0
L -207, 90, 4, -205, 90, 3, 0, 0, 0
L -208, 91, 4, -207, 90, 4, 0, 0, 0
L -210, 92, 0, -208, 91, 4, 0, 0, 0
L -213, 90, 0, -210, 92, 0, 0, 0, 0
L -215, 90, 1, -213, 90, 0, 0, 0, 0
L -225, 80, 5, -215, 90, 1, 0, 0, 0
L -226, 79, 4, -225, 80, 5, 0, 0, 0
L -228, 78, 0, -226, 79, 4, 0, 0, 0
L -226, 79, 0, -228, 78, 0, 0, 0, 0
L -247, 57, 0, -226, 79, 0, 0, 0, 0
L -249, 56, 0, -247, 57, 0, 0, 0, 0
L -250, 55, 0, -249, 56, 0, 0, 0, 0
L -252, 54, 0, -250, 55, 0, 0, 0, 0
L -254, 51, 0, -252, 54, 0, 0, 0, 0
L -254, 50, 0, -254, 51, 0, 0, 0, 0
L -252, 46, 0, -254, 50, 0, 0, 0, 0
L -251, 45, 0, -252, 46, 0, 0, 0, 0
L -249, 45, 0, -251, 45, 0, 0, 0, 0
L -248, 44, 0, -249, 45, 0, 0, 0, 0
L -248, 42, 0, -248, 44, 0, 0, 0, 0
L -262, 42, 0, -248, 42, 0, 0, 0, 0
L -263, 41, 0, -262, 42, 0, 0, 0, 0
L -265, 41, 0, -263, 41, 0, 0, 0, 0
L -265, 36, 0, -265, 41, 0, 0, 0, 0
L -275, 39, 0, -275, 32, 0, 0, 0, 0
L -276, 41, 0, -275, 39, 0, 0, 0, 0
L -278, 42, 0, -276, 41, 0, 0, 0, 0
L -292, 42, 0, -278, 42, 0, 0, 0, 0
L -292, 72, 1, -292, 42, 0, 0, 0, 0
L -285, 79, 0, -292, 72, 1, 0, 0, 0
L -277, 87, 0, -285, 79, 0, 0, 0, 0
L -276, 120, 0, -277, 87, 0, 0, 0, 0
L -278, 122, 0, -276, 120, 0, 0, 0, 0
L -293, 122, 0, -278, 122, 0, 0, 0, 0
L -295, 123, 0, -293, 122, 0, 0, 0, 0
L -298, 124, 0, -295, 123, 0, 0, 0, 0
L -302, 122, 0, -298, 124, 0, 0, 0, 0
L -302, 106, 0, -302, 122, 0, 0, 0, 0
L -314, 106, 0, -302, 106, 0, 0, 0, 0
L -318, 108, 0, -314, 106, 0, 0, 0, 0
L -320, 108, 1, -318, 108, 0, 0, 0, 0
L -323, 107, 1, -320, 108, 1, 0, 0, 0
L -325, 107, 0, -323, 107, 1, 0, 0, 0
L -327, 106, 0, -325, 107, 0, 0, 0, 0
L -347, 106, 0, -327, 106, 0, 0, 0, 0
L -349, 107, 0, -347, 106, 0, 0, 0, 0
L -350, 107, 0, -349, 107, 0, 0, 0, 0
L -354, 108, 0, -350, 107, 0, 0, 0, 0
L -356, 106, 0, -354, 108, 0, 0, 0, 0
L -385, 106, 0, -356, 106, 0, 0, 0, 0
L -387, 107, 0, -385, 106, 0, 0, 0, 0
L -389, 109, 0, -387, 107, 0, 0, 0, 0
L -390, 111, 1, -389, 109, 0, 0, 0, 0
L -393, 114, 1, -390, 111, 1, 0, 0, 0
L -395, 114, 0, -393, 114, 1, 0, 0, 0
L -401, 120, 0, -395, 114, 0, 0, 0, 0
L -403, 123, 0, -401, 120, 0, 0, 0, 0
L -413, 123, 0, -403, 123, 0, 0, 0, 0
L -275, 223, 0, -276, 224, 0, 0, 0, 0
L -275, 218, 0, -275, 223, 0, 0, 0, 0
L -276, 216, 0, -275, 218, 0, 0, 0, 0
L -278, 215, 0, -276, 216, 0, 0, 0, 0
L -292, 215, 0, -278, 215, 0, 0, 0, 0
L -292, 185, 0, -292, 215, 0, 0, 0, 0
L -277, 170, 0, -292, 185, 0, 0, 0, 0
L -276, 136, 0, -277, 170, 0, 0, 0, 0
L -277, 135, 0, -276, 136, 0, 0, 0, 0
L -290, 135, 0, -277, 135, 0, 0, 0, 0
L -295, 133, 0, -290, 135, 0, 0, 0, 0
L -299, 134, 0, -295, 133, 0, 0, 0, 0
L -300, 135, 0, -299, 134, 0, 0, 0, 0
L -347, 135, 0, -300, 135, 0, 0, 0, 0
L -347, 120, 0, -347, 135, 0, 0, 0, 0
L -349, 118, 0, -347, 120, 0, 0, 0, 0
L -354, 117, 0, -349, 118, 0, 0, 0, 0
L -355, 119, 0, -354, 117, 0, 0, 0, 0
L -371, 119, 0, -355, 119, 0, 0, 0, 0
L -372, 120, 0, -371, 119, 0, 0, 0, 0
L -373, 136, 2, -372, 120, 0, 0, 0, 0
L -372, 138, 1, -373, 136, 2, 0, 0, 0
L -369, 139, 3, -372, 138, 1, 0, 0, 0
L -367, 140, 0, -369, 139, 3, 0, 0, 0
L -363, 143, 0, -367, 140, 0, 0, 0, 0
L -362, 144, 0, -363, 143, 0, 0, 0, 0
L -362, 146, 0, -362, 144, 0, 0, 0, 0
L -364, 147, 0, -362, 146, 0, 0, 0, 0
L -371, 147, 0, -364, 147, 0, 0, 0, 0
L -372, 149, 0, -371, 147, 0, 0, 0, 0
L -372, 151, 0, -372, 149, 0, 0, 0, 0
L -401, 151, 0, -372, 151, 0, 0, 0, 0
L -401, 137, 0, -401, 151, 0, 0, 0, 0
L -402, 135, 0, -401, 137, 0, 0, 0, 0
L -403, 134, 0, -402, 135, 0, 0, 0, 0
L -413, 134, 0, -403, 134, 0, 0, 0, 0
L -491, 202, 0, -491, 208, 0, 0, 0, 0
L -492, 200, 0, -491, 202, 0, 0, 0, 0
L -493, 199, 0, -492, 200, 0, 0, 0, 0
L -509, 199, 0, -493, 199, 0, 0, 0, 0
L -524, 184, 0, -509, 199, 0, 0, 0, 0
L -524, 156, 0, -524, 184, 0, 0, 0, 0
L -524, 154, 1, -524, 156, 0, 0, 0, 0
L -523, 152, 1, -524, 154, 1, 0, 0, 0
L -523, 150, 1, -523, 152, 1, 0, 0, 0
L -524, 149, 1, -523, 150, 1, 0, 0, 0
L -524, 130, 1, -524, 149, 1, 0, 0, 0
L -523, 123, 1, -524, 130, 1, 0, 0, 0
L -523, 121, 1, -523, 123, 1, 0, 0, 0
L -524, 120, 0, -523, 121, 1, 0, 0, 0
L -524, 89, 0, -524, 120, 0, 0, 0, 0
L -509, 74, 0, -524, 89, 0, 0, 0, 0
L -454, 74, 0, -509, 74, 0, 0, 0, 0
L -453, 75, 0, -454, 74, 0, 0, 0, 0
L -452, 77, 0, -453, 75, 0, 0, 0, 0
L -451, 78, 0, -452, 77, 0, 0, 0, 0
L -449, 79, 0, -451, 78, 0, 0, 0, 0
L -448, 79, 0, -449, 79, 0, 0, 0, 0
L -446, 80, 0, -448, 79, 0, 0, 0, 0
L -444, 80, 0, -446, 80, 0, 0, 0, 0
L -443, 79, 0, -444, 80, 0, 0, 0, 0
L -442, 77, 0, -443, 79, 0, 0, 0, 0
L -442, 76, 0, -442, 77, 0, 0, 0, 0
L -443, 74, 0, -442, 76, 0, 0, 0, 0
L -431, 74, 0, -443, 74, 0, 0, 0, 0
L -416, 89, 0, -431, 74, 0, 0, 0, 0
L -415, 121, 0, -416, 89, 0, 0, 0, 0
L -414, 123, 0, -415, 121, 0, 0, 0, 0
L -414, 134, 0, -412, 134, 0, 0, 0, 0
L -415, 135, 0, -414, 134, 0, 0, 0, 0
L -416, 168, 0, -415, 135, 0, 0, 0, 0
L -431, 183, 0, -416, 168, 0, 0, 0, 0
L -447, 183, 0, -431, 183, 0, 0, 0, 0
L -462, 199, 0, -447, 183, 0, 0, 0, 0
L -479, 199, 0, -462, 199, 0, 0, 0, 0
L -481, 200, 0, -479, 199, 0, 0, 0, 0
L -481, 210, 0, -481, 200, 0, 0, 0, 0
L -480, 212, 0, -481, 210, 0, 0, 0, 0
L -479, 213, 0, -480, 212, 0, 0, 0, 0
L -476, 213, 0, -479, 213, 0, 0, 0, 0
L -491, 210, 0, -491, 207, 0, 0, 0, 0
L -492, 212, 0, -491, 210, 0, 0, 0, 0
L -494, 213, 0, -492, 212, 0, 0, 0, 0
L -509, 213, 0, -494, 213, 0, 0, 0, 0
L -520, 223, 0, -509, 213, 0, 0, 0, 0
L -521, 225, 0, -520, 223, 0, 0, 0, 0
L -520, 227, 0, -521, 225, 0, 0, 0, 0
L -526, 229, 0, -520, 227, 0, 0, 0, 0
L -541, 229, 0, -526, 229, 0, 0, 0, 0
L -556, 244, 0, -541, 229, 0, 0, 0, 0
L -556, 275, 0, -556, 244, 0, 0, 0, 0
L -557, 277, 0, -556, 275, 0, 0, 0, 0
L -558, 278, 0, -557, 277, 0, 0, 0, 0
L -562, 279, 0, -558, 278, 0, 0, 0, 0
L -480, 212, 0, -481, 214, 0, 0, 0, 0
L -479, 213, 0, -480, 212, 0, 0, 0, 0
L -463, 213, 0, -479, 213, 0, 0, 0, 0
L -448, 228, 0, -463, 213, 0, 0, 0, 0
L -448, 256, 0, -448, 228, 0, 0, 0, 0
L -448, 258, 1, -448, 256, 0, 0, 0, 0
L -449, 260, 1, -448, 258, 1, 0, 0, 0
L -449, 261, 1, -449, 260, 1, 0, 0, 0
L -448, 263, 1, -449, 261, 1, 0, 0, 0
L -448, 271, 1, -448, 263, 1, 0, 0, 0
L -449, 273, 2, -448, 271, 1, 0, 0, 0
L -449, 289, 1, -449, 273, 2, 0, 0, 0
L -449, 291, 1, -449, 289, 1, 0, 0, 0
L -448, 292, 0, -449, 291, 1, 0, 0, 0
L -448, 323, 0, -448, 292, 0, 0, 0, 0
L -462, 338, 0, -448, 323, 0, 0, 0, 0
L -484, 338, 0, -462, 338, 0, 0, 0, 0
L -489, 335, 0, -484, 338, 0, 0, 0, 0
L -490, 334, 0, -489, 335, 0, 0, 0, 0
L -494, 338, 0, -490, 334, 0, 0, 0, 0
L -519, 338, 0, -494, 338, 0, 0, 0, 0
L -522, 333, 0, -519, 338, 0, 0, 0, 0
L -524, 333, 0, -522, 333, 0, 0, 0, 0
L -525, 331, 0, -524, 333, 0, 0, 0, 0
L -529, 331, 0, -525, 331, 0, 0, 0, 0
L -530, 335, 0, -529, 331, 0, 0, 0, 0
L -530, 337, 0, -530, 335, 0, 0, 0, 0
L -529, 338, 0, -530, 337, 0, 0, 0, 0
L -541, 338, 0, -529, 338, 0, 0, 0, 0
L -556, 323, 0, -541, 338, 0, 0, 0, 0
L -557, 291, 0, -556, 323, 0, 0, 0, 0
L -558, 289, 0, -557, 291, 0, 0, 0, 0
L -559, 288, 0, -558, 289, 0, 0, 0, 0
L -563, 288, 0, -559, 288, 0, 0, 0, 0
L -564, 290, 0, -563, 288, 0, 0, 0, 0
L -611, 290, 1, -564, 290, 0, 0, 0, 0
L -611, 261, 2, -611, 290, 1, 0, 0, 0
L -604, 261, 2, -611, 261, 2, 0, 0, 0
L -599, 267, 0, -604, 261, 2, 0, 0, 0
L -598, 269, 0, -599, 267, 0, 0, 0, 0
L -596, 270, 0, -598, 269, 0, 0, 0, 0
L -595, 270, 0, -596, 270, 0, 0, 0, 0
L -587, 272, 0, -595, 270, 0, 0, 0, 0
L -584, 271, 3, -587, 272, 0, 0, 0, 0
L -583, 270, 3, -584, 271, 3, 0, 0, 0
L -581, 268, 0, -583, 270, 3, 0, 0, 0
L -581, 267, 0, -581, 268, 0, 0, 0, 0
L -579, 266, 0, -581, 267, 0, 0, 0, 0
L -578, 264, 2, -579, 266, 0, 0, 0, 0
L -576, 263, 0, -578, 264, 2, 0, 0, 0
L -576, 261, 0, -576, 263, 0, 0, 0, 0
L -566, 261, 0, -576, 261, 0, 0, 0, 0
L -566, 276, 0, -566, 261, 0, 0, 0, 0
L -563, 278, 0, -566, 276, 0, 0, 0, 0
L -560, 279, 0, -563, 278, 0, 0, 0, 0
L 785.3996, -259.3901, -7.9990,  786.8676, -257.9227, -7.9990,  0, 0, 0
L 784.1844, -260.6058, -7.9990,  785.3996, -259.3901, -7.9990,  0, 0, 0
L 760.4250, -267.2879, -6.5851,  784.1844, -260.6058, -7.9990,  0, 0, 0
L 758.7244, -267.7668, -5.2365,  760.4250, -267.2879, -6.5851,  0, 0, 0
L 752.7311, -267.3501, -3.4297,  758.7244, -267.7668, -5.2365,  0, 0, 0
L 749.7187, -267.7361, -3.4297,  752.7311, -267.3501, -3.4297,  0, 0, 0
L 748.2555, -267.9784, -7.7671,  749.7187, -267.7361, -3.4297,  0, 0, 0
L 723.6050, -261.1093, -7.9990,  748.2555, -267.9784, -7.7671,  0, 0, 0
L 721.8164, -260.6065, -7.9990,  723.6050, -261.1093, -7.9990,  0, 0, 0
L 700.7799, -239.5700, -7.9990,  721.8164, -260.6065, -7.9990,  0, 0, 0
L 699.3937, -238.1840, -7.9990,  700.7799, -239.5700, -7.9990,  0, 0, 0
L 691.9343, -211.6607, -7.9990,  699.3937, -238.1840, -7.9990,  0, 0, 0
L 691.4225, -209.8413, -7.9990,  691.9343, -211.6607, -7.9990,  0, 0, 0
L 690.9913, -205.7004, -7.9990,  691.4225, -209.8413, -7.9990,  0, 0, 0
L 99.9373, -72.9014, 0.0010,  99.9375, -71.5783, 0.0010,  0, 0, 0
L 85.7612, -79.0630, 0.0010,  87.1900, -78.5297, 0.0010,  0, 0, 0
L 35.1192, -79.0630, 0.0010,  85.7612, -79.0630, 0.0010,  0, 0, 0
L 33.4742, -79.0631, 0.0010,  35.1192, -79.0630, 0.0010,  0, 0, 0
L 31.8326, -79.3341, 0.0010,  33.4742, -79.0631, 0.0010,  0, 0, 0
L 30.3027, -79.9058, 0.0010,  31.8326, -79.3341, 0.0010,  0, 0, 0
L 28.5561, -80.1985, 1.1200,  30.3027, -79.9058, 0.0010,  0, 0, 0
L 26.4811, -80.1356, 1.5106,  28.5561, -80.1985, 1.1200,  0, 0, 0
L 24.7727, -80.2521, 1.0838,  26.4811, -80.1356, 1.5106,  0, 0, 0
L 22.9115, -80.6396, 0.0010,  24.7727, -80.2521, 1.0838,  0, 0, 0
L 22.0413, -79.2055, 0.0010,  22.9115, -80.6396, 0.0010,  0, 0, 0
L 7.8737, -79.0631, 0.0010,  22.0413, -79.2055, 0.0010,  0, 0, 0
L 6.3154, -79.0628, 0.0010,  7.8737, -79.0631, 0.0010,  0, 0, 0
L 6.0630, -92.5320, 0.0010,  6.3154, -79.0628, 0.0010,  0, 0, 0
L 5.8900, -94.2607, 0.0010,  6.0630, -92.5320, 0.0010,  0, 0, 0
L 4.3933, -95.1662, 0.0010,  5.8900, -94.2607, 0.0010,  0, 0, 0
L 3.1118, -96.5631, 0.0010,  4.3933, -95.1662, 0.0010,  0, 0, 0
L 1.1919, -96.5631, 0.0010,  3.1118, -96.5631, 0.0010,  0, 0, 0
L -0.7177, -96.5869, 0.0010,  1.1919, -96.5631, 0.0010,  0, 0, 0
L -2.2159, -96.0121, 0.0010,  -0.7177, -96.5869, 0.0010,  0, 0, 0
L -3.3032, -94.4376, 0.0010,  -2.2159, -96.0121, 0.0010,  0, 0, 0
L -3.5629, -80.7334, 0.0010,  -3.3032, -94.4376, 0.0010,  0, 0, 0
L -3.5625, -79.0625, 0.0010,  -3.5629, -80.7334, 0.0010,  0, 0, 0
L -46.2616, -79.0630, 0.0010,  -3.5625, -79.0625, 0.0010,  0, 0, 0
L -48.2162, -79.0627, 0.0010,  -46.2616, -79.0630, 0.0010,  0, 0, 0
L -48.4370, -90.1689, 0.0010,  -48.2162, -79.0627, 0.0010,  0, 0, 0
L -48.4375, -91.9375, 0.0010,  -48.4370, -90.1689, 0.0010,  0, 0, 0
L -36.2169, -91.9370, 0.0010,  -48.4375, -91.9375, 0.0010,  0, 0, 0
L -34.6877, -91.9371, 0.0010,  -36.2169, -91.9370, 0.0010,  0, 0, 0
L -32.8660, -92.4025, 0.0010,  -34.6877, -91.9371, 0.0010,  0, 0, 0
L -32.4369, -108.0291, 1.9500,  -32.8660, -92.4025, 0.0010,  0, 0, 0
L -32.4069, -109.6145, 1.9453,  -32.4369, -108.0291, 1.9500,  0, 0, 0
L -33.6759, -111.0629, 0.0010,  -32.4069, -109.6145, 1.9453,  0, 0, 0
L -45.4353, -111.0630, 0.0010,  -33.6759, -111.0629, 0.0010,  0, 0, 0
L -46.9941, -111.0630, 0.0010,  -45.4353, -111.0630, 0.0010,  0, 0, 0
L -48.5577, -111.4841, 0.0010,  -46.9941, -111.0630, 0.0010,  0, 0, 0
L -50.1741, -112.4448, 0.0010,  -48.5577, -111.4841, 0.0010,  0, 0, 0
L -54.1382, -112.6055, 0.0010,  -50.1741, -112.4448, 0.0010,  0, 0, 0
L -56.0704, -112.5567, 0.0010,  -54.1382, -112.6055, 0.0010,  0, 0, 0
L -57.7871, -112.5630, 0.0010,  -56.0704, -112.5567, 0.0010,  0, 0, 0
L -59.4488, -112.5628, 0.0010,  -57.7871, -112.5630, 0.0010,  0, 0, 0
L -61.2155, -112.0322, 0.0010,  -59.4488, -112.5628, 0.0010,  0, 0, 0
L -62.3357, -110.4101, 0.0010,  -61.2155, -112.0322, 0.0010,  0, 0, 0
L -62.5629, -105.1890, 0.0010,  -62.3357, -110.4101, 0.0010,  0, 0, 0
L -62.5627, -103.2450, 0.0010,  -62.5629, -105.1890, 0.0010,  0, 0, 0
L -69.5199, -103.0821, 0.0010,  -62.5627, -103.2450, 0.0010,  0, 0, 0
L -121.3006, -103.0630, -16.4990,  -69.5199, -103.0821, 0.0010,  0, 0, 0
L -123.2196, -103.0627, -16.4990,  -121.3006, -103.0630, -16.4990,  0, 0, 0
L -123.4370, -108.2072, -16.4990,  -123.2196, -103.0627, -16.4990,  0, 0, 0
L -123.4373, -109.9189, -16.4990,  -123.4370, -108.2072, -16.4990,  0, 0, 0
L -120.2262, -113.7264, -16.4990,  -123.4373, -109.9189, -16.4990,  0, 0, 0
L -119.2253, -114.8681, -16.4990,  -120.2262, -113.7264, -16.4990,  0, 0, 0
L -118.7791, -117.1086, -16.4990,  -119.2253, -114.8681, -16.4990,  0, 0, 0
L -119.1494, -118.8359, -16.4990,  -118.7791, -117.1086, -16.4990,  0, 0, 0
L -119.8854, -120.6677, -16.4951,  -119.1494, -118.8359, -16.4990,  0, 0, 0
L -121.2778, -121.6690, -16.4990,  -119.8854, -120.6677, -16.4951,  0, 0, 0
L -122.9716, -121.5309, -16.4990,  -121.2778, -121.6690, -16.4990,  0, 0, 0
L -123.4370, -130.0696, -16.4990,  -122.9716, -121.5309, -16.4990,  0, 0, 0
L -123.4375, -131.9375, -16.4990,  -123.4370, -130.0696, -16.4990,  0, 0, 0
L -64.8203, -131.9371, 0.0010,  -123.4375, -131.9375, -16.4990,  0, 0, 0
L -63.1076, -131.9374, 0.0010,  -64.8203, -131.9371, 0.0010,  0, 0, 0
L -62.6824, -127.1618, 0.0010,  -63.1076, -131.9374, 0.0010,  0, 0, 0
L -62.5918, -125.3327, 0.0010,  -62.6824, -127.1618, 0.0010,  0, 0, 0
L -61.6177, -124.0645, 0.0010,  -62.5918, -125.3327, 0.0010,  0, 0, 0
L -60.5481, -122.5143, 0.0010,  -61.6177, -124.0645, 0.0010,  0, 0, 0
L -57.9197, -122.4370, 0.0010,  -60.5481, -122.5143, 0.0010,  0, 0, 0
L -56.0542, -122.4763, 0.0010,  -57.9197, -122.4370, 0.0010,  0, 0, 0
L -54.4945, -121.8011, 0.0010,  -56.0542, -122.4763, 0.0010,  0, 0, 0
L -51.8932, -122.2139, 0.0010,  -54.4945, -121.8011, 0.0010,  0, 0, 0
L -50.5172, -122.4353, 0.0010,  -51.8932, -122.2139, 0.0010,  0, 0, 0
L -49.4408, -123.8852, 0.0010,  -50.5172, -122.4353, 0.0010,  0, 0, 0
L -37.5507, -123.9368, 0.0010,  -49.4408, -123.8852, 0.0010,  0, 0, 0
L -35.5591, -123.9368, 0.0010,  -37.5507, -123.9368, 0.0010,  0, 0, 0
L -34.2314, -123.7444, 0.0010,  -35.5591, -123.9368, 0.0010,  0, 0, 0
L -32.9037, -123.3594, 0.0010,  -34.2314, -123.7444, 0.0010,  0, 0, 0
L -31.5026, -123.3595, 0.0010,  -32.9037, -123.3594, 0.0010,  0, 0, 0
L -30.1380, -123.3597, 0.0132,  -31.5026, -123.3595, 0.0010,  0, 0, 0
L -28.5041, -123.6984, 0.0689,  -30.1380, -123.3597, 0.0132,  0, 0, 0
L -20.8551, -123.9368, 0.0010,  -28.5041, -123.6984, 0.0689,  0, 0, 0
L -19.4905, -123.9368, 0.0010,  -20.8551, -123.9368, 0.0010,  0, 0, 0
L -18.1260, -123.7847, 0.0010,  -19.4905, -123.9368, 0.0010,  0, 0, 0
L -16.7614, -123.3890, 0.0010,  -18.1260, -123.7847, 0.0010,  0, 0, 0
L -15.3909, -123.3641, 0.0010,  -16.7614, -123.3890, 0.0010,  0, 0, 0
L -14.0265, -123.3643, 0.0044,  -15.3909, -123.3641, 0.0010,  0, 0, 0
L -12.3334, -123.7076, 0.0655,  -14.0265, -123.3643, 0.0044,  0, 0, 0
L -5.3757, -123.9369, 0.0010,  -12.3334, -123.7076, 0.0655,  0, 0, 0
L -3.8252, -123.9372, 0.0010,  -5.3757, -123.9369, 0.0010,  0, 0, 0
L -3.5630, -111.9178, 0.0010,  -3.8252, -123.9372, 0.0010,  0, 0, 0
L -3.5628, -109.9856, 0.0010,  -3.5630, -111.9178, 0.0010,  0, 0, 0
L -2.9062, -108.1229, 0.0010,  -3.5628, -109.9856, 0.0010,  0, 0, 0
L -1.8332, -106.6277, 0.0010,  -2.9062, -108.1229, 0.0010,  0, 0, 0
L 0.9704, -106.4373, 0.0010,  -1.8332, -106.6277, 0.0010,  0, 0, 0
L 2.9266, -106.3887, 0.0010,  0.9704, -106.4373, 0.0010,  0, 0, 0
L 4.0586, -107.8884, 0.0010,  2.9266, -106.3887, 0.0010,  0, 0, 0
L 48.6774, -107.9369, 2.5099,  4.0586, -107.8884, 0.0010,  0, 0, 0
L 50.5052, -107.9373, 0.0010,  48.6774, -107.9369, 2.5099,  0, 0, 0
L 50.9370, -95.0323, 0.0010,  50.5052, -107.9373, 0.0010,  0, 0, 0
L 50.9624, -93.0549, 0.0010,  50.9370, -95.0323, 0.0010,  0, 0, 0
L 52.2410, -91.9505, 0.0010,  50.9624, -93.0549, 0.0010,  0, 0, 0
L 98.1918, -91.9369, 1.5281,  52.2410, -91.9505, 0.0010,  0, 0, 0
L 99.6885, -91.9372, 1.0831,  98.1918, -91.9369, 1.5281,  0, 0, 0
L 99.9371, -32.8758, 0.0010,  99.6885, -91.9372, 1.0831,  0, 0, 0
L 99.7240, -31.0836, 0.0010,  99.9371, -32.8758, 0.0010,  0, 0, 0
L 98.8912, -29.7320, 0.0010,  99.7240, -31.0836, 0.0010,  0, 0, 0
L 98.4374, -27.0787, 0.0010,  98.8912, -29.7320, 0.0010,  0, 0, 0
L 98.3896, -25.0852, 0.0010,  98.4374, -27.0787, 0.0010,  0, 0, 0
L 99.9375, -23.4387, 0.0010,  98.3896, -25.0852, 0.0010,  0, 0, 0
L 286.9371, 20.3024, 0.0010,  286.9374, 17.9217, 0.0010,  0, 0, 0
L 286.9373, 22.1443, 0.0010,  286.9371, 20.3024, 0.0010,  0, 0, 0
L 285.9186, 23.8509, 0.0010,  286.9373, 22.1443, 0.0010,  0, 0, 0
L 285.4371, 31.8301, 0.0010,  285.9186, 23.8509, 0.0010,  0, 0, 0
L 285.4372, 33.6883, 0.0010,  285.4371, 31.8301, 0.0010,  0, 0, 0
L 286.2026, 35.3437, 0.0010,  285.4372, 33.6883, 0.0010,  0, 0, 0
L 287.8384, 36.4500, 0.0010,  286.2026, 35.3437, 0.0010,  0, 0, 0
L 292.8184, 36.5629, 0.0010,  287.8384, 36.4500, 0.0010,  0, 0, 0
L 294.5586, 36.5627, 0.0010,  292.8184, 36.5629, 0.0010,  0, 0, 0
L 294.9373, 84.5556, -16.4990,  294.5586, 36.5627, 0.0010,  0, 0, 0
L 294.6241, 86.3646, -16.1838,  294.9373, 84.5556, -16.4990,  0, 0, 0
L 294.2078, 91.8821, -15.7271,  294.6241, 86.3646, -16.1838,  0, 0, 0
L 294.2518, 93.5701, -16.4990,  294.2078, 91.8821, -15.7271,  0, 0, 0
L 294.7621, 95.4644, -16.4990,  294.2518, 93.5701, -16.4990,  0, 0, 0
L 294.3855, 97.1412, -16.4990,  294.7621, 95.4644, -16.4990,  0, 0, 0
L 290.4112, 97.3824, -16.4990,  294.3855, 97.1412, -16.4990,  0, 0, 0
L 288.8994, 97.4010, -16.4990,  290.4112, 97.3824, -16.4990,  0, 0, 0
L 287.2585, 98.0373, -16.4990,  288.8994, 97.4010, -16.4990,  0, 0, 0
L 285.6794, 99.1030, -16.4990,  287.2585, 98.0373, -16.4990,  0, 0, 0
L 285.4370, 107.0041, -16.4990,  285.6794, 99.1030, -16.4990,  0, 0, 0
L 285.3699, 108.7924, -16.4990,  285.4370, 107.0041, -16.4990,  0, 0, 0
L 286.2866, 110.3947, -16.4990,  285.3699, 108.7924, -16.4990,  0, 0, 0
L 287.8970, 111.4849, -16.4990,  286.2866, 110.3947, -16.4990,  0, 0, 0
L 292.1520, 111.5628, -16.4990,  287.8970, 111.4849, -16.4990,  0, 0, 0
L 294.0625, 111.5628, -16.4990,  292.1520, 111.5628, -16.4990,  0, 0, 0
L 294.5433, 129.5099, -13.4139,  294.0625, 111.5628, -16.4990,  0, 0, 0
L 294.3792, 131.3837, -12.8021,  294.5433, 129.5099, -13.4139,  0, 0, 0
L 293.9072, 136.8661, -9.2556,  294.3792, 131.3837, -12.8021,  0, 0, 0
L 293.9774, 138.3562, -8.8368,  293.9072, 136.8661, -9.2556,  0, 0, 0
L 294.5741, 140.1475, -8.5513,  293.9774, 138.3562, -8.8368,  0, 0, 0
L 294.9367, 170.0738, 0.0010,  294.5741, 140.1475, -8.5513,  0, 0, 0
L 294.9372, 171.9633, 0.0010,  294.9367, 170.0738, 0.0010,  0, 0, 0
L 289.7025, 172.3819, 0.0010,  294.9372, 171.9633, 0.0010,  0, 0, 0
L 288.0720, 172.4927, 0.0010,  289.7025, 172.3819, 0.0010,  0, 0, 0
L 286.5263, 173.3849, 0.0010,  288.0720, 172.4927, 0.0010,  0, 0, 0
L 285.4371, 174.7898, 0.0010,  286.5263, 173.3849, 0.0010,  0, 0, 0
L 284.9688, 177.0238, 0.0010,  285.4371, 174.7898, 0.0010,  0, 0, 0
L 285.1636, 178.8601, 0.0010,  284.9688, 177.0238, 0.0010,  0, 0, 0
L 286.5910, 180.0193, 0.0010,  285.1636, 178.8601, 0.0010,  0, 0, 0
L 286.9369, 224.1108, 0.0010,  286.5910, 180.0193, 0.0010,  0, 0, 0
L 286.9375, 225.9375, 0.0010,  286.9369, 224.1108, 0.0010,  0, 0, 0
L 230.5345, 225.9370, 0.0010,  286.9375, 225.9375, 0.0010,  0, 0, 0
L 228.7565, 225.9371, 0.0010,  230.5345, 225.9370, 0.0010,  0, 0, 0
L 225.5620, 225.0014, 0.0010,  228.7565, 225.9371, 0.0010,  0, 0, 0
L 223.9243, 224.4714, 0.0010,  225.5620, 225.0014, 0.0010,  0, 0, 0
L 222.0138, 224.4369, 0.0010,  223.9243, 224.4714, 0.0010,  0, 0, 0
L 220.3598, 224.4327, 0.0010,  222.0138, 224.4369, 0.0010,  0, 0, 0
L 218.8423, 224.9507, 0.0010,  220.3598, 224.4327, 0.0010,  0, 0, 0
L 217.7562, 226.4818, 0.0010,  218.8423, 224.9507, 0.0010,  0, 0, 0
L 217.4372, 240.2229, 0.0010,  217.7562, 226.4818, 0.0010,  0, 0, 0
L 217.4375, 241.9375, 0.0010,  217.4372, 240.2229, 0.0010,  0, 0, 0
L 205.8314, 241.7951, 0.0010,  217.4375, 241.9375, 0.0010,  0, 0, 0
L 203.8378, 241.8471, 0.0010,  205.8314, 241.7951, 0.0010,  0, 0, 0
L 201.9937, 242.2960, 0.0010,  203.8378, 241.8471, 0.0010,  0, 0, 0
L 177.8578, 266.4317, 0.0010,  201.9937, 242.2960, 0.0010,  0, 0, 0
L 170.8887, 273.4007, 1.0770,  177.8578, 266.4317, 0.0010,  0, 0, 0
L 169.7167, 274.5282, 0.8614,  170.8887, 273.4007, 1.0770,  0, 0, 0
L 169.4372, 288.6422, 0.1872,  169.7167, 274.5282, 0.8614,  0, 0, 0
L 169.4375, 290.5339, 0.2615,  169.4372, 288.6422, 0.1872,  0, 0, 0
L 140.7914, 304.8568, 0.0010,  169.4375, 290.5339, 0.2615,  0, 0, 0
L 139.3998, 305.5526, 0.0010,  140.7914, 304.8568, 0.0010,  0, 0, 0
L 137.7736, 306.4816, 0.0010,  139.3998, 305.5526, 0.0010,  0, 0, 0
L 136.3274, 307.4614, 0.0010,  137.7736, 306.4816, 0.0010,  0, 0, 0
L 135.8625, 311.7974, 0.0010,  136.3274, 307.4614, 0.0010,  0, 0, 0
L 135.9043, 313.7260, 0.0010,  135.8625, 311.7974, 0.0010,  0, 0, 0
L 136.5555, 315.3255, 0.0010,  135.9043, 313.7260, 0.0010,  0, 0, 0
L 143.1725, 315.5629, 0.0010,  136.5555, 315.3255, 0.0010,  0, 0, 0
L 144.9839, 315.5625, 0.0010,  143.1725, 315.5629, 0.0010,  0, 0, 0
L 145.4370, 324.0503, 0.0010,  144.9839, 315.5625, 0.0010,  0, 0, 0
L 145.4370, 325.9029, 0.0010,  145.4370, 324.0503, 0.0010,  0, 0, 0
L 144.9370, 327.7520, 0.0010,  145.4370, 325.9029, 0.0010,  0, 0, 0
L 144.5305, 329.5608, 0.0010,  144.9370, 327.7520, 0.0010,  0, 0, 0
L 142.9432, 332.1370, 0.0010,  144.5305, 329.5608, 0.0010,  0, 0, 0
L 141.8974, 333.7886, 0.0010,  142.9432, 332.1370, 0.0010,  0, 0, 0
L 141.4237, 355.0941, 0.0010,  141.8974, 333.7886, 0.0010,  0, 0, 0
L 141.4420, 356.5916, 0.0010,  141.4237, 355.0941, 0.0010,  0, 0, 0
L 141.9383, 389.3553, 0.0010,  141.4420, 356.5916, 0.0010,  0, 0, 0
L 141.8774, 390.9668, 0.0010,  141.9383, 389.3553, 0.0010,  0, 0, 0
L 141.4018, 399.3734, 0.0010,  141.8774, 390.9668, 0.0010,  0, 0, 0
L 141.1698, 401.0898, 0.0010,  141.4018, 399.3734, 0.0010,  0, 0, 0
L 140.7437, 403.5691, 0.0010,  141.1698, 401.0898, 0.0010,  0, 0, 0
L 140.4719, 404.9919, 0.0010,  140.7437, 403.5691, 0.0010,  0, 0, 0
L 139.5073, 406.1409, 0.0010,  140.4719, 404.9919, 0.0010,  0, 0, 0
L 137.5866, 406.6491, 0.0010,  139.5073, 406.1409, 0.0010,  0, 0, 0
L 136.0652, 406.8469, 0.0010,  137.5866, 406.6491, 0.0010,  0, 0, 0
L 134.5337, 406.9496, 0.0010,  136.0652, 406.8469, 0.0010,  0, 0, 0
L 132.5377, 406.9706, 0.0010,  134.5337, 406.9496, 0.0010,  0, 0, 0
L 123.2645, 406.2599, 0.0010,  132.5377, 406.9706, 0.0010,  0, 0, 0
L 121.3979, 406.0232, 0.0010,  123.2645, 406.2599, 0.0010,  0, 0, 0
L 111.8926, 404.2135, 0.0010,  121.3979, 406.0232, 0.0010,  0, 0, 0
L 110.0101, 403.7909, 0.0010,  111.8926, 404.2135, 0.0010,  0, 0, 0
L 106.5669, 403.5818, 0.0034,  110.0101, 403.7909, 0.0010,  0, 0, 0
L 104.9496, 403.6126, 0.0253,  106.5669, 403.5818, 0.0034,  0, 0, 0
L 103.7686, 404.8163, 0.0010,  104.9496, 403.6126, 0.0253,  0, 0, 0
L 93.4554, 403.5590, 0.0010,  103.7686, 404.8163, 0.0010,  0, 0, 0
L 91.5235, 403.3208, 0.0010,  93.4554, 403.5590, 0.0010,  0, 0, 0
L 89.9602, 403.4617, 0.0010,  91.5235, 403.3208, 0.0010,  0, 0, 0
L 88.4854, 404.1820, 0.0041,  89.9602, 403.4617, 0.0010,  0, 0, 0
L 86.8312, 404.9736, 0.0010,  88.4854, 404.1820, 0.0041,  0, 0, 0
L 83.4325, 406.5553, 0.0010,  86.8312, 404.9736, 0.0010,  0, 0, 0
L 81.8040, 407.4139, 0.0010,  83.4325, 406.5553, 0.0010,  0, 0, 0
L 81.4370, 418.0480, 0.0010,  81.8040, 407.4139, 0.0010,  0, 0, 0
L 81.4374, 419.9278, 0.0010,  81.4370, 418.0480, 0.0010,  0, 0, 0
L 80.8886, 421.7267, 0.0010,  81.4374, 419.9278, 0.0010,  0, 0, 0
L 80.8887, 423.4565, 0.0010,  80.8886, 421.7267, 0.0010,  0, 0, 0
L 79.9434, 425.0735, 0.0010,  80.8887, 423.4565, 0.0010,  0, 0, 0
L 78.9699, 426.2469, 0.0010,  79.9434, 425.0735, 0.0010,  0, 0, 0
L 77.6273, 427.6296, 0.0010,  78.9699, 426.2469, 0.0010,  0, 0, 0
L 76.4547, 428.6514, 0.0010,  77.6273, 427.6296, 0.0010,  0, 0, 0
L 73.7137, 432.9743, 2.3179,  76.4547, 428.6514, 0.0010,  0, 0, 0
L 72.8088, 434.4429, 2.2019,  73.7137, 432.9743, 2.3179,  0, 0, 0
L 71.1803, 435.2183, 0.9395,  72.8088, 434.4429, 2.2019,  0, 0, 0
L 69.2504, 434.9169, 0.9395,  71.1803, 435.2183, 0.9395,  0, 0, 0
L 67.7722, 434.5346, 1.1280,  69.2504, 434.9169, 0.9395,  0, 0, 0
L 65.8994, 433.9045, 1.9250,  67.7722, 434.5346, 1.1280,  0, 0, 0
L 64.2174, 433.2319, 2.2905,  65.8994, 433.9045, 1.9250,  0, 0, 0
L 62.5846, 434.0531, 2.3244,  64.2174, 433.2319, 2.2905,  0, 0, 0
L 62.0671, 435.7594, 2.2959,  62.5846, 434.0531, 2.3244,  0, 0, 0
L 60.9272, 437.3998, 0.0010,  62.0671, 435.7594, 2.2959,  0, 0, 0
L 61.1641, 439.3121, 0.0366,  60.9272, 437.3998, 0.0010,  0, 0, 0
L 54.6081, 439.4370, 0.0010,  61.1641, 439.3121, 0.0366,  0, 0, 0
L 52.9241, 439.4373, 0.0010,  54.6081, 439.4370, 0.0010,  0, 0, 0
L 52.5630, 428.8984, 0.0010,  52.9241, 439.4373, 0.0010,  0, 0, 0
L 52.6660, 426.9726, 0.0010,  52.5630, 428.8984, 0.0010,  0, 0, 0
L 53.1258, 421.3227, 0.0010,  52.6660, 426.9726, 0.0010,  0, 0, 0
L 52.7377, 419.6065, 0.0010,  53.1258, 421.3227, 0.0010,  0, 0, 0
L 53.8446, 417.3891, 0.0010,  52.7377, 419.6065, 0.0010,  0, 0, 0
L 54.7109, 415.6682, 0.0010,  53.8446, 417.3891, 0.0010,  0, 0, 0
L 55.2014, 414.1845, 0.0010,  54.7109, 415.6682, 0.0010,  0, 0, 0
L 54.5298, 412.3149, 0.0010,  55.2014, 414.1845, 0.0010,  0, 0, 0
L 53.8253, 410.5232, 0.0010,  54.5298, 412.3149, 0.0010,  0, 0, 0
L 53.0802, 408.8981, 0.0010,  53.8253, 410.5232, 0.0010,  0, 0, 0
L 52.1212, 407.3487, 0.0010,  53.0802, 408.8981, 0.0010,  0, 0, 0
L 50.5114, 406.9373, 0.0010,  52.1212, 407.3487, 0.0010,  0, 0, 0
L 49.0275, 405.1174, 0.0010,  50.5114, 406.9373, 0.0010,  0, 0, 0
L 47.9254, 403.7367, 0.0010,  49.0275, 405.1174, 0.0010,  0, 0, 0
L 33.2269, 403.8561, 0.0010,  47.9254, 403.7367, 0.0010,  0, 0, 0
L 12.4622, 403.5294, 0.0010,  33.2269, 403.8561, 0.0010,  0, 0, 0
L 10.4920, 403.5004, 0.0010,  12.4622, 403.5294, 0.0010,  0, 0, 0
L 0.8876, 405.3458, 0.0010,  10.4920, 403.5004, 0.0010,  0, 0, 0
L -8.5041, 407.1263, 0.0010,  0.8876, 405.3458, 0.0010,  0, 0, 0
L -10.1532, 407.3917, 0.0010,  -8.5041, 407.1263, 0.0010,  0, 0, 0
L -10.4371, 380.6194, 2.1163,  -10.1532, 407.3917, 0.0010,  0, 0, 0
L -10.4374, 378.9081, 0.0010,  -10.4371, 380.6194, 2.1163,  0, 0, 0
L -6.2512, 378.5630, 0.0010,  -10.4374, 378.9081, 0.0010,  0, 0, 0
L 3.6447, 378.9687, 0.0010,  -6.2512, 378.5630, 0.0010,  0, 0, 0
L 12.7900, 378.5630, 0.0010,  3.6447, 378.9687, 0.0010,  0, 0, 0
L 14.7230, 378.5630, 0.0010,  12.7900, 378.5630, 0.0010,  0, 0, 0
L 16.5595, 378.7903, 0.0010,  14.7230, 378.5630, 0.0010,  0, 0, 0
L 17.9178, 379.4958, 0.0010,  16.5595, 378.7903, 0.0010,  0, 0, 0
L 19.1853, 380.2634, 0.0010,  17.9178, 379.4958, 0.0010,  0, 0, 0
L 20.7753, 381.3513, 0.0010,  19.1853, 380.2634, 0.0010,  0, 0, 0
L 22.3509, 382.1764, 0.0010,  20.7753, 381.3513, 0.0010,  0, 0, 0
L 24.1564, 382.4326, 0.0098,  22.3509, 382.1764, 0.0010,  0, 0, 0
L 33.7061, 382.2130, 0.0010,  24.1564, 382.4326, 0.0098,  0, 0, 0
L 43.6063, 382.5554, 0.0165,  33.7061, 382.2130, 0.0010,  0, 0, 0
L 57.7850, 382.5042, 0.0010,  43.6063, 382.5554, 0.0165,  0, 0, 0
L 59.6281, 382.5269, 0.0256,  57.7850, 382.5042, 0.0010,  0, 0, 0
L 61.2487, 382.2111, 0.0010,  59.6281, 382.5269, 0.0256,  0, 0, 0
L 90.7849, 382.6148, 0.0051,  61.2487, 382.2111, 0.0010,  0, 0, 0
L 92.4915, 382.6336, 0.0010,  90.7849, 382.6148, 0.0051,  0, 0, 0
L 94.7725, 382.3153, 0.0153,  92.4915, 382.6336, 0.0010,  0, 0, 0
L 97.3056, 382.0742, 0.0010,  94.7725, 382.3153, 0.0153,  0, 0, 0
L 107.2713, 382.5923, 0.0063,  97.3056, 382.0742, 0.0010,  0, 0, 0
L 109.1869, 382.6118, 0.0032,  107.2713, 382.5923, 0.0063,  0, 0, 0
L 110.8095, 381.9117, 0.0036,  109.1869, 382.6118, 0.0032,  0, 0, 0
L 112.9666, 381.8834, 0.0010,  110.8095, 381.9117, 0.0036,  0, 0, 0
L 114.5045, 381.9780, 0.0010,  112.9666, 381.8834, 0.0010,  0, 0, 0
L 115.9457, 380.9048, 0.0010,  114.5045, 381.9780, 0.0010,  0, 0, 0
L 116.8412, 379.6114, 0.0010,  115.9457, 380.9048, 0.0010,  0, 0, 0
L 117.6516, 378.3090, 0.0010,  116.8412, 379.6114, 0.0010,  0, 0, 0
L 118.3890, 376.9206, 0.0010,  117.6516, 378.3090, 0.0010,  0, 0, 0
L 119.0239, 375.4826, 0.0010,  118.3890, 376.9206, 0.0010,  0, 0, 0
L 119.5520, 374.0026, 0.0010,  119.0239, 375.4826, 0.0010,  0, 0, 0
L 119.9502, 360.2874, 0.0010,  119.5520, 374.0026, 0.0010,  0, 0, 0
L 120.0702, 358.6406, 0.0010,  119.9502, 360.2874, 0.0010,  0, 0, 0
L 120.5506, 350.1300, 0.0010,  120.0702, 358.6406, 0.0010,  0, 0, 0
L 120.2039, 348.6901, 0.0140,  120.5506, 350.1300, 0.0010,  0, 0, 0
L 119.8083, 346.6017, 0.0010,  120.2039, 348.6901, 0.0140,  0, 0, 0
L 119.8787, 344.8752, 0.0010,  119.8083, 346.6017, 0.0010,  0, 0, 0
L 120.3714, 321.6056, 0.0505,  119.8787, 344.8752, 0.0010,  0, 0, 0
L 120.7406, 319.8930, 0.0010,  120.3714, 321.6056, 0.0505,  0, 0, 0
L 121.9081, 318.4012, 0.0010,  120.7406, 319.8930, 0.0010,  0, 0, 0
L 124.3162, 316.2285, 0.0010,  121.9081, 318.4012, 0.0010,  0, 0, 0
L 125.7526, 314.9967, 0.0010,  124.3162, 316.2285, 0.0010,  0, 0, 0
L 126.0633, 308.9025, 0.0010,  125.7526, 314.9967, 0.0010,  0, 0, 0
L 125.5880, 307.3784, 0.0010,  126.0633, 308.9025, 0.0010,  0, 0, 0
L 123.9524, 306.2289, 0.0010,  125.5880, 307.3784, 0.0010,  0, 0, 0
L 94.7197, 291.6125, 0.9919,  123.9524, 306.2289, 0.0010,  0, 0, 0
L 93.0274, 290.7666, 1.0938,  94.7197, 291.6125, 0.9919,  0, 0, 0
L 92.5796, 276.1472, 0.0010,  93.0274, 290.7666, 1.0938,  0, 0, 0
L 92.3768, 274.6777, 0.0010,  92.5796, 276.1472, 0.0010,  0, 0, 0
L 61.8698, 244.1593, 0.0010,  92.3768, 274.6777, 0.0010,  0, 0, 0
L 60.7052, 242.9948, 0.0010,  61.8698, 244.1593, 0.0010,  0, 0, 0
L 59.5324, 242.0253, 0.0010,  60.7052, 242.9948, 0.0010,  0, 0, 0
L 46.5266, 241.9370, 0.0010,  59.5324, 242.0253, 0.0010,  0, 0, 0
L 44.7669, 241.9373, 0.0010,  46.5266, 241.9370, 0.0010,  0, 0, 0
L 44.5630, 198.8003, 0.0010,  44.7669, 241.9373, 0.0010,  0, 0, 0
L 44.5625, 197.0625, 0.0010,  44.5630, 198.8003, 0.0010,  0, 0, 0
L 72.5966, 197.0629, 0.0010,  44.5625, 197.0625, 0.0010,  0, 0, 0
L 74.3522, 197.0625, 0.0010,  72.5966, 197.0629, 0.0010,  0, 0, 0
L 87.7833, 210.4934, 0.0010,  74.3522, 197.0625, 0.0010,  0, 0, 0
L 89.0992, 211.8097, 0.0010,  87.7833, 210.4934, 0.0010,  0, 0, 0
L 90.6384, 213.0581, 0.0010,  89.0992, 211.8097, 0.0010,  0, 0, 0
L 120.9449, 213.0630, 0.0010,  90.6384, 213.0581, 0.0010,  0, 0, 0
L 122.4927, 213.0628, 0.0010,  120.9449, 213.0630, 0.0010,  0, 0, 0
L 124.0923, 212.6195, 0.0010,  122.4927, 213.0628, 0.0010,  0, 0, 0
L 124.5629, 199.1383, 0.0010,  124.0923, 212.6195, 0.0010,  0, 0, 0
L 125.0200, 197.2235, 0.0010,  124.5629, 199.1383, 0.0010,  0, 0, 0
L 125.7348, 195.7591, 0.0010,  125.0200, 197.2235, 0.0010,  0, 0, 0
L 126.1390, 186.3118, 0.0010,  125.7348, 195.7591, 0.0010,  0, 0, 0
L 125.7347, 184.4370, 0.0010,  126.1390, 186.3118, 0.0010,  0, 0, 0
L 124.3417, 183.6618, 0.0010,  125.7347, 184.4370, 0.0010,  0, 0, 0
L 110.4026, 169.6926, 0.0010,  124.3417, 183.6618, 0.0010,  0, 0, 0
L 108.9906, 168.2806, 0.0010,  110.4026, 169.6926, 0.0010,  0, 0, 0
L 108.5629, 139.7247, 0.0010,  108.9906, 168.2806, 0.0010,  0, 0, 0
L 108.5625, 138.0625, 0.0010,  108.5629, 139.7247, 0.0010,  0, 0, 0
L 119.3426, 138.0629, 0.0010,  108.5625, 138.0625, 0.0010,  0, 0, 0
L 120.9790, 138.0628, 0.0010,  119.3426, 138.0629, 0.0010,  0, 0, 0
L 121.4370, 150.5379, 0.0010,  120.9790, 138.0628, 0.0010,  0, 0, 0
L 121.4373, 152.1268, 0.0010,  121.4370, 150.5379, 0.0010,  0, 0, 0
L 122.2822, 153.8948, 0.0010,  121.4373, 152.1268, 0.0010,  0, 0, 0
L 132.1882, 154.0630, 0.0010,  122.2822, 153.8948, 0.0010,  0, 0, 0
L 133.7392, 154.0627, 0.5706,  132.1882, 154.0630, 0.0010,  0, 0, 0
L 135.8089, 154.7374, 1.6604,  133.7392, 154.0627, 0.5706,  0, 0, 0
L 137.2642, 155.2581, 2.1453,  135.8089, 154.7374, 1.6604,  0, 0, 0
L 139.0450, 155.1788, 2.5139,  137.2642, 155.2581, 2.1453,  0, 0, 0
L 140.1820, 153.5693, 1.3228,  139.0450, 155.1788, 2.5139,  0, 0, 0
L 140.5631, 140.0592, 0.0010,  140.1820, 153.5693, 1.3228,  0, 0, 0
L 140.5625, 138.0625, 0.0010,  140.5631, 140.0592, 0.0010,  0, 0, 0
L 151.3305, 138.0630, 0.0010,  140.5625, 138.0625, 0.0010,  0, 0, 0
L 152.9726, 138.0628, 0.0010,  151.3305, 138.0630, 0.0010,  0, 0, 0
L 153.4370, 181.0935, 0.0010,  152.9726, 138.0628, 0.0010,  0, 0, 0
L 153.4375, 182.9375, 0.0010,  153.4370, 181.0935, 0.0010,  0, 0, 0
L 151.1997, 182.9370, 0.0010,  153.4375, 182.9375, 0.0010,  0, 0, 0
L 141.2971, 182.9372, 0.0010,  151.1997, 182.9370, 0.0010,  0, 0, 0
L 139.4982, 182.8873, 0.0010,  141.2971, 182.9372, 0.0010,  0, 0, 0
L 137.8864, 183.3703, 0.0010,  139.4982, 182.8873, 0.0010,  0, 0, 0
L 136.4207, 184.3605, 0.0010,  137.8864, 183.3703, 0.0010,  0, 0, 0
L 135.9370, 188.4107, 0.0010,  136.4207, 184.3605, 0.0010,  0, 0, 0
L 135.9875, 190.2932, 0.0010,  135.9370, 188.4107, 0.0010,  0, 0, 0
L 135.6650, 192.6503, 0.0010,  135.9875, 190.2932, 0.0010,  0, 0, 0
L 135.8617, 194.4874, 0.0010,  135.6650, 192.6503, 0.0010,  0, 0, 0
L 137.1087, 196.0193, 0.0010,  135.8617, 194.4874, 0.0010,  0, 0, 0
L 137.4369, 209.8477, 0.0010,  137.1087, 196.0193, 0.0010,  0, 0, 0
L 137.3845, 211.6344, 0.0010,  137.4369, 209.8477, 0.0010,  0, 0, 0
L 138.6894, 213.0447, 0.0010,  137.3845, 211.6344, 0.0010,  0, 0, 0
L 168.6812, 213.0630, 0.0010,  138.6894, 213.0447, 0.0010,  0, 0, 0
L 170.2494, 213.0629, 0.0010,  168.6812, 213.0630, 0.0010,  0, 0, 0
L 171.8376, 212.8190, 0.0010,  170.2494, 213.0629, 0.0010,  0, 0, 0
L 186.4092, 198.3010, 0.8627,  171.8376, 212.8190, 0.0010,  0, 0, 0
L 187.6469, 197.0628, 1.0415,  186.4092, 198.3010, 0.8627,  0, 0, 0
L 214.9280, 197.0629, 0.0010,  187.6469, 197.0628, 1.0415,  0, 0, 0
L 216.6525, 197.0628, 0.0010,  214.9280, 197.0629, 0.0010,  0, 0, 0
L 217.4373, 198.6987, 0.0010,  216.6525, 197.0628, 0.0010,  0, 0, 0
L 213.2073, 201.6013, 0.0010,  217.4373, 198.6987, 0.0010,  0, 0, 0
L 209.0784, 204.3920, 0.0010,  213.2073, 201.6013, 0.0010,  0, 0, 0
L 207.8563, 205.2812, 0.0010,  209.0784, 204.3920, 0.0010,  0, 0, 0
L 206.4639, 206.6923, 0.0407,  207.8563, 205.2812, 0.0010,  0, 0, 0
L 206.2054, 208.6429, 0.0425,  206.4639, 206.6923, 0.0407,  0, 0, 0
L 207.3893, 210.1545, 0.4112,  206.2054, 208.6429, 0.0425,  0, 0, 0
L 209.0063, 210.9368, 0.0010,  207.3893, 210.1545, 0.4112,  0, 0, 0
L 210.7622, 212.8833, 0.0010,  209.0063, 210.9368, 0.0010,  0, 0, 0
L 211.8041, 213.9877, 0.0010,  210.7622, 212.8833, 0.0010,  0, 0, 0
L 213.6944, 214.0733, 0.0010,  211.8041, 213.9877, 0.0010,  0, 0, 0
L 216.5726, 212.2821, 0.0550,  213.6944, 214.0733, 0.0010,  0, 0, 0
L 218.1601, 213.4476, 0.0010,  216.5726, 212.2821, 0.0550,  0, 0, 0
L 219.3158, 214.4068, 0.0010,  218.1601, 213.4476, 0.0010,  0, 0, 0
L 222.0961, 214.5628, 0.0010,  219.3158, 214.4068, 0.0010,  0, 0, 0
L 224.0039, 214.5895, 0.0010,  222.0961, 214.5628, 0.0010,  0, 0, 0
L 225.0602, 213.0894, 0.0010,  224.0039, 214.5895, 0.0010,  0, 0, 0
L 270.0329, 213.0631, 0.0010,  225.0602, 213.0894, 0.0010,  0, 0, 0
L 271.8430, 213.0630, 0.0010,  270.0329, 213.0631, 0.0010,  0, 0, 0
L 273.7168, 212.5914, 0.0010,  271.8430, 213.0630, 0.0010,  0, 0, 0
L 274.0630, 185.1806, 0.0010,  273.7168, 212.5914, 0.0010,  0, 0, 0
L 274.3398, 183.6211, 0.0010,  274.0630, 185.1806, 0.0010,  0, 0, 0
L 274.7573, 182.0242, 0.0010,  274.3398, 183.6211, 0.0010,  0, 0, 0
L 275.1642, 180.4265, 0.0010,  274.7573, 182.0242, 0.0010,  0, 0, 0
L 275.5630, 177.2727, 0.0010,  275.1642, 180.4265, 0.0010,  0, 0, 0
L 275.5628, 175.4429, 0.0010,  275.5630, 177.2727, 0.0010,  0, 0, 0
L 274.8171, 173.6498, 0.0010,  275.5628, 175.4429, 0.0010,  0, 0, 0
L 273.3729, 172.6684, 0.0010,  274.8171, 173.6498, 0.0010,  0, 0, 0
L 268.5822, 172.4371, 0.0010,  273.3729, 172.6684, 0.0010,  0, 0, 0
L 266.6246, 172.4372, 0.0010,  268.5822, 172.4371, 0.0010,  0, 0, 0
L 266.1619, 142.2213, -7.9990,  266.6246, 172.4372, 0.0010,  0, 0, 0
L 266.3567, 140.4657, -8.7103,  266.1619, 142.2213, -7.9990,  0, 0, 0
L 266.8232, 136.2681, -10.9990,  266.3567, 140.4657, -8.7103,  0, 0, 0
L 267.0291, 134.4384, -11.7372,  266.8232, 136.2681, -10.9990,  0, 0, 0
L 267.4977, 130.7823, -13.5299,  267.0291, 134.4384, -11.7372,  0, 0, 0
L 267.8499, 129.0227, -14.4990,  267.4977, 130.7823, -13.5299,  0, 0, 0
L 268.2474, 127.4785, -15.1985,  267.8499, 129.0227, -14.4990,  0, 0, 0
L 266.2642, 127.6228, -15.0881,  268.2474, 127.4785, -15.1985,  0, 0, 0
L 266.0631, 113.6875, -16.4990,  266.2642, 127.6228, -15.0881,  0, 0, 0
L 266.0625, 111.8024, -16.4990,  266.0631, 113.6875, -16.4990,  0, 0, 0
L 270.2011, 111.6851, -16.4990,  266.0625, 111.8024, -16.4990,  0, 0, 0
L 272.0238, 111.6144, -16.4990,  270.2011, 111.6851, -16.4990,  0, 0, 0
L 273.6251, 111.1166, -16.4990,  272.0238, 111.6144, -16.4990,  0, 0, 0
L 275.1109, 110.0987, -16.4990,  273.6251, 111.1166, -16.4990,  0, 0, 0
L 275.5630, 102.1191, -16.4990,  275.1109, 110.0987, -16.4990,  0, 0, 0
L 275.5628, 100.3272, -16.4990,  275.5630, 102.1191, -16.4990,  0, 0, 0
L 274.7123, 98.5957, -16.4990,  275.5628, 100.3272, -16.4990,  0, 0, 0
L 273.2428, 97.5637, -16.4990,  274.7123, 98.5957, -16.4990,  0, 0, 0
L 268.7297, 97.4371, -16.4990,  273.2428, 97.5637, -16.4990,  0, 0, 0
L 266.8137, 97.4372, -16.4990,  268.7297, 97.4371, -16.4990,  0, 0, 0
L 266.4543, 75.3497, -11.5406,  266.8137, 97.4372, -16.4990,  0, 0, 0
L 266.6273, 73.5932, -10.1185,  266.4543, 75.3497, -11.5406,  0, 0, 0
L 267.0714, 69.0852, -7.8395,  266.6273, 73.5932, -10.1185,  0, 0, 0
L 267.1932, 67.6333, -7.5523,  267.0714, 69.0852, -7.8395,  0, 0, 0
L 266.4528, 66.1366, -6.7438,  267.1932, 67.6333, -7.5523,  0, 0, 0
L 266.0631, 37.9276, 0.0010,  266.4528, 66.1366, -6.7438,  0, 0, 0
L 266.0625, 36.5625, 0.0010,  266.0631, 37.9276, 0.0010,  0, 0, 0
L 269.7486, 36.5629, 0.0010,  266.0625, 36.5625, 0.0010,  0, 0, 0
L 271.4936, 36.5627, 0.0010,  269.7486, 36.5629, 0.0010,  0, 0, 0
L 273.4495, 36.2787, 0.0010,  271.4936, 36.5627, 0.0010,  0, 0, 0
L 275.0701, 35.2060, 0.0010,  273.4495, 36.2787, 0.0010,  0, 0, 0
L 275.5631, 26.5966, 0.0010,  275.0701, 35.2060, 0.0010,  0, 0, 0
L 275.5786, 24.8104, 0.0010,  275.5631, 26.5966, 0.0010,  0, 0, 0
L 274.0625, 23.4387, 0.0010,  275.5786, 24.8104, 0.0010,  0, 0, 0
P 400, 200, 0, 240, 240, 240, 3, The_Halls_of_Samgiomary_Rites
P 400, 250, 0, 240, 240, 240, 3, mmci
P 68.0363, 434.0045, 0.9395,  0, 0, 240,  3,  boss
P 756, -197, -6, 0, 0, 240, 3, hostage
