L 478.4921, -185.2688, 0.0010,  483.2421, -185.1507, 0.0010,  0, 0, 0
L 483.2421, -192.7243, 0.0010,  478.4921, -192.6063, 0.0010,  0, 0, 0
L 603.2914, -183.8125, 0.0010,  597.2599, -186.7562, 0.0010,  0, 0, 0
L 599.8740, -183.8125, 0.0010,  603.2914, -183.8125, 0.0010,  0, 0, 0
L 599.8750, -169.8123, 0.0010,  599.8740, -183.8125, 0.0010,  0, 0, 0
L 573.0047, -169.8127, 0.0010,  599.8750, -169.8123, 0.0010,  0, 0, 0
L 559.0047, -155.8126, 0.0010,  573.0047, -169.8127, 0.0010,  0, 0, 0
L 532.5579, -155.8125, 0.0010,  559.0047, -155.8126, 0.0010,  0, 0, 0
L 518.5575, -169.8129, 0.0010,  532.5579, -155.8125, 0.0010,  0, 0, 0
L 504.5891, -169.8123, 0.0010,  518.5575, -169.8129, 0.0010,  0, 0, 0
L 490.5892, -183.8125, 0.0010,  504.5891, -169.8123, 0.0010,  0, 0, 0
L 483.6875, -183.8125, 0.0010,  490.5892, -183.8125, 0.0010,  0, 0, 0
L 483.2421, -185.1506, 0.0010,  483.6875, -183.8125, 0.0010,  0, 0, 0
L 483.2421, -192.7243, 0.0010,  483.2421, -185.1506, 0.0010,  127, 127, 0
L 483.6869, -194.0313, 0.0010,  483.2421, -192.7243, 0.0010,  0, 0, 0
L 490.5891, -194.0313, 0.0010,  483.6869, -194.0313, 0.0010,  0, 0, 0
L 504.5891, -208.0313, 0.0010,  490.5891, -194.0313, 0.0010,  0, 0, 0
L 518.5579, -208.0312, 0.0010,  504.5891, -208.0313, 0.0010,  0, 0, 0
L 532.5579, -222.0313, 0.0010,  518.5579, -208.0312, 0.0010,  0, 0, 0
L 559.0046, -222.0312, 0.0010,  532.5579, -222.0313, 0.0010,  0, 0, 0
L 573.0045, -208.0312, 0.0010,  559.0046, -222.0312, 0.0010,  0, 0, 0
L 599.8750, -208.0313, 0.0010,  573.0045, -208.0312, 0.0010,  0, 0, 0
L 599.8750, -194.2309, 0.0010,  599.8750, -208.0313, 0.0010,  0, 0, 0
L 597.2599, -186.7562, 0.0010,  600.9080, -194.2309, 0.0010,  0, 0, 0
L 600.9080, -194.2309, 0.0010,  599.8750, -194.2309, 0.0010,  0, 0, 0
L 382.1329, -128.7048, 0.0010,  386.8829, -129.4982, 0.0010,  0, 0, 0
L 386.8829, -136.3768, 0.0010,  382.1329, -137.1702, 0.0010,  0, 0, 0
L 386.8829, -129.4982, 0.0010,  386.8829, -136.3768, 0.0010,  127, 127, 0
L 387.7187, -127.8125, 0.0010,  386.8829, -129.4982, 0.0010,  0, 0, 0
L 405.0671, -127.8125, 0.0010,  387.7187, -127.8125, 0.0010,  0, 0, 0
L 417.9688, -140.7141, 0.0010,  405.0671, -127.8125, 0.0010,  0, 0, 0
L 417.9687, -154.7130, 0.0010,  417.9688, -140.7141, 0.0010,  0, 0, 0
L 433.0350, -169.8129, 0.0010,  417.9687, -154.7130, 0.0010,  0, 0, 0
L 445.9375, -169.8122, 0.0010,  433.0350, -169.8129, 0.0010,  0, 0, 0
L 445.9374, -183.8125, 0.0010,  445.9375, -169.8122, 0.0010,  0, 0, 0
L 477.9375, -183.8125, 0.0010,  445.9374, -183.8125, 0.0010,  0, 0, 0
L 478.4921, -185.2688, 0.0010,  477.9375, -183.8125, 0.0010,  0, 0, 0
L 478.4921, -192.6063, 0.0010,  478.4921, -185.2688, 0.0010,  127, 127, 0
L 477.9375, -194.0312, 0.0010,  478.4921, -192.6063, 0.0010,  0, 0, 0
L 445.9372, -194.0313, 0.0010,  477.9375, -194.0312, 0.0010,  0, 0, 0
L 445.9376, -210.6830, 0.0010,  445.9372, -194.0313, 0.0010,  0, 0, 0
L 461.0360, -225.7815, 0.0010,  445.9376, -210.6830, 0.0010,  0, 0, 0
L 487.9374, -225.7812, 0.0010,  461.0360, -225.7815, 0.0010,  0, 0, 0
L 487.9375, -236.0313, 0.0010,  487.9374, -225.7812, 0.0010,  0, 0, 0
L 473.9375, -236.0313, 0.0010,  487.9375, -236.0313, 0.0010,  0, 0, 0
L 473.9375, -252.6829, 0.0010,  473.9375, -236.0313, 0.0010,  0, 0, 0
L 487.9375, -266.6829, 0.0010,  473.9375, -252.6829, 0.0010,  0, 0, 0
L 487.9375, -279.0983, 0.0010,  487.9375, -266.6829, 0.0010,  0, 0, 0
L 475.0358, -292.0000, 0.0010,  487.9375, -279.0983, 0.0010,  0, 0, 0
L 462.5891, -292.0000, 0.0010,  475.0358, -292.0000, 0.0010,  0, 0, 0
L 449.6875, -279.0983, 0.0010,  462.5891, -292.0000, 0.0010,  0, 0, 0
L 449.6875, -266.6829, 0.0010,  449.6875, -279.0983, 0.0010,  0, 0, 0
L 463.6874, -252.6829, 0.0010,  449.6875, -266.6829, 0.0010,  0, 0, 0
L 463.6875, -236.0313, 0.0010,  463.6874, -252.6829, 0.0010,  0, 0, 0
L 448.5884, -236.0313, 0.0010,  463.6875, -236.0313, 0.0010,  0, 0, 0
L 435.6874, -223.1295, 0.0010,  448.5884, -236.0313, 0.0010,  0, 0, 0
L 435.6883, -180.0625, 0.0010,  435.6874, -223.1295, 0.0010,  0, 0, 0
L 420.6199, -180.0625, 0.0010,  435.6883, -180.0625, 0.0010,  0, 0, 0
L 407.7187, -167.1608, 0.0010,  420.6199, -180.0625, 0.0010,  0, 0, 0
L 407.7187, -153.1608, 0.0010,  407.7187, -167.1608, 0.0010,  0, 0, 0
L 392.6204, -138.0625, 0.0010,  407.7187, -153.1608, 0.0010,  0, 0, 0
L 387.7179, -138.0625, 0.0010,  392.6204, -138.0625, 0.0010,  0, 0, 0
L 386.8829, -136.3768, 0.0010,  387.7179, -138.0625, 0.0010,  0, 0, 0
L -26.9862, -1009.4687, 3.1260,  -27.0164, -1033.7188, 3.1260,  240, 0, 0
L -215.1833, -680.6716, -38.8427,  -195.1018, -683.8438, -38.8427,  0, 0, 0
L -222.6918, -693.0613, -38.8427,  -215.1833, -680.6716, -38.8427,  0, 0, 0
L -227.6551, -698.8821, -38.8427,  -222.6918, -693.0613, -38.8427,  0, 0, 0
L -225.9326, -712.4797, -38.8415,  -227.6551, -698.8821, -38.8427,  0, 0, 0
L -231.6199, -730.4796, -38.8427,  -225.9326, -712.4797, -38.8415,  0, 0, 0
L -224.9671, -743.5937, -38.8427,  -231.6199, -730.4796, -38.8427,  0, 0, 0
L -141.6966, -771.5645, -38.8427,  -141.8725, -743.5937, -38.8389,  0, 0, 0
L 93.8437, -725.8438, -38.8427,  91.5327, -723.8438, -38.8427,  0, 0, 0
L 110.0938, -725.8438, -38.8427,  93.8437, -725.8438, -38.8427,  0, 0, 0
L 110.0938, -701.5927, -38.8427,  110.0938, -725.8438, -38.8427,  0, 0, 0
L 93.8437, -701.5937, -38.8427,  110.0938, -701.5927, -38.8427,  0, 0, 0
L 91.5886, -703.5937, -38.8427,  93.8437, -701.5937, -38.8427,  0, 0, 0
L 91.5327, -723.8438, -38.8427,  91.5886, -703.5937, -38.8427,  127, 127, 0
L 86.8386, -703.2130, -38.8427,  86.7829, -724.2664, -38.8427,  127, 127, 0
L 86.8386, -703.2137, -38.8427,  86.8386, -703.2130, -38.8427,  0, 0, 0
L 86.0937, -701.5910, -38.8427,  86.8386, -703.2137, -38.8427,  0, 0, 0
L 82.0938, -701.1859, -38.8427,  86.0937, -701.5910, -38.8427,  0, 0, 0
L 86.0938, -725.8438, -38.8427,  82.0938, -725.7454, -38.8427,  0, 0, 0
L 86.7829, -724.2664, -38.8427,  86.0938, -725.8438, -38.8427,  0, 0, 0
L -54.0937, -1006.8886, 2.8921,  -29.8750, -1006.9083, 2.9005,  240, 0, 0
L -222.0313, -823.7813, -38.8427,  -141.8138, -823.7813, -38.8426,  0, 0, 0
L -221.8535, -769.2813, -38.8427,  -222.0313, -823.7813, -38.8427,  0, 0, 0
L -245.0050, -767.8125, -38.8427,  -221.8535, -769.2813, -38.8427,  0, 0, 0
L -251.8046, -759.3130, -38.8427,  -245.0050, -767.8125, -38.8427,  0, 0, 0
L -244.0679, -735.3494, -38.8427,  -251.8046, -759.3130, -38.8427,  0, 0, 0
L -253.6596, -733.8438, -38.8427,  -244.0679, -735.3494, -38.8427,  0, 0, 0
L -250.6205, -712.3198, -38.8427,  -253.6596, -733.8438, -38.8427,  0, 0, 0
L -286.4435, -711.8412, -38.8427,  -250.6205, -712.3198, -38.8427,  0, 0, 0
L -291.6925, -692.5950, -38.8427,  -286.4435, -711.8412, -38.8427,  0, 0, 0
L -281.6539, -685.5925, -38.8427,  -291.6925, -692.5950, -38.8427,  0, 0, 0
L -294.3419, -678.3890, -38.8427,  -281.6539, -685.5925, -38.8427,  0, 0, 0
L -297.8055, -667.9980, -38.8427,  -294.3419, -678.3890, -38.8427,  0, 0, 0
L -294.5248, -663.1033, -38.8427,  -297.8055, -667.9980, -38.8427,  0, 0, 0
L -287.6225, -659.1329, -38.8427,  -294.5248, -663.1033, -38.8427,  0, 0, 0
L -298.0000, -641.2122, -38.8427,  -287.6225, -659.1329, -38.8427,  0, 0, 0
L -298.0000, -635.1632, -38.8427,  -298.0000, -641.2122, -38.8427,  0, 0, 0
L -285.6124, -631.6249, -38.8427,  -298.0000, -635.1632, -38.8427,  0, 0, 0
L -278.5987, -633.2301, -38.8427,  -285.6124, -631.6249, -38.8427,  0, 0, 0
L -279.7928, -620.6141, -38.8427,  -278.5987, -633.2301, -38.8427,  0, 0, 0
L -253.0310, -602.7548, -38.8427,  -279.7928, -620.6141, -38.8427,  0, 0, 0
L -247.9576, -621.3601, -38.8427,  -253.0310, -602.7548, -38.8427,  0, 0, 0
L -252.2750, -631.5905, -38.8427,  -247.9576, -621.3601, -38.8427,  0, 0, 0
L -223.3737, -631.5477, -38.8427,  -252.2750, -631.5905, -38.8427,  0, 0, 0
L -217.0488, -623.7318, -38.8427,  -223.3737, -631.5477, -38.8427,  0, 0, 0
L -200.9817, -625.5170, -38.8427,  -217.0488, -623.7318, -38.8427,  0, 0, 0
L -197.7812, -630.3178, -38.8427,  -200.9817, -625.5170, -38.8427,  0, 0, 0
L -197.9012, -659.6242, -38.8427,  -197.7812, -630.3178, -38.8427,  0, 0, 0
L -17.8750, -687.5937, -38.8427,  -29.8750, -687.4129, -38.8427,  0, 0, 0
L -17.2487, -691.5149, -38.8427,  -17.8750, -687.5937, -38.8427,  0, 0, 0
L -11.9207, -691.5910, -38.8427,  -17.2487, -691.5149, -38.8427,  0, 0, 0
L -11.6634, -735.8741, -38.7748,  -11.9207, -691.5910, -38.8427,  127, 127, 0
L -17.8455, -735.3171, -38.8427,  -11.6634, -735.8741, -38.7748,  0, 0, 0
L -17.8749, -739.8438, -38.8427,  -17.8455, -735.3171, -38.8427,  0, 0, 0
L -2.1250, -739.8438, -38.8427,  0.7977, -739.8654, -38.8427,  0, 0, 0
L -2.8716, -736.2213, -38.8427,  -2.1250, -739.8438, -38.8427,  0, 0, 0
L -7.9205, -735.8438, -38.8427,  -2.8716, -736.2213, -38.8427,  0, 0, 0
L -7.8694, -691.5933, -38.8427,  -7.9205, -735.8438, -38.8427,  127, 127, 0
L -2.6877, -691.2550, -38.8427,  -7.8694, -691.5933, -38.8427,  0, 0, 0
L -2.1250, -687.5930, -38.8427,  -2.6877, -691.2550, -38.8427,  0, 0, 0
L 1.7347, -686.6359, -38.8427,  -2.1250, -687.5930, -38.8427,  0, 0, 0
L 139.1620, -659.6249, -38.8427,  54.0938, -659.6249, -38.8427,  0, 0, 0
L 151.9879, -672.4222, -38.8427,  139.1620, -659.6249, -38.8427,  0, 0, 0
L 158.0625, -701.5937, -38.8427,  154.3604, -701.9376, -38.8427,  0, 0, 0
L 158.0625, -701.5923, -38.8427,  157.9598, -704.0502, -38.8427,  0, 0, 0
L 157.9598, -704.0502, -38.8427,  160.2898, -703.9860, -38.8427,  0, 0, 0
L 160.2898, -703.9860, -38.8427,  160.1240, -723.8438, -38.8427,  127, 127, 0
L 160.1240, -723.8438, -38.8427,  158.8423, -723.7250, -38.8427,  0, 0, 0
L 158.8423, -723.7250, -38.8427,  158.0625, -725.8438, -38.8427,  0, 0, 0
L 158.0625, -725.8438, -38.8427,  154.3266, -725.7387, -38.8427,  0, 0, 0
L 152.0626, -754.9108, -38.8427,  139.1609, -767.8125, -38.8427,  0, 0, 0
L 139.1609, -767.8125, -38.8427,  54.0938, -767.8125, -38.8427,  0, 0, 0
L 54.0938, -767.8125, -38.8427,  54.0938, -851.7599, -38.8427,  0, 0, 0
L 54.0938, -851.7599, -38.8427,  -84.6330, -851.9028, -38.8427,  0, 0, 0
L -84.6330, -851.9028, -38.8427,  -84.8491, -883.3564, -38.8427,  0, 0, 0
L -84.8491, -883.3564, -38.8427,  82.0938, -883.5660, -25.6006,  0, 0, 0
L 54.3092, -883.5312, -25.6006,  54.1155, -907.7499, -25.6958,  240, 0, 0
L 26.5665, -907.7499, -38.8427,  26.4750, -953.4999, -10.8740,  0, 0, 0
L 57.8437, -909.9495, -25.0216,  82.0938, -910.1477, -24.8870,  240, 0, 0
L 82.0938, -883.5660, -24.8870,  82.0938, -952.7371, 3.1260,  0, 0, 0
L 118.6146, -1009.4687, 3.1260,  130.6523, -1018.8068, 3.3682,  0, 0, 0
L 130.6523, -1018.8068, 3.3682,  148.2734, -1010.7621, 3.1260,  0, 0, 0
L 148.2734, -1010.7621, 3.1260,  148.2480, -996.4171, 3.1260,  0, 0, 0
L 148.2480, -996.4171, 3.1260,  160.6975, -988.5620, 3.1260,  0, 0, 0
L 160.6975, -988.5620, 3.1260,  158.8689, -972.4760, 3.1262,  0, 0, 0
L 158.8689, -972.4760, 3.1262,  169.8129, -965.6006, 3.1260,  0, 0, 0
L 169.8129, -965.6006, 3.1260,  161.1596, -958.5864, 3.1260,  0, 0, 0
L 161.1596, -958.5864, 3.1260,  157.9467, -947.8315, 3.1260,  0, 0, 0
L 157.9467, -947.8315, 3.1260,  141.8125, -940.8472, 3.1260,  0, 0, 0
L 141.8125, -940.8472, 3.1260,  141.4659, -921.2467, 3.1260,  0, 0, 0
L 141.4659, -921.2467, 3.1260,  112.4107, -921.4153, 3.1260,  0, 0, 0
L 112.4107, -921.4153, 3.1260,  99.8437, -908.8483, 3.1260,  0, 0, 0
L 99.8437, -908.8483, 3.1260,  99.8438, -896.8133, 3.1260,  0, 0, 0
L 99.8438, -896.8133, 3.1260,  86.2617, -854.6060, 3.1260,  0, 0, 0
L 86.2617, -854.6060, 3.1260,  111.9683, -841.7527, 3.1260,  0, 0, 0
L 111.9683, -841.7527, 3.1260,  140.2134, -855.5440, 3.1260,  0, 0, 0
L 140.2134, -855.5440, 3.1260,  141.8125, -840.8150, 3.1260,  0, 0, 0
L 141.8125, -840.8150, 3.1260,  168.7987, -827.3218, 3.1260,  0, 0, 0
L 168.7987, -827.3218, 3.1260,  169.8125, -812.4641, 3.1260,  0, 0, 0
L 169.8125, -812.4641, 3.1260,  177.7380, -804.5386, 3.1260,  0, 0, 0
L 177.7380, -804.5386, 3.1260,  183.8126, -812.8230, 3.4218,  0, 0, 0
L 183.8126, -812.8230, 3.4218,  198.2185, -813.7029, 3.1260,  0, 0, 0
L 198.2185, -813.7029, 3.1260,  202.7018, -807.1346, 3.1260,  0, 0, 0
L 202.7018, -807.1346, 3.1260,  209.8073, -814.1401, 3.1260,  0, 0, 0
L 209.8073, -814.1401, 3.1260,  225.0651, -785.5624, 3.1260,  0, 0, 0
L 225.0651, -785.5624, 3.1260,  252.0153, -786.0992, 3.1260,  0, 0, 0
L 252.0153, -786.0992, 3.1260,  266.6830, -771.5624, 3.1260,  0, 0, 0
L 266.6830, -771.5624, 3.1260,  307.4324, -771.5624, 3.1260,  0, 0, 0
L 307.4324, -771.5624, 3.1260,  333.8378, -784.7651, 5.2838,  0, 0, 0
L 333.8378, -784.7651, 5.2838,  333.1288, -797.3134, 6.2456,  0, 0, 0
L 333.1288, -797.3134, 6.2456,  347.5774, -796.9857, 3.1260,  0, 0, 0
L 347.5774, -796.9857, 3.1260,  345.9101, -785.5624, 3.1260,  0, 0, 0
L 345.9101, -785.5624, 3.1260,  363.0670, -785.5624, 3.1260,  0, 0, 0
L 363.0670, -785.5624, 3.1260,  377.5836, -799.5630, 3.1260,  0, 0, 0
L 375.9688, -771.0624, 3.1260,  370.9062, -777.8125, 3.1260,  0, 0, 0
L 356.6550, -777.8124, 3.1260,  356.7822, -760.8273, 3.1260,  127, 0, 0
L 405.7029, -809.8125, 3.1260,  390.2458, -854.6371, 5.9057,  0, 0, 0
L 390.2458, -854.6371, 5.9057,  419.0659, -855.5312, 8.0362,  0, 0, 0
L 419.0659, -855.5312, 8.0362,  431.1638, -867.6562, 9.4705,  0, 0, 0
L 431.1638, -867.6562, 9.4705,  419.0658, -879.7813, 9.1729,  0, 0, 0
L 419.0658, -879.7813, 9.1729,  402.9142, -881.2318, 8.0887,  0, 0, 0
L 402.9142, -881.2318, 8.0887,  404.2200, -897.1066, 9.4007,  0, 0, 0
L 404.2200, -897.1066, 9.4007,  422.6257, -906.1933, 11.0045,  0, 0, 0
L 422.6257, -906.1933, 11.0045,  420.3542, -921.8768, 10.8729,  0, 0, 0
L 420.3542, -921.8768, 10.8729,  431.9375, -923.5250, 11.8750,  0, 0, 0
L 431.9375, -923.5250, 11.8750,  431.9376, -950.8483, 11.9958,  0, 0, 0
L 431.9376, -950.8483, 11.9958,  425.7795, -957.0172, 9.7903,  0, 0, 0
L 425.7795, -957.0172, 9.7903,  416.7273, -945.7615, 10.6685,  0, 0, 0
L 416.7273, -945.7615, 10.6685,  397.5789, -961.2189, 7.3918,  0, 0, 0
L 397.5789, -961.2189, 7.3918,  399.4283, -973.9469, 7.1404,  0, 0, 0
L 399.4283, -973.9469, 7.1404,  403.9674, -984.4389, 7.7284,  0, 0, 0
L 403.9674, -984.4389, 7.7284,  395.7404, -986.0778, 7.0697,  0, 0, 0
L 395.7404, -986.0778, 7.0697,  388.1757, -994.3255, 6.2560,  0, 0, 0
L 388.1757, -994.3255, 6.2560,  388.7199, -1000.0699, 6.2094,  0, 0, 0
L 388.7199, -1000.0699, 6.2094,  380.7699, -1004.0494, 5.5253,  0, 0, 0
L 380.7699, -1004.0494, 5.5253,  368.7657, -1005.7180, 4.2248,  0, 0, 0
L 368.7657, -1005.7180, 4.2248,  354.4172, -1005.7179, 3.4821,  0, 0, 0
L 354.4172, -1005.7179, 3.4821,  333.9839, -1021.8904, 3.1260,  0, 0, 0
L 333.9839, -1021.8904, 3.1260,  353.9687, -1063.9462, 3.1260,  0, 0, 0
L 353.9687, -1063.9462, 3.1260,  354.3758, -1066.7290, 3.1260,  0, 0, 0
L 354.3758, -1066.7290, 3.1260,  354.3758, -1074.3959, 3.1260,  127, 127, 0
L 354.3758, -1074.3959, 3.1260,  353.9688, -1075.6875, 3.1260,  0, 0, 0
L 353.9688, -1075.6875, 3.1260,  348.7188, -1076.0441, 3.1260,  0, 0, 0
L 348.7188, -1076.0441, 3.1260,  321.4324, -1089.6874, 3.1260,  0, 0, 0
L 321.4324, -1089.6874, 3.1260,  309.0335, -1089.6875, 3.1260,  0, 0, 0
L 309.0335, -1089.6875, 3.1260,  280.6668, -1033.8812, 3.1260,  0, 0, 0
L 280.6668, -1033.8812, 3.1260,  266.0744, -1033.7186, 3.1260,  0, 0, 0
L 266.0744, -1033.7186, 3.1260,  250.4659, -1062.2510, 3.1260,  0, 0, 0
L 250.4659, -1062.2510, 3.1260,  250.0313, -1075.6875, 3.1260,  0, 0, 0
L 250.0313, -1075.6875, 3.1260,  225.7812, -1075.6875, 3.1260,  0, 127, 0
L 225.7812, -1075.6875, 3.1260,  225.5920, -1062.7415, 3.1260,  0, 0, 0
L 225.5920, -1062.7415, 3.1260,  211.4005, -1034.4611, 3.1260,  0, 0, 0
L 211.4005, -1034.4611, 3.1260,  204.9254, -1033.7188, 3.1260,  0, 0, 0
L 204.9254, -1033.7188, 3.1260,  195.4825, -1022.8474, 3.1260,  0, 0, 0
L 195.4825, -1022.8474, 3.1260,  168.2728, -1033.7186, 3.1260,  0, 0, 0
L 168.2728, -1033.7186, 3.1260,  82.0938, -1033.7167, 3.1260,  0, 0, 0
L 57.8438, -1060.9191, 3.1260,  82.0938, -1061.1744, 3.1260,  240, 0, 0
L 82.0938, -1065.4382, 3.1260,  82.0938, -1033.7167, 3.1260,  0, 0, 0
L 152.0625, -1065.4337, 3.1260,  152.0625, -1089.6875, 3.1260,  0, 0, 0
L 152.0625, -1089.6875, 3.1260,  57.8438, -1089.6874, 3.1260,  0, 0, 0
L 86.4716, -1089.6875, 3.1260,  86.4713, -1065.4374, 3.1260,  240, 0, 0
L 82.0938, -1065.4382, 3.1260,  152.0625, -1065.4232, 3.1260,  0, 0, 0
L 370.9062, -777.8125, 3.1260,  337.0338, -777.8125, -10.8740,  0, 0, 0
L 308.4793, -761.8124, -10.8740,  309.2040, -749.6622, -10.8740,  127, 0, 0
L 332.5639, -750.1266, -10.8740,  353.9688, -760.8441, -10.8740,  0, 0, 0
L 353.9688, -760.8441, -10.8740,  353.9688, -777.8125, -10.8740,  0, 127, 0
L 329.0348, -761.8124, -10.8740,  294.6515, -761.8124, -24.8740,  0, 0, 0
L 294.6515, -761.8124, -24.8740,  286.7765, -754.0434, -24.8740,  0, 0, 0
L 286.7765, -754.0434, -24.8740,  281.0647, -750.8134, -23.8211,  0, 0, 0
L 281.0647, -750.8134, -23.8211,  271.1704, -739.8798, -22.1263,  0, 0, 0
L 273.6401, -742.6089, -22.1263,  292.0000, -741.9430, -23.8463,  127, 0, 0
L 306.0000, -749.5614, -24.8740,  306.0005, -761.8124, -24.8740,  0, 127, 0
L 357.7696, -760.8209, 3.1260,  353.9688, -760.8455, -10.8740,  0, 0, 0
L 332.5639, -750.1266, -10.8740,  292.0000, -749.4218, -24.8740,  0, 0, 0
L 359.7187, -1065.4374, 3.1260,  359.1258, -1066.9305, 3.1260,  0, 0, 0
L 377.5825, -1066.0475, 3.1260,  359.7187, -1065.4374, 3.1260,  0, 0, 0
L 388.7011, -1046.0608, 3.1260,  377.5825, -1066.0475, 3.1260,  0, 0, 0
L 400.7193, -1037.4686, 3.1260,  388.7011, -1046.0608, 3.1260,  0, 0, 0
L 419.4006, -1037.4686, 3.1260,  400.7193, -1037.4686, 3.1260,  0, 0, 0
L 445.9375, -1050.7520, 3.1260,  419.4006, -1037.4686, 3.1260,  0, 0, 0
L 446.7388, -1066.5067, 3.1260,  445.9375, -1050.7520, 3.1260,  0, 0, 0
L 462.5880, -1051.4686, 3.1260,  446.7388, -1066.5067, 3.1260,  0, 0, 0
L 501.9375, -1051.4686, 3.1260,  462.5880, -1051.4686, 3.1260,  0, 0, 0
L 502.6941, -1079.0674, 3.1260,  501.9375, -1051.4686, 3.1260,  0, 0, 0
L 519.2140, -1078.7814, 3.1260,  502.6941, -1079.0674, 3.1260,  0, 0, 0
L 532.5579, -1065.4375, 3.1260,  519.2140, -1078.7814, 3.1260,  0, 0, 0
L 545.0046, -1065.4374, 3.1260,  532.5579, -1065.4375, 3.1260,  0, 0, 0
L 557.9062, -1078.3368, 3.1260,  545.0046, -1065.4374, 3.1260,  0, 0, 0
L 557.9061, -1090.7859, 3.1260,  557.9062, -1078.3368, 3.1260,  0, 0, 0
L 545.0047, -1103.6873, 3.1260,  557.9061, -1090.7859, 3.1260,  0, 0, 0
L 532.5577, -1103.6873, 3.1260,  545.0047, -1103.6873, 3.1260,  0, 0, 0
L 517.6976, -1089.6874, 3.1260,  532.5577, -1103.6873, 3.1260,  0, 0, 0
L 491.6875, -1089.6875, 7.1142,  517.6976, -1089.6874, 3.1260,  0, 0, 0
L 491.6506, -1063.1924, 3.1260,  491.6875, -1089.6875, 7.1142,  0, 0, 0
L 475.0443, -1061.8519, 3.1260,  491.6506, -1063.1924, 3.1260,  0, 0, 0
L 461.0358, -1075.6874, 3.1260,  475.0443, -1061.8519, 3.1260,  0, 0, 0
L 435.6867, -1075.6875, 3.1260,  461.0358, -1075.6874, 3.1260,  0, 0, 0
L 435.4194, -1062.5962, 3.1260,  435.6867, -1075.6875, 3.1260,  0, 0, 0
L 420.6266, -1047.8899, 3.1260,  435.4194, -1062.5962, 3.1260,  0, 0, 0
L 405.6242, -1047.7316, 3.1260,  420.6266, -1047.8899, 3.1260,  0, 0, 0
L 390.6855, -1075.6875, 3.1260,  405.6242, -1047.7316, 3.1260,  0, 0, 0
L 375.3944, -1076.3990, 3.1260,  390.6855, -1075.6875, 3.1260,  0, 0, 0
L 375.9687, -1089.6875, 3.1260,  375.3944, -1076.3990, 3.1260,  0, 0, 0
L 365.0796, -1089.6875, 7.4959,  375.9687, -1089.6875, 3.1260,  0, 0, 0
L 359.7187, -1077.1775, 3.1260,  365.0796, -1089.6875, 7.4959,  0, 0, 0
L 359.1258, -1074.1943, 3.1260,  359.7187, -1077.1775, 3.1260,  0, 0, 0
L 359.1258, -1066.9305, 3.1260,  359.1258, -1074.1943, 3.1260,  127, 127, 0
L 198.3878, -381.7188, 0.0010,  202.6529, -381.7187, 0.0010,  0, 0, 0
L 202.6261, -401.9687, 0.0010,  198.4564, -401.9687, 0.0010,  0, 0, 0
L 350.6528, -375.9687, 0.0010,  366.1232, -391.4737, 0.0010,  0, 0, 0
L 336.6516, -375.9688, 0.0010,  350.6528, -375.9687, 0.0010,  0, 0, 0
L 319.9996, -359.3167, 0.0010,  336.6516, -375.9688, 0.0010,  0, 0, 0
L 319.9998, -390.4800, 0.0010,  319.9996, -359.3167, 0.0010,  0, 0, 0
L 305.7111, -405.7119, 0.0010,  319.9998, -390.4800, 0.0010,  0, 0, 0
L 320.7175, -435.6880, 0.0010,  305.7111, -405.7119, 0.0010,  0, 0, 0
L 336.6513, -435.6870, 0.0010,  320.7175, -435.6880, 0.0010,  0, 0, 0
L 351.4177, -420.9536, 0.0010,  336.6513, -435.6870, 0.0010,  0, 0, 0
L 366.1232, -391.4737, 0.0010,  351.4177, -420.9536, 0.0010,  0, 0, 0
L 237.1309, -347.9999, 0.0010,  223.1308, -361.9687, 0.0010,  0, 0, 0
L 253.7812, -348.0000, 0.0010,  237.1309, -347.9999, 0.0010,  0, 0, 0
L 253.7812, -348.0000, 0.0010,  253.7812, -361.9687, 0.0010,  0, 0, 0
L 270.4329, -361.9688, 0.0010,  253.7812, -361.9687, 0.0010,  0, 0, 0
L 237.9062, -394.4954, 0.0010,  270.4329, -361.9688, 0.0010,  0, 0, 0
L 224.4774, -381.0666, 0.0010,  237.9062, -394.4954, 0.0010,  0, 0, 0
L 211.7805, -421.9687, 0.0010,  211.6070, -403.9688, 0.0010,  0, 0, 0
L 205.7811, -403.9688, 0.0010,  211.6070, -403.9688, 0.0010,  0, 0, 0
L 205.7813, -379.7187, 0.0010,  224.4774, -381.0666, 0.0010,  0, 0, 0
L 202.6529, -381.7187, 0.0010,  205.7813, -379.7187, 0.0010,  0, 0, 0
L 202.6256, -401.9687, 0.0010,  202.6529, -381.7187, 0.0010,  127, 127, 0
L 205.7809, -403.9688, 0.0010,  202.6256, -401.9687, 0.0010,  0, 0, 0
L 213.7813, -424.6762, 0.0010,  211.7812, -421.9687, 0.0010,  0, 0, 0
L 220.0308, -424.6721, 0.0010,  213.7813, -424.6762, 0.0010,  127, 127, 0
L 222.9877, -421.9687, 0.0010,  220.0308, -424.6721, 0.0010,  0, 0, 0
L 236.9851, -403.9687, 0.0010,  222.9877, -421.9687, 0.0010,  0, 0, 0
L 251.1296, -403.9688, 0.0010,  236.9851, -403.9687, 0.0010,  0, 0, 0
L 265.1295, -389.9687, 0.0010,  251.1296, -403.9688, 0.0010,  0, 0, 0
L 279.0983, -389.9688, 0.0010,  265.1295, -389.9687, 0.0010,  0, 0, 0
L 291.2233, -377.8437, 0.0010,  279.0983, -389.9688, 0.0010,  0, 0, 0
L 277.9998, -364.6204, 0.0010,  291.2233, -377.8437, 0.0010,  0, 0, 0
L 278.0002, -348.0000, 0.0010,  277.9998, -364.6204, 0.0010,  0, 0, 0
L 309.7508, -347.9999, 0.0010,  278.0002, -348.0000, 0.0010,  0, 0, 0
L 309.7498, -392.6205, 0.0010,  309.7508, -347.9999, 0.0010,  0, 0, 0
L 296.1569, -406.2135, 0.0010,  309.7498, -392.6205, 0.0010,  0, 0, 0
L 309.4156, -432.7015, 0.0010,  296.1569, -406.2135, 0.0010,  0, 0, 0
L 322.6516, -445.9375, 0.0010,  309.4156, -432.7015, 0.0010,  0, 0, 0
L 349.0971, -445.9375, 0.0010,  322.6516, -445.9375, 0.0010,  0, 0, 0
L 361.9688, -433.0370, 0.0010,  349.0971, -445.9375, 0.0010,  0, 0, 0
L 361.9687, -419.0671, 0.0010,  361.9688, -433.0370, 0.0010,  0, 0, 0
L 375.9688, -405.0670, 0.0010,  361.9687, -419.0671, 0.0010,  0, 0, 0
L 375.9688, -392.2858, 0.0010,  375.9688, -405.0670, 0.0010,  0, 0, 0
L 360.8098, -361.9687, 0.0010,  375.9688, -392.2858, 0.0010,  0, 0, 0
L 375.9688, -361.9687, 0.0010,  360.8098, -361.9687, 0.0010,  0, 0, 0
L 375.9688, -350.6502, 0.0010,  375.9688, -361.9687, 0.0010,  0, 0, 0
L 363.4740, -338.1569, 0.0010,  375.9688, -350.6502, 0.0010,  0, 0, 0
L 335.8754, -351.9715, 0.0010,  363.4740, -338.1569, 0.0010,  0, 0, 0
L 306.7642, -337.4159, 0.0010,  335.8754, -351.9715, 0.0010,  0, 0, 0
L 289.3483, -320.0000, 0.0010,  306.7642, -337.4159, 0.0010,  0, 0, 0
L 335.0984, -320.0000, 0.0010,  289.3483, -320.0000, 0.0010,  0, 0, 0
L 349.8765, -305.2217, 0.0010,  335.0984, -320.0000, 0.0010,  0, 0, 0
L 349.3517, -295.7499, 0.0010,  350.8511, -306.1986, 0.0139,  127, 127, 0
L 364.6209, -320.0000, 0.0010,  349.8765, -305.2217, 0.0010,  0, 0, 0
L 377.0671, -320.0000, 0.0010,  364.6209, -320.0000, 0.0010,  0, 0, 0
L 389.9688, -307.0983, 0.0010,  377.0671, -320.0000, 0.0010,  0, 0, 0
L 389.9688, -294.6508, 0.0010,  389.9688, -307.0983, 0.0010,  0, 0, 0
L 377.0671, -281.7500, 0.0010,  389.9688, -294.6508, 0.0010,  0, 0, 0
L 364.6216, -281.7500, 0.0010,  377.0671, -281.7500, 0.0010,  0, 0, 0
L 350.6529, -295.7499, 0.0010,  364.6216, -281.7500, 0.0010,  0, 0, 0
L 336.6517, -295.7500, 0.0010,  350.6529, -295.7499, 0.0010,  0, 0, 0
L 321.8750, -310.5266, 0.0010,  336.6517, -295.7500, 0.0010,  0, 0, 0
L 294.4860, -295.6660, 0.0010,  266.3492, -309.7500, 0.0010,  0, 0, 0
L 295.7500, -293.7500, 0.0010,  294.4860, -295.6660, 0.0010,  0, 0, 0
L 297.0894, -293.3036, 0.0010,  295.7500, -293.7500, 0.0010,  0, 0, 0
L 307.1669, -295.8185, 0.0010,  321.8750, -310.5266, 0.0010,  0, 0, 0
L 306.0000, -293.7492, 0.0010,  307.1669, -295.8185, 0.0010,  0, 0, 0
L 304.6606, -293.3036, 0.0010,  306.0000, -293.7492, 0.0010,  0, 0, 0
L 297.0894, -293.3036, 0.0010,  304.6606, -293.3036, 0.0010,  127, 127, 0
L 253.0650, -309.7500, 0.0010,  266.3492, -309.7500, 0.0010,  0, 0, 0
L 239.3037, -337.2726, 0.0010,  253.0650, -309.7500, 0.0010,  0, 0, 0
L 211.7812, -351.0338, 0.0010,  239.3037, -337.2726, 0.0010,  0, 0, 0
L 211.7812, -361.9688, 0.0010,  211.7812, -351.0338, 0.0010,  0, 0, 0
L 223.1308, -361.9688, 0.0010,  211.7812, -361.9688, 0.0010,  0, 0, 0
L 99.8437, -181.0464, 0.0010,  97.6038, -184.2242, 0.0010,  0, 0, 0
L 97.6038, -184.2242, 0.0010,  79.4421, -166.0625, 0.0010,  0, 0, 0
L 111.0573, -181.1540, 0.0010,  99.8437, -181.0464, 0.0010,  0, 0, 0
L 108.2384, -159.1563, 0.0010,  111.0573, -181.1540, 0.0010,  0, 0, 0
L 98.5683, -161.0636, 0.0010,  108.2384, -159.1563, 0.0010,  0, 0, 0
L 91.2118, -159.4798, 0.0010,  98.5683, -161.0636, 0.0010,  0, 0, 0
L 90.2091, -166.0625, 0.0010,  91.2118, -159.4798, 0.0010,  0, 0, 0
L 79.4421, -166.0625, 0.0010,  90.2091, -166.0625, 0.0010,  0, 0, 0
L 54.0937, -253.0659, 0.0010,  54.0937, -237.4636, 0.0010,  0, 0, 0
L 83.9691, -268.0034, 0.0010,  54.0937, -253.0659, 0.0010,  0, 0, 0
L 113.8437, -253.0647, 0.0010,  83.9691, -268.0034, 0.0010,  0, 0, 0
L 113.8437, -239.7812, 0.0010,  113.8437, -253.0647, 0.0010,  0, 0, 0
L 127.8125, -239.7812, 0.0010,  113.8437, -239.7812, 0.0010,  0, 0, 0
L 127.8125, -222.7480, 0.0010,  127.8125, -239.7812, 0.0010,  0, 0, 0
L 98.4118, -208.0313, 0.0010,  127.8125, -222.7480, 0.0010,  0, 0, 0
L 68.8099, -208.0313, 0.0010,  98.4118, -208.0313, 0.0010,  0, 0, 0
L 54.0937, -237.4636, 0.0010,  68.8099, -208.0313, 0.0010,  0, 0, 0
L 9.8750, -250.0312, -1.9990,  44.9756, -250.0313, -1.9990,  0, 0, 0
L 43.9900, -239.7812, -1.8688,  9.8750, -239.7813, -1.9990,  0, 0, 0
L 4.6375, -241.7813, 0.0010,  9.3875, -241.1674, -1.0041,  0, 0, 0
L 4.6375, -241.7807, 0.0010,  -1.8750, -241.7817, 0.0010,  0, 0, 0
L -1.8750, -225.7812, 0.0010,  -1.8750, -241.7817, 0.0010,  0, 0, 0
L -3.1042, -225.4216, 0.0010,  -1.8750, -225.7812, 0.0010,  0, 0, 0
L -3.4111, -220.6716, 0.0010,  -3.1042, -225.4216, 0.0010,  0, 0, 0
L -1.8750, -220.0313, 0.0010,  -3.4111, -220.6716, 0.0010,  0, 0, 0
L -1.8750, -211.7813, 0.0010,  -1.8750, -220.0313, 0.0010,  0, 0, 0
L -12.1250, -211.7809, 0.0010,  -1.8750, -211.7813, 0.0010,  0, 0, 0
L -12.1250, -220.0313, 0.0010,  -12.1250, -211.7809, 0.0010,  0, 0, 0
L -10.5889, -220.6716, 0.0010,  -12.1250, -220.0313, 0.0010,  0, 0, 0
L -10.8958, -225.4216, 0.0010,  -10.5889, -220.6716, 0.0010,  0, 0, 0
L -10.8958, -225.4216, 0.0010,  -11.7703, -225.7812, 0.0010,  0, 0, 0
L -26.1250, -240.1932, 0.0010,  -26.1250, -225.7813, 0.0010,  0, 0, 0
L -11.7703, -225.7812, 0.0010,  -26.1250, -225.7813, 0.0010,  0, 0, 0
L -26.4508, -240.9624, 0.0010,  -26.1250, -240.1932, 0.0010,  0, 0, 0
L -231.0189, -403.9688, 8.0866,  -234.0316, -403.9687, 6.9828,  127, 127, 127
L -218.3515, -380.7468, 1.9215,  -231.0189, -403.9688, 8.0866,  127, 127, 127
L -205.1296, -393.9687, 4.1114,  -218.3515, -380.7468, 4.1853,  127, 127, 127
L -200.9677, -393.9687, 5.8795,  -205.1296, -393.9687, 4.1114,  127, 127, 127
L -193.9363, -382.2024, 3.9321,  -200.9677, -393.9687, 5.8795,  127, 127, 127
L -186.8720, -393.9687, 6.5367,  -193.9363, -382.2024, 3.3942,  127, 127, 127
L -178.6678, -393.9687, 4.1756,  -186.8720, -393.9687, 6.5367,  127, 127, 127
L -174.6592, -403.9687, 5.1175,  -178.6678, -393.9687, 2.9201,  127, 127, 127
L -169.8125, -403.9687, 1.6730,  -174.6592, -403.9687, 5.1175,  127, 127, 127
L -115.5086, -368.7739, 0.0010,  -122.3977, -368.7739, 0.0010,  127, 127, 0
L -114.8010, -373.5239, 0.0010,  -123.1052, -373.5239, 0.0010,  127, 127, 0
L -195.1295, -519.6562, 14.0010,  -181.1608, -505.6875, 14.0010,  0, 0, 0
L -210.6817, -519.6562, 14.0010,  -195.1295, -519.6562, 14.0010,  0, 0, 0
L -226.6226, -503.7509, 14.0010,  -210.6817, -519.6562, 14.0010,  0, 0, 0
L -208.0312, -485.7583, 14.0010,  -226.6226, -503.7509, 14.0010,  0, 0, 0
L -208.0313, -501.9375, 14.0010,  -208.0312, -485.7583, 14.0010,  0, 0, 0
L -197.7812, -501.9375, 14.0010,  -208.0313, -501.9375, 14.0010,  0, 0, 0
L -197.7812, -487.9375, 14.0010,  -197.7812, -501.9375, 14.0010,  0, 0, 0
L -182.7136, -487.9375, 14.0010,  -197.7812, -487.9375, 14.0010,  0, 0, 0
L -169.8125, -475.0358, 14.0010,  -182.7136, -487.9375, 14.0010,  0, 0, 0
L -169.8125, -448.5891, 14.0010,  -169.8125, -475.0358, 14.0010,  0, 0, 0
L -183.8125, -434.5891, 14.0010,  -169.8125, -448.5891, 14.0010,  0, 0, 0
L -183.8125, -417.9688, 17.9893,  -183.8125, -434.5891, 14.3750,  0, 0, 0
L -174.7138, -417.9688, 14.0010,  -183.8125, -417.9688, 15.7783,  0, 0, 0
L -169.8125, -413.0671, 14.0010,  -174.7138, -417.9688, 14.0010,  0, 0, 0
L -169.8125, -403.9687, 14.0010,  -169.8125, -413.0671, 14.0010,  0, 0, 0
L -96.0937, -431.9375, 0.0010,  -110.0938, -431.9375, 0.0010,  0, 0, 0
L -96.0938, -447.0358, 0.0010,  -96.0937, -431.9375, 0.0010,  0, 0, 0
L -154.7137, -403.9688, 1.3321,  -169.8125, -403.9688, 5.1175,  0, 0, 0
L -140.7142, -389.9687, 0.0010,  -154.7137, -403.9688, 1.3321,  0, 0, 0
L -125.1597, -389.9687, 0.0010,  -140.7142, -389.9687, 0.0010,  0, 0, 0
L -110.0937, -405.0683, 0.0010,  -125.1597, -389.9687, 0.0010,  0, 0, 0
L -110.0938, -431.9375, 0.0010,  -110.0937, -405.0683, 0.0010,  0, 0, 0
L -83.1921, -459.9375, 0.0010,  -96.0937, -447.0358, 0.0010,  0, 0, 0
L -69.1921, -459.9374, 0.0010,  -83.1921, -459.9375, 0.0010,  0, 0, 0
L -55.1921, -473.9375, 0.0010,  -69.1921, -459.9374, 0.0010,  0, 0, 0
L -14.7766, -473.9375, 0.0010,  -55.1921, -473.9375, 0.0010,  0, 0, 0
L -0.7768, -459.9376, 0.0010,  -14.7766, -473.9375, 0.0010,  0, 0, 0
L 28.7779, -459.9374, 0.0010,  -0.7768, -459.9376, 0.0010,  0, 0, 0
L 45.1305, -476.3266, 0.0010,  28.7779, -459.9374, 0.0010,  0, 0, 0
L 15.3973, -491.2098, 0.0010,  45.1305, -476.3266, 0.0010,  0, 0, 0
L 1.1582, -519.6561, 0.0010,  15.3973, -491.2098, 0.0010,  0, 0, 0
L -27.2221, -519.6562, 0.0010,  1.1582, -519.6561, 0.0010,  0, 0, 0
L -40.0938, -532.5566, 0.0010,  -27.2221, -519.6562, 0.0010,  0, 0, 0
L -40.0937, -547.6562, 0.0010,  -40.0938, -532.5566, 0.0010,  0, 0, 0
L -55.5260, -547.6561, 0.0010,  -40.0937, -547.6562, 0.0010,  0, 0, 0
L -83.5263, -561.6563, 0.0010,  -55.5260, -547.6561, 0.0010,  0, 0, 0
L -98.2787, -561.6562, 0.0010,  -83.5263, -561.6563, 0.0010,  0, 0, 0
L -141.8125, -547.1315, 12.8057,  -98.2787, -561.6562, 0.0010,  0, 0, 0
L -141.8125, -518.5591, 15.0010,  -141.8125, -547.1315, 14.0010,  0, 0, 0
L -154.7129, -505.6875, 15.0010,  -141.8125, -518.5591, 15.0010,  0, 0, 0
L -181.1608, -505.6874, 14.0010,  -154.7129, -505.6875, 15.0010,  0, 0, 0
L -236.2348, -360.0550, 14.0010,  -222.5227, -337.4636, 18.6970,  127, 127, 127
L -239.7813, -359.8429, 14.0010,  -234.0312, -360.1868, 0.0010,  0, 0, 0
L -234.0312, -367.7188, 0.0010,  -234.0312, -360.1868, 0.0010,  0, 0, 0
L -234.0312, -367.7188, 0.0010,  -239.7813, -367.7187, 0.0010,  0, 0, 0
L -239.7813, -367.7187, 16.0010,  -239.7813, -359.8429, 16.0010,  0, 0, 0
L -239.7813, -401.9594, 16.0010,  -239.7813, -409.7277, 16.0010,  0, 0, 0
L -234.0310, -409.7115, 14.0010,  -239.7813, -409.7277, 14.0010,  0, 0, 0
L -234.0316, -401.9887, 6.9828,  -234.0310, -409.7115, 14.0010,  0, 0, 0
L -239.7813, -401.9594, 4.0356,  -234.0316, -401.9887, 4.9038,  0, 0, 0
L -239.7812, -367.7187, 16.0010,  -239.7813, -401.9594, 16.0010,  127, 127, 127
L -246.0312, -401.9688, 16.0010,  -246.0312, -367.7500, 16.0010,  127, 127, 127
L -348.5845, -459.9588, 14.0010,  -361.7484, -433.8134, 14.0010,  0, 0, 0
L -348.5845, -459.9588, 14.0010,  -333.9999, -474.1873, 14.0010,  0, 0, 0
L -323.7499, -487.9375, 14.0010,  -323.7500, -473.9478, 14.0010,  0, 0, 0
L -334.0000, -487.9375, 14.0010,  -333.9999, -474.1873, 14.0010,  0, 0, 0
L -323.7499, -487.9375, 14.0010,  -334.0000, -487.9375, 14.0010,  0, 0, 0
L -337.0650, -463.6605, 14.0010,  -295.0355, -463.6874, 14.0010,  0, 0, 0
L -281.4195, -490.9183, 14.0010,  -295.0355, -463.6874, 14.0010,  0, 0, 0
L -337.0650, -463.6605, 14.0010,  -351.8203, -434.0937, 14.0010,  0, 0, 0
L -347.8887, -406.0630, 14.0010,  -361.7482, -433.8135, 14.0010,  0, 0, 0
L -295.0356, -463.6875, 14.0010,  -306.4751, -474.0395, 14.0010,  240, 0, 0
L -292.4827, -505.0683, 14.0010,  -305.2219, -517.7827, 14.0010,  0, 0, 0
L -292.4853, -488.5537, 14.0010,  -292.4827, -505.0683, 14.0010,  0, 0, 0
L -306.5483, -474.0395, 14.0010,  -292.4853, -488.5537, 14.0010,  0, 0, 0
L -323.7500, -473.9478, 14.0010,  -306.5483, -474.0395, 14.0010,  0, 0, 0
L -267.4473, -504.9226, 14.0010,  -281.4195, -490.9183, 14.0010,  0, 0, 0
L -253.7812, -532.2243, 14.0010,  -267.4473, -504.9226, 14.0010,  0, 0, 0
L -254.0089, -544.8446, 14.0010,  -253.7812, -532.2243, 14.0010,  0, 0, 0
L -237.7608, -561.6562, 14.0010,  -254.0089, -544.8446, 14.0010,  0, 0, 0
L -210.2156, -561.6562, 14.0010,  -237.7608, -561.6562, 14.0010,  0, 0, 0
L -194.0312, -545.7503, 14.0010,  -210.2156, -561.6562, 14.0010,  0, 0, 0
L -194.0312, -529.9719, 14.0010,  -194.0312, -545.7503, 14.0010,  0, 0, 0
L -223.1296, -529.9063, 14.0010,  -194.0312, -529.9719, 14.0010,  0, 0, 0
L -236.0313, -517.0045, 14.0010,  -223.1296, -529.9063, 14.0010,  0, 0, 0
L -236.0313, -490.5885, 14.0010,  -236.0313, -517.0045, 14.0010,  0, 0, 0
L -223.1296, -477.6875, 14.0010,  -236.0313, -490.5885, 14.0010,  0, 0, 0
L -196.0931, -477.6987, 14.0010,  -223.1296, -477.6875, 14.0010,  0, 0, 0
L -180.0650, -461.9101, 14.0010,  -196.0931, -477.6987, 14.0010,  0, 0, 0
L -195.8178, -445.9395, 14.0010,  -180.0650, -461.9101, 14.0010,  0, 0, 0
L -209.7907, -445.9375, 14.0010,  -195.8178, -445.9395, 14.0010,  0, 0, 0
L -224.6829, -459.9375, 14.0010,  -209.7907, -445.9375, 14.0010,  0, 0, 0
L -251.1296, -459.9375, 14.0010,  -224.6829, -459.9375, 14.0010,  0, 0, 0
L -263.3929, -447.6742, 14.0010,  -251.1296, -459.9375, 14.0010,  0, 0, 0
L -248.2904, -428.7948, 14.0010,  -263.3929, -447.6742, 14.0010,  0, 0, 0
L -246.2969, -408.9178, 14.0010,  -248.2904, -428.7948, 14.0010,  0, 0, 0
L -246.4916, -401.9688, 0.0010,  -246.2969, -408.9178, 14.0010,  0, 0, 0
L -251.3636, -401.9688, 0.0010,  -246.0312, -401.9688, 0.0010,  0, 0, 0
L -251.7810, -403.9687, 0.0010,  -251.3636, -401.9688, 0.0010,  0, 0, 0
L -246.0312, -367.7500, 0.0010,  -251.2856, -367.1137, 0.0010,  0, 0, 0
L -246.0313, -360.5106, 14.0010,  -246.2898, -367.7187, 0.0010,  0, 0, 0
L -247.8959, -359.9688, 14.0010,  -246.0313, -360.5106, 14.0010,  0, 0, 0
L -256.0313, -345.3843, 14.0010,  -247.8959, -359.9688, 14.0010,  0, 0, 0
L -338.8394, -334.1878, 14.0010,  -340.1239, -340.7763, 0.0010,  0, 0, 0
L -330.6479, -326.1667, 14.0010,  -338.8394, -334.1878, 14.0010,  0, 0, 0
L -294.2314, -322.0280, 14.0010,  -330.6479, -326.1667, 14.0010,  0, 0, 0
L -273.4322, -332.0001, 14.0010,  -294.2314, -322.0280, 14.0010,  0, 0, 0
L -256.4116, -332.0000, 14.0010,  -273.4322, -332.0001, 14.0010,  0, 0, 0
L -256.0313, -345.3842, 14.0010,  -256.4116, -332.0000, 14.0010,  0, 0, 0
L -351.8203, -434.0937, 14.0010,  -320.7529, -403.9688, 0.0010,  0, 0, 0
L -361.7484, -433.8134, 14.0010,  -351.7390, -434.0149, 14.0010,  240, 0, 0
L -361.9688, -391.0683, 14.0010,  -347.8887, -406.0630, 14.0010,  0, 0, 0
L -361.9687, -336.3141, 14.0010,  -361.9688, -391.0683, 14.0010,  0, 0, 0
L -348.7155, -309.7499, 14.0010,  -361.9687, -336.3141, 14.0010,  0, 0, 0
L -335.3098, -309.7479, 14.0010,  -348.7155, -309.7499, 14.0010,  0, 0, 0
L -321.0983, -295.7500, 14.0010,  -335.3098, -309.7479, 14.0010,  0, 0, 0
L -302.0239, -295.7500, 14.0010,  -321.0983, -295.7500, 14.0010,  0, 0, 0
L -294.6516, -295.7500, 14.0010,  -302.0239, -295.7500, 14.0010,  0, 0, 0
L -279.8148, -310.2166, 14.0010,  -294.6516, -295.7500, 14.0010,  0, 0, 0
L -252.7483, -309.7500, 14.0010,  -279.8148, -310.2166, 14.0010,  0, 0, 0
L -236.7065, -327.6488, 14.0010,  -252.7483, -309.7500, 14.0010,  0, 0, 0
L -222.7017, -337.6586, 0.0010,  -236.7065, -327.6488, 14.0010,  0, 0, 0
L -208.0393, -321.6842, 0.0010,  -222.7017, -337.6586, 0.0010,  0, 0, 0
L -212.0312, -315.3073, 0.0010,  -208.0393, -321.6842, 0.0010,  0, 0, 0
L -212.0312, -314.4427, 0.0010,  -212.0312, -315.3073, 0.0010,  0, 0, 0
L -255.1236, -404.4176, 0.0010,  -251.7813, -403.9687, 0.0010,  0, 0, 0
L -267.2827, -418.5685, 0.0010,  -255.1236, -404.4176, 0.0010,  0, 0, 0
L -280.6499, -431.9375, 0.0010,  -267.2827, -418.5685, 0.0010,  0, 0, 0
L -292.7235, -431.9375, 0.0010,  -280.6499, -431.9375, 0.0010,  0, 0, 0
L -307.5750, -403.9837, 0.0010,  -292.7235, -431.9375, 0.0010,  0, 0, 0
L -320.7529, -403.9687, 0.0010,  -307.5750, -403.9837, 0.0010,  0, 0, 0
L -343.9029, -363.4614, 0.0010,  -320.7529, -403.9687, 0.0010,  127, 127, 127
L -340.1241, -340.7779, 0.0010,  -343.9029, -363.4614, 0.0010,  0, 0, 0
L -329.0136, -329.6653, 0.0010,  -340.1241, -340.7779, 0.0010,  0, 0, 0
L -294.2173, -325.8000, 0.0010,  -329.0136, -329.6653, 0.0010,  0, 0, 0
L -275.4587, -335.1794, 0.0010,  -294.2173, -325.8000, 0.0010,  0, 0, 0
L -265.1099, -371.2814, 0.0010,  -275.4587, -335.1794, 0.0010,  0, 0, 0
L -251.2856, -367.1137, 0.0010,  -265.1099, -371.2814, 0.0010,  0, 0, 0
L -209.6426, -306.1280, 0.0010,  -212.0312, -314.4423, 0.0010,  0, 0, 0
L -214.3489, -308.0000, 0.0010,  -209.6426, -306.1280, 0.0010,  0, 0, 0
L -217.6021, -308.0000, 0.0010,  -214.3489, -308.0000, 0.0010,  0, 0, 0
L -224.4426, -306.0000, 0.0010,  -217.6021, -308.0000, 0.0010,  0, 0, 0
L -227.8298, -292.4501, 0.0010,  -224.4426, -306.0000, 0.0010,  0, 0, 0
L -215.3998, -280.0202, 0.0010,  -227.8298, -292.4501, 0.0010,  0, 0, 0
L -209.6526, -283.5338, 0.0010,  -215.3998, -280.0202, 0.0010,  0, 0, 0
L -204.9071, -275.7500, 0.0010,  -209.6526, -283.5338, 0.0010,  0, 0, 0
L -200.9119, -275.7500, 0.0010,  -204.9071, -275.7500, 0.0010,  0, 0, 0
L -195.0486, -281.5424, 0.0010,  -200.9119, -275.7500, 0.0010,  0, 0, 0
L -185.4834, -272.1037, 0.0010,  -195.0486, -281.5424, 0.0010,  0, 0, 0
L -177.3788, -275.3202, 0.0010,  -185.4834, -272.1037, 0.0010,  0, 0, 0
L -169.4995, -294.8287, 0.0010,  -177.3788, -275.3202, 0.0010,  0, 0, 0
L -166.0621, -288.7939, 0.0010,  -169.4995, -294.8287, 0.0010,  0, 0, 0
L -166.0625, -253.7809, 0.0010,  -166.0621, -288.7939, 0.0010,  0, 0, 0
L -121.8125, -253.7812, 0.0010,  -166.0625, -253.7809, 0.0010,  0, 0, 0
L -121.5955, -254.7818, 0.0010,  -121.8125, -253.7812, 0.0010,  0, 0, 0
L -116.8455, -255.4304, 0.0010,  -121.5955, -254.7818, 0.0010,  0, 0, 0
L -263.7740, -204.7812, 7.0010,  -271.0313, -204.7810, 7.0010,  0, 0, 0
L -264.0168, -194.2391, 8.0010,  -263.7740, -204.7812, 7.0010,  0, 0, 0
L -282.1750, -194.0312, 14.0010,  -264.0168, -194.2391, 8.0010,  0, 0, 0
L -281.9043, -253.9228, 14.0010,  -282.1750, -194.0312, 14.0010,  0, 0, 0
L -264.1835, -253.7813, 8.8094,  -281.9043, -253.9228, 14.0010,  0, 0, 0
L -264.0308, -243.1910, 7.0010,  -264.1835, -253.7813, 8.8094,  0, 0, 0
L -271.0313, -243.0313, 7.0010,  -264.0308, -243.1910, 7.0010,  0, 0, 0
L -271.0313, -204.7812, 7.0010,  -271.0313, -243.0313, 7.0010,  0, 0, 0
L -218.8326, -236.0842, 7.0010,  -218.7809, -243.0313, 8.1196,  0, 0, 0
L -208.0004, -236.0312, 3.5996,  -218.8326, -236.0842, 7.0010,  0, 0, 0
L -208.0312, -253.9385, 6.7414,  -208.0004, -236.0312, 3.5996,  0, 0, 0
L -225.7075, -253.7813, 13.1093,  -208.0312, -253.9385, 6.7414,  0, 0, 0
L -225.7813, -243.3080, 9.6198,  -225.7075, -253.7813, 13.1093,  0, 0, 0
L -218.7808, -243.0312, 8.1196,  -225.7813, -243.3080, 9.6198,  0, 0, 0
L -218.7813, -211.7532, 7.0010,  -218.7813, -204.7813, 7.0010,  0, 0, 0
L -208.0313, -211.7812, 0.0010,  -218.7813, -211.7532, 7.0010,  0, 0, 0
L -208.0313, -193.8907, 0.0010,  -208.0313, -211.7812, 0.0010,  0, 0, 0
L -226.0098, -193.7708, 2.3868,  -208.0313, -193.8907, 0.0010,  0, 0, 0
L -225.7812, -204.8464, 7.0010,  -226.0098, -193.7708, 2.3868,  0, 0, 0
L -218.7813, -204.7813, 7.0010,  -225.7812, -204.8464, 7.0010,  0, 0, 0
L -116.8455, -255.4304, 0.0010,  -116.8455, -262.3820, 0.0010,  127, 127, 0
L -116.0625, -253.7808, 0.0010,  -116.8455, -255.4304, 0.0010,  0, 0, 0
L -110.6440, -253.2331, 0.0010,  -116.0625, -253.7808, 0.0010,  0, 0, 0
L -110.0937, -194.2417, 0.0010,  -110.6440, -253.2331, 0.0010,  0, 0, 0
L -155.5822, -194.0313, 0.0010,  -110.0937, -194.2417, 0.0010,  0, 0, 0
L -155.8125, -211.9223, 0.0010,  -155.5822, -194.0313, 0.0010,  0, 0, 0
L -141.8125, -211.7812, 0.0010,  -155.8125, -211.9223, 0.0010,  0, 0, 0
L -141.8125, -236.0313, 0.0010,  -141.8125, -211.7812, 0.0010,  0, 0, 0
L -182.5329, -236.1283, 0.0010,  -141.8125, -236.0313, 0.0010,  0, 0, 0
L -197.0667, -264.0313, 5.6015,  -182.5329, -236.1283, 0.0010,  0, 0, 0
L -247.1495, -264.4397, 13.5108,  -197.0667, -264.0313, 5.6015,  0, 0, 0
L -248.1640, -268.5944, 14.9805,  -247.1495, -264.4397, 13.5108,  0, 0, 0
L -243.7813, -269.7813, 16.9050,  -248.1640, -268.5944, 14.9805,  0, 0, 0
L -245.1382, -271.9999, 17.4263,  -243.7813, -269.7813, 16.9050,  0, 0, 0
L -256.7474, -270.0313, 18.4144,  -245.1382, -271.9999, 17.4263,  0, 0, 0
L -260.9400, -264.0312, 14.5117,  -256.7474, -270.0313, 18.4144,  0, 0, 0
L -306.7162, -264.0313, 14.0010,  -260.9400, -264.0312, 14.5117,  0, 0, 0
L -322.2707, -236.0313, 14.0010,  -306.7162, -264.0313, 14.0010,  0, 0, 0
L -361.9688, -236.0313, 14.0010,  -322.2707, -236.0313, 14.0010,  0, 0, 0
L -361.9688, -211.7808, 14.0010,  -361.9688, -236.0313, 14.0010,  0, 0, 0
L -360.4158, -211.1214, 14.0010,  -361.9688, -211.7808, 14.0010,  0, 0, 0
L -31.2008, -248.4662, 0.0010,  -31.2008, -241.3463, 0.0010,  127, 127, 0
L -31.2008, -241.3463, 0.0010,  -26.4508, -240.9624, 0.0010,  0, 0, 0
L -31.8750, -239.7812, 0.0010,  -31.2008, -241.3463, 0.0010,  0, 0, 0
L -43.3055, -239.7813, 0.0010,  -31.8750, -239.7812, 0.0010,  0, 0, 0
L -43.8437, -211.7812, 0.0010,  -43.3055, -239.7813, 0.0010,  0, 0, 0
L -71.5703, -211.7812, 0.0010,  -43.8437, -211.7812, 0.0010,  0, 0, 0
L -71.8437, -197.7812, 0.0010,  -71.5703, -211.7812, 0.0010,  0, 0, 0
L -82.0938, -197.7812, 0.0010,  -71.8437, -197.7812, 0.0010,  0, 0, 0
L -82.0938, -222.0313, 0.0010,  -82.0938, -197.7812, 0.0010,  0, 0, 0
L -54.7984, -222.0346, 0.0010,  -82.0938, -222.0313, 0.0010,  0, 0, 0
L -54.0938, -267.5682, 0.0010,  -54.7984, -222.0346, 0.0010,  0, 0, 0
L -71.0153, -267.7813, 0.0010,  -54.0938, -267.5682, 0.0010,  0, 0, 0
L -71.8437, -239.7812, 0.0010,  -71.0153, -267.7813, 0.0010,  0, 0, 0
L -100.8660, -239.7812, 0.0010,  -71.8437, -239.7812, 0.0010,  0, 0, 0
L -99.8437, -183.8125, 0.0010,  -100.8660, -239.7812, 0.0010,  0, 0, 0
L -166.0625, -183.8125, 0.0010,  -99.8437, -183.8125, 0.0010,  0, 0, 0
L -166.0625, -211.7372, 0.0010,  -166.0625, -183.8125, 0.0010,  0, 0, 0
L -183.2238, -211.2705, 0.0010,  -166.0625, -211.7372, 0.0010,  0, 0, 0
L -197.0662, -183.8125, 0.0010,  -183.2238, -211.2705, 0.0010,  0, 0, 0
L -306.7167, -183.8125, 14.0010,  -197.0662, -183.8125, 0.0010,  0, 0, 0
L -321.3558, -211.8559, 14.0010,  -306.7167, -183.8125, 14.0010,  0, 0, 0
L -353.1814, -211.7812, 14.0010,  -321.3558, -211.8559, 14.0010,  0, 0, 0
L -353.2716, -211.1214, 14.0010,  -353.1814, -211.7812, 14.0010,  0, 0, 0
L -353.1469, -211.7812, 14.0010,  -353.1469, -211.7812, 14.0010,  0, 0, 0
L -353.2716, -211.1214, 14.0010,  -360.4158, -211.1214, 14.0010,  127, 127, 0
L -293.0983, -529.9063, 14.0010,  -305.2219, -517.7827, 14.0010,  0, 0, 0
L -279.0318, -530.1065, 14.0010,  -293.0983, -529.9063, 14.0010,  0, 0, 0
L -264.2821, -544.8442, 14.0010,  -279.0318, -530.1065, 14.0010,  0, 0, 0
L -264.0313, -559.0046, 14.0010,  -264.2821, -544.8442, 14.0010,  0, 0, 0
L -251.1295, -571.9063, 14.0010,  -264.0313, -559.0046, 14.0010,  0, 0, 0
L -196.6837, -571.9063, 14.0010,  -251.1295, -571.9063, 14.0010,  0, 0, 0
L -183.8125, -559.0058, 14.0010,  -196.6837, -571.9063, 14.0010,  0, 0, 0
L -183.8609, -531.6299, 14.0010,  -183.8125, -559.0058, 14.0010,  0, 0, 0
L -168.0399, -515.6287, 14.9943,  -183.8609, -531.6299, 14.0010,  0, 0, 0
L -151.6424, -530.6476, 15.0010,  -168.0399, -515.6287, 14.9943,  0, 0, 0
L -151.2998, -545.0447, 14.0010,  -151.6424, -530.6476, 15.0010,  0, 0, 0
L -179.5249, -587.5180, 1.8829,  -151.2998, -545.0447, 14.0010,  0, 0, 0
L -165.1942, -600.8646, 0.0010,  -179.5249, -587.5180, 1.8829,  0, 0, 0
L -178.7740, -615.2380, 0.0010,  -165.1942, -600.8646, 0.0010,  0, 0, 0
L -153.4959, -627.8749, 2.7651,  -178.7740, -615.2380, 0.0010,  0, 0, 0
L -141.0959, -627.8750, 2.9737,  -153.4959, -627.8749, 2.7651,  0, 0, 0
L -127.3178, -600.2054, 1.3262,  -141.0959, -627.8750, 2.9737,  0, 0, 0
L -97.5179, -613.8749, 1.9648,  -127.3178, -600.2054, 1.3262,  0, 0, 0
L -84.7427, -613.8750, 1.5631,  -97.5179, -613.8749, 1.9648,  0, 0, 0
L -70.3131, -599.9069, 0.0010,  -84.7427, -613.8750, 1.5631,  0, 0, 0
L -43.1280, -599.8750, 0.0010,  -70.3131, -599.9069, 0.0010,  0, 0, 0
L -29.4882, -572.6406, 0.0010,  -43.1280, -599.8750, 0.0010,  0, 0, 0
L -14.7766, -571.9063, 0.0010,  -29.4882, -572.6406, 0.0010,  0, 0, 0
L -0.8510, -558.1104, 0.0010,  -14.7766, -571.9063, 0.0010,  0, 0, 0
L 13.2234, -557.9063, 0.0010,  -0.8510, -558.1104, 0.0010,  0, 0, 0
L 26.1251, -545.0045, 0.0010,  13.2234, -557.9063, 0.0010,  0, 0, 0
L 26.1461, -531.2347, 0.0010,  26.1251, -545.0045, 0.0010,  0, 0, 0
L 41.6645, -529.9063, 0.0010,  26.1461, -531.2347, 0.0010,  0, 0, 0
L 82.0940, -516.4297, 0.0010,  41.6645, -529.9063, 0.0010,  0, 0, 0
L 82.0938, -490.9707, 0.0010,  82.0940, -516.4297, 0.0010,  0, 0, 0
L 54.6516, -477.1469, 0.0010,  82.0938, -490.9707, 0.0010,  0, 0, 0
L 40.2435, -448.5469, 0.0010,  54.6516, -477.1469, 0.0010,  0, 0, 0
L 40.0937, -434.9706, 0.0010,  40.2435, -448.5469, 0.0010,  0, 0, 0
L 14.3702, -422.1241, 0.0010,  40.0937, -434.9706, 0.0010,  0, 0, 0
L -11.6250, -448.0903, 0.0010,  14.3702, -422.1241, 0.0010,  0, 0, 0
L -43.8180, -463.9894, 0.0010,  -11.6250, -448.0903, 0.0010,  0, 0, 0
L -43.8433, -405.8032, 0.0010,  -43.8180, -463.9894, 0.0010,  0, 0, 0
L -13.8500, -389.9747, 0.0010,  -43.8433, -405.8032, 0.0010,  0, 0, 0
L 0.7767, -403.9688, 0.0010,  -13.8500, -389.9747, 0.0010,  0, 0, 0
L 13.2234, -403.9688, 0.0010,  0.7767, -403.9688, 0.0010,  0, 0, 0
L 26.1250, -391.0671, 0.0010,  13.2234, -403.9688, 0.0010,  0, 0, 0
L 26.1250, -378.6197, 0.0010,  26.1250, -391.0671, 0.0010,  0, 0, 0
L 13.2234, -365.7187, 0.0010,  26.1250, -378.6197, 0.0010,  0, 0, 0
L 0.7767, -365.7187, 0.0010,  13.2234, -365.7187, 0.0010,  0, 0, 0
L -13.6885, -379.6927, 0.0010,  0.7767, -365.7187, 0.0010,  0, 0, 0
L -56.2733, -365.7187, 0.0010,  -13.6885, -379.6927, 0.0010,  0, 0, 0
L -69.1921, -365.7187, 0.0010,  -56.2733, -365.7187, 0.0010,  0, 0, 0
L -82.0938, -378.6195, 0.0010,  -69.1921, -365.7187, 0.0010,  0, 0, 0
L -82.0938, -391.0671, 0.0010,  -82.0938, -378.6195, 0.0010,  0, 0, 0
L -68.0397, -405.5203, 0.0010,  -82.0938, -391.0671, 0.0010,  0, 0, 0
L -84.0440, -421.7172, 0.0010,  -68.0397, -405.5203, 0.0010,  0, 0, 0
L -99.3749, -407.1772, 0.0010,  -84.0440, -421.7172, 0.0010,  0, 0, 0
L -99.8437, -392.6204, 0.0010,  -99.3749, -407.1772, 0.0010,  0, 0, 0
L -113.8467, -377.8262, 0.0010,  -99.8437, -392.6204, 0.0010,  0, 0, 0
L -113.8437, -373.7188, 0.0010,  -113.8467, -377.8262, 0.0010,  0, 0, 0
L -114.8010, -373.5239, 0.0010,  -113.8437, -373.7188, 0.0010,  0, 0, 0
L -115.5086, -368.7739, 0.0010,  -114.8010, -373.5239, 0.0010,  0, 0, 0
L -113.8437, -367.9688, 0.0010,  -115.5086, -368.7739, 0.0010,  0, 0, 0
L -113.7740, -349.3684, 0.0010,  -113.8437, -367.9688, 0.0010,  0, 0, 0
L -99.8437, -335.0983, 0.0010,  -113.7740, -349.3684, 0.0010,  0, 0, 0
L -99.8437, -322.6516, 0.0010,  -99.8437, -335.0983, 0.0010,  0, 0, 0
L -112.7454, -309.7500, 0.0010,  -99.8437, -322.6516, 0.0010,  0, 0, 0
L -125.1608, -309.7500, 0.0010,  -112.7454, -309.7500, 0.0010,  0, 0, 0
L -138.0625, -322.6516, 0.0010,  -125.1608, -309.7500, 0.0010,  0, 0, 0
L -138.0625, -335.0983, 0.0010,  -138.0625, -322.6516, 0.0010,  0, 0, 0
L -123.6327, -348.1971, 0.0010,  -138.0625, -335.0983, 0.0010,  0, 0, 0
L -124.0625, -367.9688, 0.0010,  -123.6327, -348.1971, 0.0010,  0, 0, 0
L -122.3977, -368.7739, 0.0010,  -124.0625, -367.9688, 0.0010,  0, 0, 0
L -123.1052, -373.5239, 0.0010,  -122.3977, -368.7739, 0.0010,  0, 0, 0
L -124.0625, -373.7183, 0.0010,  -123.1052, -373.5239, 0.0010,  0, 0, 0
L -124.9084, -380.5037, 0.0010,  -124.0625, -373.7183, 0.0010,  0, 0, 0
L -140.5562, -380.0496, 0.0010,  -124.9084, -380.5037, 0.0010,  0, 0, 0
L -154.7141, -365.7187, 0.0010,  -140.5562, -380.0496, 0.0010,  0, 0, 0
L -167.7951, -365.7190, 0.0010,  -154.7141, -365.7187, 0.0010,  0, 0, 0
L -183.4786, -336.9850, 0.0010,  -167.7951, -365.7190, 0.0010,  0, 0, 0
L -199.0687, -322.0714, 0.0010,  -183.4786, -336.9850, 0.0010,  0, 0, 0
L -191.8125, -316.8745, 0.0010,  -199.0687, -322.0714, 0.0010,  0, 0, 0
L -191.8125, -312.8755, 0.0010,  -191.8125, -316.8745, 0.0010,  0, 0, 0
L -199.1639, -308.8153, 0.0010,  -191.8125, -312.8755, 0.0010,  0, 0, 0
L -193.8125, -303.1026, 0.0010,  -199.1639, -308.8153, 0.0010,  0, 0, 0
L -193.8125, -302.3145, 0.0010,  -193.8125, -303.1026, 0.0010,  0, 0, 0
L -196.9949, -291.1831, 0.0010,  -193.8125, -302.3145, 0.0010,  0, 0, 0
L -189.3672, -296.0000, 0.0010,  -196.9949, -291.1831, 0.0010,  0, 0, 0
L -184.8883, -292.0059, 0.0010,  -189.3672, -296.0000, 0.0010,  0, 0, 0
L -177.8275, -297.9104, 0.0010,  -184.8883, -292.0059, 0.0010,  0, 0, 0
L -184.0625, -302.8784, 0.0010,  -177.8275, -297.9104, 0.0010,  0, 0, 0
L -184.0625, -305.4323, 0.0010,  -184.0625, -302.8784, 0.0010,  0, 0, 0
L -182.7797, -307.9979, 0.0010,  -184.0625, -305.4323, 0.0010,  0, 0, 0
L -178.1781, -308.3912, 0.0010,  -182.7797, -307.9979, 0.0010,  0, 0, 0
L -178.0625, -313.3073, 0.0010,  -178.1781, -308.3912, 0.0010,  0, 0, 0
L -174.3151, -318.0000, 0.0010,  -178.0625, -313.3073, 0.0010,  0, 0, 0
L -172.5847, -318.0000, 0.0010,  -174.3151, -318.0000, 0.0010,  0, 0, 0
L -164.3815, -314.0533, 0.0010,  -172.5847, -318.0000, 0.0010,  0, 0, 0
L -160.7138, -314.0000, 0.0010,  -164.3815, -314.0533, 0.0010,  0, 0, 0
L -155.6302, -308.9152, 0.0010,  -160.7138, -314.0000, 0.0010,  0, 0, 0
L -153.9577, -302.2249, 0.0010,  -155.6302, -308.9152, 0.0010,  0, 0, 0
L -156.9409, -297.7500, 0.0010,  -153.9577, -302.2249, 0.0010,  0, 0, 0
L -166.2955, -299.1356, 0.0010,  -156.9409, -297.7500, 0.0010,  0, 0, 0
L -159.8647, -292.0000, 0.0010,  -166.2955, -299.1356, 0.0010,  0, 0, 0
L -127.8123, -292.0000, 0.0010,  -159.8647, -292.0000, 0.0010,  0, 0, 0
L -127.8125, -264.1700, 0.0010,  -127.8123, -292.0000, 0.0010,  0, 0, 0
L -121.8125, -264.0313, 0.0010,  -127.8125, -264.1700, 0.0010,  0, 0, 0
L -121.5955, -263.0307, 0.0010,  -121.8125, -264.0313, 0.0010,  0, 0, 0
L -116.8455, -262.3820, 0.0010,  -121.5955, -263.0307, 0.0010,  0, 0, 0
L -116.0625, -264.0313, 0.0010,  -116.8455, -262.3820, 0.0010,  0, 0, 0
L -110.7657, -264.0313, 0.0010,  -116.0625, -264.0313, 0.0010,  0, 0, 0
L -110.0938, -292.0000, 0.0010,  -110.7657, -264.0313, 0.0010,  0, 0, 0
L -71.8436, -292.0000, 0.0010,  -110.0938, -292.0000, 0.0010,  0, 0, 0
L -71.8438, -278.2123, 0.0010,  -71.8436, -292.0000, 0.0010,  0, 0, 0
L -43.8436, -278.0000, 0.0010,  -71.8438, -278.2123, 0.0010,  0, 0, 0
L -44.1430, -250.3086, 0.0010,  -43.8436, -278.0000, 0.0010,  0, 0, 0
L -31.8750, -250.0313, 0.0010,  -44.1430, -250.3086, 0.0010,  0, 0, 0
L -31.1798, -248.4489, 0.0010,  -31.8750, -250.0313, 0.0010,  0, 0, 0
L -26.1250, -249.2961, 0.0010,  -31.1798, -248.4489, 0.0010,  0, 0, 0
L -26.1250, -264.0313, 0.0010,  -26.1250, -249.2961, 0.0010,  0, 0, 0
L -10.6616, -264.0312, 0.0010,  -26.1250, -264.0313, 0.0010,  0, 0, 0
L -10.5761, -264.6864, 0.0010,  -10.6616, -264.0312, 0.0010,  0, 0, 0
L -10.9165, -269.4365, 0.0010,  -10.5761, -264.6864, 0.0010,  0, 0, 0
L -12.1250, -269.7813, 0.0010,  -10.9165, -269.4365, 0.0010,  0, 0, 0
L -12.1250, -278.0000, 0.0010,  -12.1250, -269.7813, 0.0010,  0, 0, 0
L -1.8750, -278.0000, 0.0010,  -12.1250, -278.0000, 0.0010,  0, 0, 0
L -1.8750, -269.7813, 0.0010,  -1.8750, -278.0000, 0.0010,  0, 0, 0
L -3.0836, -269.4364, 0.0010,  -1.8750, -269.7813, 0.0010,  0, 0, 0
L -3.4240, -264.6864, 0.0010,  -3.0836, -269.4364, 0.0010,  0, 0, 0
L -3.4336, -263.9476, 0.0010,  -3.4240, -264.6864, 0.0010,  0, 0, 0
L -1.8750, -264.0313, 0.0010,  -3.4336, -263.9476, 0.0010,  0, 0, 0
L -1.8750, -248.0662, 0.0010,  -1.8750, -264.0313, 0.0010,  0, 0, 0
L 4.6375, -248.0313, 0.0010,  -1.8750, -248.0662, 0.0010,  0, 0, 0
L 9.3875, -248.6451, -0.9990,  4.6375, -248.0313, 0.0010,  0, 0, 0
L -10.9164, -269.4364, 0.0010,  -3.0836, -269.4364, 0.0010,  127, 127, 0
L -10.8958, -225.4216, 0.0010,  -3.1042, -225.4216, 0.0010,  127, 127, 0
L -10.5889, -220.6716, 0.0010,  -3.4111, -220.6716, 0.0010,  127, 127, 0
L 4.6375, -241.7809, 0.0010,  4.6375, -248.0313, 0.0010,  127, 127, 0
L -3.4239, -264.6864, 0.0010,  -10.5760, -264.6864, 0.0010,  127, 127, 0
L -26.4508, -248.8500, 0.0010,  -26.4508, -240.9624, 0.0010,  127, 127, 0
L 167.8585, -155.1622, 0.0010,  175.4585, -162.6719, 0.0010,  127, 127, 127
L 153.4533, -154.0040, 0.1122,  167.8585, -155.1622, 0.0010,  127, 127, 127
L 125.6322, -140.4498, 0.0010,  153.4533, -154.0040, 0.1122,  127, 127, 127
L 124.6864, -126.1029, 0.0010,  125.6322, -140.4498, 0.0010,  127, 127, 127
L 97.4781, -111.3429, 0.0010,  124.6864, -126.1029, 0.0010,  127, 127, 127
L 97.0169, -98.4648, 0.0010,  97.4781, -111.3429, 0.0010,  127, 127, 127
L 82.6808, -83.8060, 0.0010,  97.0169, -98.4648, 0.0010,  127, 127, 127
L 82.2865, -71.0993, 0.0010,  82.6808, -83.8060, 0.0010,  127, 127, 127
L 38.0938, 161.8125, 0.0010,  38.0938, 171.4039, 0.0010,  127, 127, 127
L 31.4040, 161.8125, 0.0010,  38.0938, 161.8125, 0.0010,  127, 127, 127
L -41.8437, 41.8437, 0.0010,  -98.4318, 41.8437, 0.0010,  0, 0, 0
L -41.8440, 161.5937, 0.0010,  -41.8437, 41.8437, 0.0010,  0, 0, 0
L 31.4222, 161.8125, 0.0010,  -41.8440, 161.5937, 0.0010,  0, 0, 0
L 32.0753, 149.9419, 14.0010,  31.4222, 161.8125, 0.0010,  0, 0, 0
L 15.8750, 138.8983, 14.0010,  32.0753, 149.9419, 14.0010,  0, 0, 0
L 15.8750, 127.8125, 14.0010,  15.8750, 138.8983, 14.0010,  0, 0, 0
L 27.3863, 127.9770, 14.0010,  15.8750, 127.8125, 14.0010,  0, 0, 0
L 39.9336, 140.5524, 14.0010,  27.3863, 127.9770, 14.0010,  0, 0, 0
L 37.7402, 151.0234, 14.0010,  39.9336, 140.5524, 14.0010,  0, 0, 0
L 51.9021, 151.8914, 14.0010,  37.7402, 151.0234, 14.0010,  0, 0, 0
L 57.4327, 127.8125, 14.0010,  51.9021, 151.8914, 14.0010,  0, 0, 0
L 84.7248, 128.1044, 14.0010,  57.4327, 127.8125, 14.0010,  0, 0, 0
L 99.8843, 112.7235, 14.0010,  84.7248, 128.1044, 14.0010,  0, 0, 0
L 85.4392, 68.1431, 0.0010,  99.8843, 112.7235, 14.0010,  0, 0, 0
L 42.7465, 68.0938, 0.0010,  85.4392, 68.1431, 0.0010,  0, 0, 0
L 29.8750, 55.1933, 0.0010,  42.7465, 68.0938, 0.0010,  0, 0, 0
L 29.3287, 26.6770, -1.9990,  29.8750, 55.1933, 0.0010,  0, 0, 0
L 14.3353, 11.9243, 0.0010,  29.3287, 26.6770, -1.9990,  0, 0, 0
L -3.2233, 12.1250, 0.0010,  14.3353, 11.9243, 0.0010,  0, 0, 0
L -15.1723, 0.1760, 0.0010,  -3.2233, 12.1250, 0.0010,  0, 0, 0
L 1.8750, -13.0545, 0.0010,  -15.1723, 0.1760, 0.0010,  0, 0, 0
L 1.8750, -54.0938, 0.0010,  1.8750, -13.0545, 0.0010,  0, 0, 0
L 40.0938, -54.0938, 0.0010,  1.8750, -54.0938, 0.0010,  0, 0, 0
L 40.0937, -26.3087, 0.0010,  40.0938, -54.0938, 0.0010,  0, 0, 0
L 71.8968, -26.1248, 0.0010,  40.0937, -26.3087, 0.0010,  0, 0, 0
L 71.8438, -72.0986, 0.0010,  71.8968, -26.1248, 0.0010,  0, 0, 0
L 57.1284, -71.8437, 0.0010,  71.8438, -72.0986, 0.0010,  0, 0, 0
L 16.6531, -125.9390, 31.1374,  57.1284, -71.8437, 0.0010,  0, 0, 0
L 42.7479, -152.0625, 0.0010,  16.6531, -125.9390, 31.1374,  0, 0, 0
L 58.1199, -152.8922, 0.0010,  42.7479, -152.0625, 0.0010,  0, 0, 0
L 30.0954, -209.9072, 23.2795,  58.1199, -152.8922, 0.0010,  0, 0, 0
L 43.9900, -239.7812, 0.0010,  30.0954, -209.9072, 23.2795,  0, 0, 0
L 9.3875, -241.1674, -1.0041,  9.8750, -239.7813, -1.9990,  0, 0, 0
L 9.3875, -248.6451, -0.9990,  9.3875, -241.1674, -1.0041,  127, 127, 0
L 9.8750, -250.0312, -1.0091,  9.3875, -248.6451, -0.9990,  0, 0, 0
L 30.5144, -279.0368, 0.0010,  44.9756, -250.0313, 0.0010,  0, 0, 0
L 56.4120, -292.0001, 0.0010,  30.5144, -279.0368, 0.0010,  0, 0, 0
L 69.3884, -291.9397, 0.0010,  56.4120, -292.0001, 0.0010,  0, 0, 0
L 98.4114, -306.0000, 0.0010,  69.3884, -291.9397, 0.0010,  0, 0, 0
L 111.4007, -306.0000, 0.0010,  98.4114, -306.0000, 0.0010,  0, 0, 0
L 152.4055, -278.6431, 0.0010,  111.4007, -306.0000, 0.0010,  0, 0, 0
L 169.1495, -278.4443, 0.0010,  152.4055, -278.6431, 0.0010,  0, 0, 0
L 183.7663, -293.1404, 0.0010,  169.1495, -278.4443, 0.0010,  0, 0, 0
L 169.4785, -308.9856, 0.0010,  183.7663, -293.1404, 0.0010,  0, 0, 0
L 155.4735, -336.9503, 0.0010,  169.4785, -308.9856, 0.0010,  0, 0, 0
L 141.8125, -350.6516, 0.0010,  155.4735, -336.9503, 0.0010,  0, 0, 0
L 141.8124, -363.4023, 0.0010,  141.8125, -350.6516, 0.0010,  0, 0, 0
L 155.3344, -390.4459, 0.0010,  141.8124, -363.4023, 0.0010,  0, 0, 0
L 182.3801, -403.9688, 0.0010,  155.3344, -390.4459, 0.0010,  0, 0, 0
L 196.0315, -403.9687, 0.0010,  182.3801, -403.9688, 0.0010,  0, 0, 0
L 198.4568, -401.9687, 0.0010,  196.0315, -403.9687, 0.0010,  0, 0, 0
L 198.3883, -381.7204, 0.0010,  198.4568, -401.9687, 0.0010,  127, 127, 0
L 196.0313, -379.7184, 0.0010,  198.3883, -381.7204, 0.0010,  0, 0, 0
L 152.0633, -363.7878, 0.0010,  196.0313, -379.7184, 0.0010,  0, 0, 0
L 166.8911, -334.3191, 0.0010,  152.0633, -363.7878, 0.0010,  0, 0, 0
L 207.2626, -320.7803, 0.0010,  166.8911, -334.3191, 0.0010,  0, 0, 0
L 194.0440, -294.0938, 0.0010,  207.2626, -320.7803, 0.0010,  0, 0, 0
L 194.0313, -267.0635, 0.0010,  194.0440, -294.0938, 0.0010,  0, 0, 0
L 138.2912, -238.8037, 0.0010,  194.0313, -267.0635, 0.0010,  0, 0, 0
L 138.0625, -224.2103, 0.0010,  138.2912, -238.8037, 0.0010,  0, 0, 0
L 124.0630, -181.9826, 0.0010,  138.0625, -224.2103, 0.0010,  0, 0, 0
L 124.9514, -166.3427, 0.0010,  124.0630, -181.9826, 0.0010,  0, 0, 0
L 141.3169, -166.6653, 0.0010,  124.9514, -166.3427, 0.0010,  0, 0, 0
L 154.7138, -180.0625, 0.0010,  141.3169, -166.6653, 0.0010,  0, 0, 0
L 166.7778, -180.0625, 0.0010,  154.7138, -180.0625, 0.0010,  0, 0, 0
L 179.4187, -154.7769, 9.5445,  166.7778, -180.0625, 0.0010,  0, 0, 0
L 152.2982, -140.8477, 13.7298,  179.4187, -154.7769, 9.5445,  0, 0, 0
L 152.0625, -127.0962, 32.0824,  152.2982, -140.8477, 13.7298,  0, 0, 0
L 125.0030, -113.9275, 12.9708,  152.0625, -127.0962, 32.0824,  0, 0, 0
L 124.0625, -103.9404, 31.2544,  125.0030, -113.9275, 12.9708,  0, 0, 0
L 124.0625, -98.9706, 32.0807,  124.0625, -103.9404, 31.2544,  0, 0, 0
L 112.5367, -91.2675, 18.5001,  124.0625, -98.9706, 32.0807,  0, 0, 0
L 94.5030, -79.2451, 13.5055,  112.5367, -91.2675, 18.5001,  0, 0, 0
L 82.1890, -70.5587, 0.0010,  94.5030, -79.2451, 13.5055,  0, 0, 0
L 82.0938, -15.8750, 0.0010,  82.1890, -70.5587, 0.0010,  0, 0, 0
L 29.8750, -15.8750, 0.0010,  82.0938, -15.8750, 0.0010,  0, 0, 0
L 29.8750, -43.0881, 0.0010,  29.8750, -15.8750, 0.0010,  0, 0, 0
L 12.4264, -43.0015, 0.0010,  29.8750, -43.0881, 0.0010,  0, 0, 0
L 12.4612, -12.9287, 0.0010,  12.4264, -43.0015, 0.0010,  0, 0, 0
L 27.3056, 1.7417, -0.5313,  12.4612, -12.9287, 0.0010,  0, 0, 0
L 41.1921, 1.8750, -1.9990,  27.3056, 1.7417, -0.5313,  0, 0, 0
L 53.3171, 14.0000, -1.9990,  41.1921, 1.8750, -1.9990,  0, 0, 0
L 40.1188, 27.6946, -0.0612,  53.3171, 14.0000, -1.9990,  0, 0, 0
L 54.4345, 57.0466, 0.0010,  40.1188, 27.6946, -0.0612,  0, 0, 0
L 85.4478, 57.1212, 0.0010,  54.4345, 57.0466, 0.0010,  0, 0, 0
L 85.8437, 43.8437, 0.0010,  85.4478, 57.1212, 0.0010,  0, 0, 0
L 99.1509, 43.8273, 0.0010,  85.8437, 43.8437, 0.0010,  0, 0, 0
L 99.8437, 28.7766, 0.0010,  99.1509, 43.8273, 0.0010,  0, 0, 0
L 112.7454, 15.8750, 0.0010,  99.8437, 28.7766, 0.0010,  0, 0, 0
L 125.1608, 15.8750, 0.0010,  112.7454, 15.8750, 0.0010,  0, 0, 0
L 138.0625, 28.7767, 0.0010,  125.1608, 15.8750, 0.0010,  0, 0, 0
L 138.0625, 40.7779, 0.0010,  138.0625, 28.7767, 0.0010,  0, 0, 0
L 111.3544, 54.1059, 0.0010,  138.0625, 40.7779, 0.0010,  0, 0, 0
L 96.0870, 70.1575, 0.0874,  111.3544, 54.1059, 0.0010,  0, 0, 0
L 105.4419, 80.0936, 2.9513,  96.0870, 70.1575, 0.0874,  0, 0, 0
L 110.0802, 111.3968, 13.7520,  105.4419, 80.0936, 2.9513,  0, 0, 0
L 122.9052, 138.0625, 14.0010,  110.0802, 111.3968, 13.7520,  0, 0, 0
L 96.5761, 138.6785, 14.0010,  122.9052, 138.0625, 14.0010,  0, 0, 0
L 69.5172, 165.7374, 14.0010,  96.5761, 138.6785, 14.0010,  0, 0, 0
L 49.7880, 157.8696, 14.0010,  69.5172, 165.7374, 14.0010,  0, 0, 0
L 48.1100, 159.6914, 14.0010,  49.7880, 157.8696, 14.0010,  0, 0, 0
L 45.5775, 157.4928, 14.0010,  48.1100, 159.6914, 14.0010,  0, 0, 0
L 38.0937, 171.4897, 0.0010,  45.5775, 157.4928, 14.0010,  0, 0, 0
L 38.0938, 220.3604, 0.0010,  38.0937, 171.4897, 0.0010,  0, 0, 0
L 28.5032, 227.4143, 0.0010,  38.0938, 220.3604, 0.0010,  0, 0, 0
L 29.2658, 238.0313, 0.0010,  28.5032, 227.4143, 0.0010,  0, 0, 0
L 1.8750, 238.0313, 0.0010,  29.2658, 238.0313, 0.0010,  0, 0, 0
L 1.8750, 197.9760, 0.0010,  1.8750, 238.0313, 0.0010,  0, 0, 0
L -78.0938, 198.0312, 0.0010,  1.8750, 197.9760, 0.0010,  0, 0, 0
L -78.2910, 78.1144, 0.0010,  -78.0938, 198.0312, 0.0010,  0, 0, 0
L -99.5332, 78.0937, 0.0010,  -78.2910, 78.1144, 0.0010,  0, 0, 0
L 199.0893, -74.5141, 0.0010,  197.7812, -74.0938, 0.0010,  0, 0, 0
L 206.7231, -74.5141, 0.0010,  199.0893, -74.5141, 0.0010,  127, 127, 0
L 206.5506, -79.2641, 0.0010,  206.7231, -74.5141, 0.0010,  0, 0, 0
L 269.3636, -74.7891, 0.0010,  268.9308, -79.5391, 0.0010,  0, 0, 0
L 278.0000, -74.0938, 0.0010,  276.4175, -74.7891, 0.0010,  0, 0, 0
L 277.9999, -69.1921, 0.0010,  278.0000, -74.0938, 0.0010,  0, 0, 0
L 292.0000, -55.1921, 0.0010,  277.9999, -69.1921, 0.0010,  0, 0, 0
L 292.0000, -42.7465, 0.0010,  292.0000, -55.1921, 0.0010,  0, 0, 0
L 279.0995, -29.8750, 0.0010,  292.0000, -42.7465, 0.0010,  0, 0, 0
L 266.6817, -29.8750, 0.0010,  279.0995, -29.8750, 0.0010,  0, 0, 0
L 253.7812, -42.7466, 0.0010,  266.6817, -29.8750, 0.0010,  0, 0, 0
L 253.7812, -55.1921, 0.0010,  253.7812, -42.7466, 0.0010,  0, 0, 0
L 267.7812, -69.1921, 0.0010,  253.7812, -55.1921, 0.0010,  0, 0, 0
L 267.7812, -74.0938, 0.0010,  267.7812, -69.1921, 0.0010,  0, 0, 0
L 269.3636, -74.7891, 0.0010,  267.7812, -74.0938, 0.0010,  0, 0, 0
L 276.4175, -74.7891, 0.0010,  269.3636, -74.7891, 0.0010,  127, 127, 0
L 276.8505, -79.5391, 0.0010,  276.4175, -74.7891, 0.0010,  0, 0, 0
L 325.1451, -79.3480, 0.0010,  325.1543, -74.5980, 0.0010,  0, 0, 0
L 332.5956, -74.5980, 0.0010,  332.6049, -79.3480, 0.0010,  0, 0, 0
L 334.0000, -74.0938, 0.0010,  332.5956, -74.5980, 0.0010,  0, 0, 0
L 334.0000, -69.1921, 0.0010,  334.0000, -74.0938, 0.0010,  0, 0, 0
L 348.0000, -55.1921, 0.0010,  334.0000, -69.1921, 0.0010,  0, 0, 0
L 348.0000, -42.7465, 0.0010,  348.0000, -55.1921, 0.0010,  0, 0, 0
L 335.0995, -29.8750, 0.0010,  348.0000, -42.7465, 0.0010,  0, 0, 0
L 322.6505, -29.8749, 0.0010,  335.0995, -29.8750, 0.0010,  0, 0, 0
L 309.7500, -42.7466, 0.0010,  322.6505, -29.8749, 0.0010,  0, 0, 0
L 309.7500, -55.1921, 0.0010,  309.7500, -42.7466, 0.0010,  0, 0, 0
L 323.7499, -69.1921, 0.0010,  309.7500, -55.1921, 0.0010,  0, 0, 0
L 323.7500, -74.0938, 0.0010,  323.7499, -69.1921, 0.0010,  0, 0, 0
L 325.1543, -74.5980, 0.0010,  323.7500, -74.0938, 0.0010,  0, 0, 0
L 332.5956, -74.5980, 0.0010,  325.1543, -74.5980, 0.0010,  127, 127, 0
L 358.8639, -94.3955, 0.0010,  358.8639, -87.5419, 0.0010,  127, 127, 0
L 359.7181, -96.0938, 0.0010,  358.8639, -94.3955, 0.0010,  0, 0, 0
L 364.6204, -96.0938, 0.0010,  359.7181, -96.0938, 0.0010,  0, 0, 0
L 378.6204, -110.0938, 0.0010,  364.6204, -96.0938, 0.0010,  0, 0, 0
L 391.0671, -110.0938, 0.0010,  378.6204, -110.0938, 0.0010,  0, 0, 0
L 403.9688, -97.1921, 0.0010,  391.0671, -110.0938, 0.0010,  0, 0, 0
L 403.9688, -84.7452, 0.0010,  403.9688, -97.1921, 0.0010,  0, 0, 0
L 391.0671, -71.8437, 0.0010,  403.9688, -84.7452, 0.0010,  0, 0, 0
L 378.6204, -71.8437, 0.0010,  391.0671, -71.8437, 0.0010,  0, 0, 0
L 364.6204, -85.8437, 0.0010,  378.6204, -71.8437, 0.0010,  0, 0, 0
L 359.7187, -85.8437, 0.0010,  364.6204, -85.8437, 0.0010,  0, 0, 0
L 358.8639, -87.5419, 0.0010,  359.7187, -85.8437, 0.0010,  0, 0, 0
L 191.8122, -96.0938, 0.0010,  225.7812, -96.0937, 0.0010,  0, 0, 0
L 191.3075, -94.6887, 0.0010,  191.8122, -96.0938, 0.0010,  0, 0, 0
L 191.3075, -87.2488, 0.0010,  191.3075, -94.6887, 0.0010,  127, 127, 0
L 191.8125, -85.8437, 0.0010,  191.3075, -87.2488, 0.0010,  0, 0, 0
L 197.7812, -85.8437, 0.0010,  191.8125, -85.8437, 0.0010,  0, 0, 0
L 197.7812, -79.8438, 0.0010,  197.7812, -85.8437, 0.0010,  0, 0, 0
L 199.2618, -79.2641, 0.0010,  197.7812, -79.8438, 0.0010,  0, 0, 0
L 206.5506, -79.2641, 0.0010,  199.2618, -79.2641, 0.0010,  127, 127, 0
L 208.0313, -79.8436, 0.0010,  206.5506, -79.2641, 0.0010,  0, 0, 0
L 208.0313, -85.8444, 0.0010,  208.0313, -79.8436, 0.0010,  0, 0, 0
L 267.7812, -85.8440, 0.0010,  208.0313, -85.8444, 0.0010,  0, 0, 0
L 267.7812, -79.8438, 0.0010,  267.7812, -85.8440, 0.0010,  0, 0, 0
L 268.9308, -79.5391, 0.0010,  267.7812, -79.8438, 0.0010,  0, 0, 0
L 276.8504, -79.5391, 0.0010,  268.9308, -79.5391, 0.0010,  127, 127, 0
L 278.0000, -79.8436, 0.0010,  276.8504, -79.5391, 0.0010,  0, 0, 0
L 278.0000, -85.8438, 0.0010,  278.0000, -79.8436, 0.0010,  0, 0, 0
L 323.7500, -85.8437, 0.0010,  278.0000, -85.8438, 0.0010,  0, 0, 0
L 323.7500, -79.8438, 0.0010,  323.7500, -85.8437, 0.0010,  0, 0, 0
L 325.1451, -79.3480, 0.0010,  323.7500, -79.8438, 0.0010,  0, 0, 0
L 332.6049, -79.3480, 0.0010,  325.1451, -79.3480, 0.0010,  127, 127, 0
L 334.0000, -79.8436, 0.0010,  332.6049, -79.3480, 0.0010,  0, 0, 0
L 334.0000, -85.8437, 0.0010,  334.0000, -79.8436, 0.0010,  0, 0, 0
L 353.9687, -85.8437, 0.0010,  334.0000, -85.8437, 0.0010,  0, 0, 0
L 354.1139, -86.6921, 0.0010,  353.9687, -85.8437, 0.0010,  0, 0, 0
L 354.1139, -95.2455, 0.0010,  354.1139, -86.6921, 0.0010,  127, 127, 0
L 353.9687, -96.0937, 0.0010,  354.1139, -95.2455, 0.0010,  0, 0, 0
L 333.9994, -96.0938, 0.0010,  353.9687, -96.0937, 0.0010,  0, 0, 0
L 334.0002, -113.8438, 0.0010,  333.9994, -96.0938, 0.0010,  0, 0, 0
L 348.0000, -113.8437, 0.0010,  334.0002, -113.8438, 0.0010,  0, 0, 0
L 348.0000, -125.1608, 0.0010,  348.0000, -113.8437, 0.0010,  0, 0, 0
L 335.0983, -138.0625, 0.0010,  348.0000, -125.1608, 0.0010,  0, 0, 0
L 322.6516, -138.0625, 0.0010,  335.0983, -138.0625, 0.0010,  0, 0, 0
L 309.7500, -125.1608, 0.0010,  322.6516, -138.0625, 0.0010,  0, 0, 0
L 309.7500, -113.8437, 0.0010,  309.7500, -125.1608, 0.0010,  0, 0, 0
L 323.7501, -113.8438, 0.0010,  309.7500, -113.8437, 0.0010,  0, 0, 0
L 323.7501, -113.8438, 0.0010,  323.7499, -96.0924, 0.0010,  0, 0, 0
L 236.0312, -96.0940, 0.0010,  323.7499, -96.0924, 0.0010,  0, 0, 0
L 338.5156, -164.6461, 0.0010,  343.2656, -164.6798, 0.0010,  0, 0, 0
L 343.2656, -157.1951, 0.0010,  338.5156, -157.2289, 0.0010,  0, 0, 0
L 304.6606, -293.3036, 0.0010,  304.5447, -288.5536, 0.0010,  0, 0, 0
L 297.2052, -288.5536, 0.0010,  297.0893, -293.3036, 0.0010,  0, 0, 0
L 360.7057, -174.4473, 0.0010,  360.4550, -179.1973, 0.0010,  0, 0, 0
L 353.2324, -179.1973, 0.0010,  352.9808, -174.4473, 0.0010,  0, 0, 0
L 351.7500, -182.7154, 0.0010,  336.6504, -197.7812, 0.0010,  0, 0, 0
L 351.7500, -179.8125, 0.0010,  351.7500, -182.7154, 0.0010,  0, 0, 0
L 353.2324, -179.1973, 0.0010,  351.7500, -179.8125, 0.0010,  0, 0, 0
L 360.4550, -179.1973, 0.0010,  353.2324, -179.1973, 0.0010,  127, 127, 0
L 361.9687, -179.8121, 0.0010,  360.4550, -179.1973, 0.0010,  0, 0, 0
L 361.9687, -182.7154, 0.0010,  361.9687, -179.8121, 0.0010,  0, 0, 0
L 375.9688, -196.6841, 0.0010,  361.9687, -182.7154, 0.0010,  0, 0, 0
L 375.9688, -209.1296, 0.0010,  375.9688, -196.6841, 0.0010,  0, 0, 0
L 363.0672, -222.0313, 0.0010,  375.9688, -209.1296, 0.0010,  0, 0, 0
L 350.6516, -222.0313, 0.0010,  363.0672, -222.0313, 0.0010,  0, 0, 0
L 336.6516, -208.0312, 0.0010,  350.6516, -222.0313, 0.0010,  0, 0, 0
L 292.0000, -208.0312, 0.0010,  336.6516, -208.0312, 0.0010,  0, 0, 0
L 292.0000, -239.7812, 0.0010,  292.0000, -208.0312, 0.0010,  0, 0, 0
L 309.7500, -239.7812, 0.0010,  292.0000, -239.7812, 0.0010,  0, 0, 0
L 309.7500, -225.7812, 0.0010,  309.7500, -239.7812, 0.0010,  0, 0, 0
L 320.0000, -225.7809, 0.0010,  309.7500, -225.7812, 0.0010,  0, 0, 0
L 319.9999, -267.7812, 0.0010,  320.0000, -225.7809, 0.0010,  0, 0, 0
L 337.7505, -267.7812, 0.0010,  319.9999, -267.7812, 0.0010,  0, 0, 0
L 337.7495, -239.7812, 0.0010,  337.7505, -267.7812, 0.0010,  0, 0, 0
L 378.6204, -239.7812, 0.0010,  337.7495, -239.7812, 0.0010,  0, 0, 0
L 392.6204, -225.7812, 0.0010,  378.6204, -239.7812, 0.0010,  0, 0, 0
L 405.0671, -225.7812, 0.0010,  392.6204, -225.7812, 0.0010,  0, 0, 0
L 417.9688, -238.6829, 0.0010,  405.0671, -225.7812, 0.0010,  0, 0, 0
L 417.9688, -251.1296, 0.0010,  417.9688, -238.6829, 0.0010,  0, 0, 0
L 405.0670, -264.0313, 0.0010,  417.9688, -251.1296, 0.0010,  0, 0, 0
L 392.6198, -264.0313, 0.0010,  405.0670, -264.0313, 0.0010,  0, 0, 0
L 378.6206, -250.0312, 0.0010,  392.6198, -264.0313, 0.0010,  0, 0, 0
L 348.0000, -250.0313, 0.0010,  378.6206, -250.0312, 0.0010,  0, 0, 0
L 347.9999, -277.9984, 0.0010,  348.0000, -250.0313, 0.0010,  0, 0, 0
L 305.9999, -278.0004, 0.0010,  347.9999, -277.9984, 0.0010,  0, 0, 0
L 306.0000, -288.0000, 0.0010,  305.9999, -278.0004, 0.0010,  0, 0, 0
L 304.5446, -288.5536, 0.0010,  306.0000, -288.0000, 0.0010,  0, 0, 0
L 297.2052, -288.5536, 0.0010,  304.5446, -288.5536, 0.0010,  127, 127, 0
L 295.7500, -288.0000, 0.0010,  297.2052, -288.5536, 0.0010,  0, 0, 0
L 295.7499, -277.9999, 0.0010,  295.7500, -288.0000, 0.0010,  0, 0, 0
L 253.7809, -278.0000, 0.0010,  295.7499, -277.9999, 0.0010,  0, 0, 0
L 253.7814, -236.0312, 0.0010,  253.7809, -278.0000, 0.0010,  0, 0, 0
L 225.7809, -236.0313, 0.0010,  253.7814, -236.0312, 0.0010,  0, 0, 0
L 225.7819, -222.0313, 0.0010,  225.7809, -236.0313, 0.0010,  0, 0, 0
L 210.6823, -222.0313, 0.0010,  225.7819, -222.0313, 0.0010,  0, 0, 0
L 197.7812, -209.1296, 0.0010,  210.6823, -222.0313, 0.0010,  0, 0, 0
L 197.7812, -195.1295, 0.0010,  197.7812, -209.1296, 0.0010,  0, 0, 0
L 185.1010, -182.4494, 0.0010,  197.7812, -195.1295, 0.0010,  0, 0, 0
L 185.1010, -182.4494, 0.0010,  211.6756, -169.1407, 0.0010,  0, 0, 0
L 225.7812, -96.0937, 0.0010,  225.7812, -127.8125, 14.0010,  0, 0, 0
L 225.7812, -127.8125, 14.0010,  211.8149, -127.8125, 14.0010,  0, 0, 0
L 211.8149, -127.8125, 14.0010,  211.6756, -169.1407, 0.0010,  0, 0, 0
L 236.0312, -127.8125, 14.0010,  293.0983, -127.8125, 0.0010,  0, 0, 0
L 236.0312, -96.0940, 0.0010,  236.0312, -127.8125, 14.0010,  0, 0, 0
L 321.0983, -155.8125, 0.0010,  293.0983, -127.8125, 0.0010,  0, 0, 0
L 338.0000, -155.8125, 0.0010,  321.0983, -155.8125, 0.0010,  0, 0, 0
L 338.5156, -157.2289, 0.0010,  338.0000, -155.8125, 0.0010,  0, 0, 0
L 338.5156, -164.6461, 0.0010,  338.5156, -157.2289, 0.0010,  127, 127, 0
L 338.0000, -166.0625, 0.0010,  338.5156, -164.6461, 0.0010,  0, 0, 0
L 321.0983, -166.0625, 0.0010,  338.0000, -166.0625, 0.0010,  0, 0, 0
L 307.0983, -180.0625, 0.0010,  321.0983, -166.0625, 0.0010,  0, 0, 0
L 264.0312, -180.0625, 0.0010,  307.0983, -180.0625, 0.0010,  0, 0, 0
L 264.0313, -194.0313, 0.0010,  264.0312, -180.0625, 0.0010,  0, 0, 0
L 236.0313, -194.0312, 0.0010,  264.0313, -194.0313, 0.0010,  0, 0, 0
L 236.0312, -225.7812, 0.0010,  236.0313, -194.0312, 0.0010,  0, 0, 0
L 264.0313, -225.7812, 0.0010,  236.0312, -225.7812, 0.0010,  0, 0, 0
L 264.0313, -267.7812, 0.0010,  264.0313, -225.7812, 0.0010,  0, 0, 0
L 303.1705, -267.7812, 0.0010,  264.0313, -267.7812, 0.0010,  0, 0, 0
L 313.1213, -267.3508, 0.0010,  303.1705, -267.7812, 0.0010,  0, 0, 0
L 316.1292, -256.3983, 0.0010,  313.1213, -267.3508, 0.0010,  0, 0, 0
L 305.2059, -247.1304, 0.0010,  316.1292, -256.3983, 0.0010,  0, 0, 0
L 296.4785, -250.0313, 0.0010,  305.2059, -247.1304, 0.0010,  0, 0, 0
L 281.7492, -250.0313, 0.0010,  296.4785, -250.0313, 0.0010,  0, 0, 0
L 281.7500, -197.7812, 0.0010,  281.7492, -250.0313, 0.0010,  0, 0, 0
L 336.6504, -197.7812, 0.0010,  281.7500, -197.7812, 0.0010,  0, 0, 0
L 382.1329, -128.7048, 0.0010,  381.9687, -127.8123, 0.0010,  0, 0, 0
L 382.1329, -137.1701, 0.0010,  382.1329, -128.7048, 0.0010,  127, 127, 0
L 381.9688, -138.0625, 0.0010,  382.1329, -137.1701, 0.0010,  0, 0, 0
L 377.0670, -138.0625, 0.0010,  381.9688, -138.0625, 0.0010,  0, 0, 0
L 361.9687, -153.1608, 0.0010,  377.0670, -138.0625, 0.0010,  0, 0, 0
L 361.9687, -174.0629, 0.0010,  361.9687, -153.1608, 0.0010,  0, 0, 0
L 360.7057, -174.4473, 0.0010,  361.9687, -174.0629, 0.0010,  0, 0, 0
L 352.9807, -174.4473, 0.0010,  360.7057, -174.4473, 0.0010,  127, 127, 0
L 351.7500, -174.0625, 0.0010,  352.9807, -174.4473, 0.0010,  0, 0, 0
L 351.7500, -166.0625, 0.0010,  351.7500, -174.0625, 0.0010,  0, 0, 0
L 343.7492, -166.0625, 0.0010,  351.7500, -166.0625, 0.0010,  0, 0, 0
L 343.2656, -164.6798, 0.0010,  343.7492, -166.0625, 0.0010,  0, 0, 0
L 343.2656, -157.1951, 0.0010,  343.2656, -164.6798, 0.0010,  127, 127, 0
L 343.7500, -155.8125, 0.0010,  343.2656, -157.1951, 0.0010,  0, 0, 0
L 351.7500, -155.8125, 0.0010,  343.7500, -155.8125, 0.0010,  0, 0, 0
L 351.7500, -140.7130, 0.0010,  351.7500, -155.8125, 0.0010,  0, 0, 0
L 364.6216, -127.8125, 0.0010,  351.7500, -140.7130, 0.0010,  0, 0, 0
L 381.9687, -127.8123, 0.0010,  364.6216, -127.8125, 0.0010,  0, 0, 0
L 354.1139, -95.2454, 0.0010,  358.8639, -94.3956, 0.0010,  0, 0, 0
L 358.8639, -87.5419, 0.0010,  354.1139, -86.6921, 0.0010,  0, 0, 0
L 183.8125, -55.1933, 0.0010,  183.8125, -42.7454, 0.0010,  0, 0, 0
L 183.8125, -42.7454, 0.0010,  196.6829, -29.8750, 0.0010,  0, 0, 0
L 196.6829, -29.8750, 0.0010,  209.1308, -29.8750, 0.0010,  0, 0, 0
L 209.1308, -29.8750, 0.0010,  222.0313, -42.7465, 0.0010,  0, 0, 0
L 222.0313, -42.7465, 0.0010,  222.0313, -55.1921, 0.0010,  0, 0, 0
L 222.0313, -55.1921, 0.0010,  208.0312, -69.1921, 0.0010,  0, 0, 0
L 208.0312, -69.1921, 0.0010,  208.0313, -74.0938, 0.0010,  0, 0, 0
L 208.0313, -74.0938, 0.0010,  206.7231, -74.5141, 0.0010,  0, 0, 0
L 199.1555, -74.5705, 0.0010,  199.2618, -79.2641, 0.0010,  0, 0, 0
L 191.3075, -94.6887, 0.0010,  186.5575, -94.6993, 0.0010,  0, 0, 0
L 186.5575, -94.6993, 0.0010,  186.0625, -96.0938, 0.0010,  0, 0, 0
L 186.0625, -96.0938, 0.0010,  181.1608, -96.0938, 0.0010,  0, 0, 0
L 181.1608, -96.0938, 0.0010,  167.1608, -110.0938, 0.0010,  0, 0, 0
L 167.1608, -110.0938, 0.0010,  154.7138, -110.0938, 0.0010,  0, 0, 0
L 154.7138, -110.0938, 0.0010,  141.8125, -97.1921, 0.0010,  0, 0, 0
L 141.8125, -97.1921, 0.0010,  141.8125, -84.7454, 0.0010,  0, 0, 0
L 141.8125, -84.7454, 0.0010,  154.7138, -71.8438, 0.0010,  0, 0, 0
L 154.7138, -71.8438, 0.0010,  167.1608, -71.8437, 0.0010,  0, 0, 0
L 167.1608, -71.8437, 0.0010,  181.1611, -85.8440, 0.0010,  0, 0, 0
L 181.1611, -85.8440, 0.0010,  186.0625, -85.8434, 0.0010,  0, 0, 0
L 186.0625, -85.8434, 0.0010,  186.5575, -87.2382, 0.0010,  0, 0, 0
L 186.5575, -87.2382, 0.0010,  186.5575, -94.6993, 0.0010,  127, 127, 0
L 186.5575, -87.2382, 0.0010,  191.3075, -87.2488, 0.0010,  0, 0, 0
L 197.7812, -74.0938, 0.0010,  197.7812, -69.1933, 0.0010,  0, 0, 0
L 197.7812, -69.1933, 0.0010,  183.8125, -55.1933, 0.0010,  0, 0, 0
L 236.0313, -127.8125, 14.0010,  236.0313, -169.8125, 3.6009,  127, 127, 127
L 210.3489, -169.8125, 0.1867,  236.0313, -169.8125, 12.9952,  127, 127, 127
L -11.9203, -691.5903, -41.9677,  -7.8693, -691.5937, -41.9677,  0, 0, 0
L -7.9205, -735.8438, -41.9677,  -11.7032, -735.8674, -41.9675,  0, 0, 0
L 91.5329, -723.8438, -41.9677,  86.7829, -724.2664, -41.9677,  0, 0, 0
L 91.5886, -703.5937, -41.9677,  86.8386, -703.2133, -41.9677,  0, 0, 0
L 164.8740, -724.0943, -41.9677,  160.1241, -723.8438, -41.9677,  0, 0, 0
L 160.2994, -703.5929, -41.9677,  165.0600, -703.2206, -41.9677,  0, 0, 0
L 165.0600, -703.2205, -41.9677,  164.8740, -724.0944, -41.9677,  127, 127, 0
L 164.8740, -724.0944, -41.9677,  165.8122, -725.8438, -41.9677,  0, 0, 0
L 165.8122, -725.8438, -41.9677,  183.8125, -725.8436, -41.9677,  0, 0, 0
L 183.8125, -725.8436, -41.9677,  183.8125, -740.9421, -41.9677,  0, 0, 0
L 183.8125, -740.9421, -41.9677,  196.6825, -753.8125, -41.9677,  0, 0, 0
L 196.6825, -753.8125, -41.9677,  223.1308, -753.8125, -41.9677,  0, 0, 0
L 223.1308, -753.8125, -41.9677,  237.1377, -739.8369, -41.9677,  0, 0, 0
L 237.1377, -739.8369, -41.9677,  271.1704, -739.8798, -27.3606,  0, 0, 0
L 335.0982, -739.8438, -41.9677,  348.0000, -726.9421, -41.9677,  0, 0, 0
L 348.0000, -726.9421, -41.9677,  348.0000, -714.8775, -41.9677,  0, 0, 0
L 348.0000, -714.8775, -41.9677,  321.4323, -701.5937, -41.9677,  0, 0, 0
L 319.9999, -684.9420, -11.5862,  320.0000, -701.5936, -11.5862,  0, 0, 0
L 321.4322, -701.5936, -41.9677,  320.0000, -701.5936, -41.9677,  0, 0, 0
L 319.9999, -684.9420, -41.9677,  349.0671, -655.8749, -14.9811,  0, 0, 0
L 349.0671, -655.8749, -6.1766,  375.9688, -655.8750, 10.5357,  0, 0, 0
L 375.9688, -655.8750, 10.5357,  375.9687, -641.8748, -10.7952,  0, 0, 0
L 375.9687, -641.8748, -13.5701,  391.0670, -641.8750, -7.5704,  0, 0, 0
L 391.0670, -641.8750, -7.5704,  403.9687, -628.9692, -25.5277,  0, 0, 0
L 403.9687, -628.9692, -25.5277,  403.9687, -600.5928, -17.7285,  0, 0, 0
L 403.9687, -600.5928, 0.0010,  430.6485, -587.2376, 0.0010,  0, 0, 0
L 430.6485, -587.2376, 0.0010,  417.1935, -573.7827, 0.0010,  0, 0, 0
L 417.1935, -573.7827, 0.0010,  431.5327, -559.4115, 0.0010,  0, 0, 0
L 431.5327, -559.4115, 0.0010,  418.6837, -533.6562, 0.0010,  0, 0, 0
L 418.6837, -533.6562, 0.0010,  390.6917, -533.6562, 0.0010,  0, 0, 0
L 390.6917, -533.6562, 0.0010,  376.3033, -504.9237, 0.0010,  0, 0, 0
L 376.3033, -504.9237, 0.0010,  348.7631, -477.3528, 0.0010,  0, 0, 0
L 348.7631, -477.3528, 0.0010,  321.8750, -463.9088, 0.0010,  0, 0, 0
L 321.8750, -463.9088, 0.0010,  293.5042, -478.0941, 0.0010,  0, 0, 0
L 293.5042, -478.0941, 0.0010,  264.8898, -449.4501, 0.0010,  0, 0, 0
L 264.8898, -449.4501, 0.0010,  222.0312, -435.1639, 0.0010,  0, 0, 0
L 222.0312, -435.1639, 0.0010,  222.0312, -431.6870, 0.0012,  0, 0, 0
L 222.0312, -431.6870, 0.0012,  220.0312, -429.0163, 0.0010,  0, 0, 0
L 220.0312, -429.0163, 0.0010,  213.7813, -429.0163, 0.0010,  127, 127, 0
L 213.7813, -429.0163, 0.0010,  211.7813, -431.6875, 0.0010,  0, 0, 0
L 211.7813, -431.6875, 0.0010,  211.7813, -434.8169, 0.0010,  0, 0, 0
L 211.7813, -434.8169, 0.0010,  169.3945, -463.0944, 0.0010,  0, 0, 0
L 169.3945, -463.0944, 0.0010,  155.8125, -490.2551, 0.0010,  0, 0, 0
L 155.8125, -490.2551, 0.0010,  155.8125, -531.0046, 4.6938,  0, 0, 0
L 155.8125, -531.0046, 4.6938,  169.8125, -545.0045, 0.0010,  0, 0, 0
L 169.8125, -545.0045, -9.4864,  169.8125, -573.0034, -2.8759,  0, 0, 0
L 169.8125, -573.0034, -2.8759,  184.0157, -587.1749, -5.7963,  0, 0, 0
L 184.0157, -587.1749, -4.5412,  170.3124, -641.8749, -31.1096,  0, 0, 0
L 170.3124, -641.8749, -12.6430,  183.8125, -641.8748, -24.3765,  0, 0, 0
L 183.8125, -641.8748, -23.6881,  183.8125, -655.8750, -14.7097,  0, 0, 0
L 183.8125, -655.8750, -14.7097,  210.6864, -655.8748, -35.6651,  0, 0, 0
L 210.6864, -655.8748, -34.6524,  239.7812, -684.9438, -20.5616,  0, 0, 0
L 239.7812, -684.9438, -24.0178,  239.7812, -700.8775, -38.8789,  0, 0, 0
L 239.7812, -700.8775, -38.5733,  209.5353, -716.0004, -41.9677,  0, 0, 0
L 209.5353, -716.0004, -41.9677,  181.9367, -688.3711, -41.9677,  0, 0, 0
L 181.9367, -688.3711, -41.9677,  168.7142, -701.5937, -41.9677,  0, 0, 0
L 168.7142, -701.5937, -41.9677,  165.8125, -701.5937, -41.9677,  0, 0, 0
L 165.8125, -701.5937, -41.9677,  165.0600, -703.2205, -41.9677,  0, 0, 0
L 292.0000, -749.4218, -26.3919,  292.0000, -739.8436, -26.6948,  0, 0, 0
L 335.0982, -739.8438, -41.9677,  292.0000, -739.8436, -41.9677,  0, 0, 0
L 220.0312, -429.0158, 0.0010,  220.0311, -424.6721, 0.0010,  0, 0, 0
L 213.7813, -424.6761, 0.0010,  213.7813, -429.0163, 0.0010,  0, 0, 0
L 375.9688, -557.9063, 0.0010,  392.6208, -557.9061, 0.0010,  0, 0, 0
L 392.6208, -557.9061, 0.0010,  408.4972, -573.7824, 0.0010,  0, 0, 0
L 408.4972, -573.7824, 0.0010,  391.8427, -590.3996, 0.0010,  0, 0, 0
L 391.8427, -590.3996, -0.7910,  375.9688, -574.5532, -2.6337,  0, 0, 0
L 375.9688, -574.5532, -3.2058,  375.9688, -557.9063, -3.2062,  0, 0, 0
L 286.5502, -603.6253, -23.5218,  247.3896, -603.6248, -21.4582,  0, 0, 0
L 247.3896, -603.6248, -17.0486,  265.1266, -585.8750, -26.5410,  0, 0, 0
L 265.1266, -585.8750, -25.1183,  270.7207, -585.8750, -24.5933,  0, 0, 0
L 270.7207, -585.8750, -24.5933,  280.9997, -579.3594, -23.1262,  0, 0, 0
L 280.9997, -579.3594, -21.9673,  288.4655, -584.3671, -21.0614,  0, 0, 0
L 288.4655, -584.3671, -20.7898,  292.4531, -591.8907, -20.4632,  0, 0, 0
L 292.4531, -591.8907, -20.5490,  286.5502, -603.6253, -20.7998,  0, 0, 0
L 275.2089, -603.6250, -23.6829,  335.1088, -615.6192, -11.5145,  127, 127, 127
L 335.1088, -615.6192, -11.5145,  392.4200, -601.5004, 0.0010,  127, 127, 127
L 392.4200, -601.5004, 0.0010,  403.9687, -601.8203, 0.0010,  127, 127, 127
L 183.8125, -643.3519, -36.0580,  209.5114, -615.9438, -24.7003,  127, 127, 127
L 209.5114, -615.9438, -24.7003,  209.2440, -589.7967, -8.5624,  127, 127, 127
L 209.2440, -589.7967, -8.5624,  222.9403, -561.2509, -8.3217,  127, 127, 127
L 222.7059, -561.2726, -8.3217,  237.0259, -559.9419, -7.4532,  127, 127, 127
L 237.0259, -559.9419, -7.4532,  250.3504, -548.2177, -8.8004,  127, 127, 127
L 250.3504, -548.2177, -8.8004,  252.5272, -518.3091, 13.5793,  127, 127, 127
L 252.5272, -518.3091, 13.5793,  279.4389, -518.3579, 13.5405,  127, 127, 127
L 279.4389, -518.3579, 13.5405,  309.2419, -532.0508, 38.3280,  127, 127, 127
L 309.2419, -532.0508, 38.3280,  321.1368, -532.3534, 38.1267,  127, 127, 127
L 321.1368, -532.3534, 38.1267,  334.1402, -560.1163, 6.2460,  127, 127, 127
L 334.1402, -560.1163, 6.2460,  348.6463, -559.5104, 0.0010,  127, 127, 127
L 348.6463, -559.5104, 0.0010,  363.8267, -545.5717, 0.0010,  127, 127, 127
L 363.8267, -545.5717, 0.0010,  376.0584, -557.9063, 0.0010,  127, 127, 127
L 219.1905, -511.4643, -0.0689,  196.5176, -545.8760, -0.2368,  127, 127, 127
L 196.5176, -545.8760, -0.2368,  169.6010, -544.9161, 0.0010,  127, 127, 127
L 238.0777, -589.3591, -25.5695,  237.7562, -559.2993, -9.3863,  127, 127, 127
L 196.6516, -545.6727, -21.4867,  222.7059, -561.2726, -28.2733,  127, 127, 127
L 181.6109, -483.5587, 0.0010,  193.0173, -504.5562, 0.0010,  0, 0, 0
L 193.0173, -504.5562, 0.0010,  209.3944, -497.0142, 0.0010,  0, 0, 0
L 209.3944, -497.0142, 0.0010,  214.5337, -488.6032, 0.0010,  0, 0, 0
L 214.5337, -488.6032, 0.0010,  210.1133, -470.2882, 0.0017,  0, 0, 0
L 210.1133, -470.2882, 0.0010,  183.7157, -469.0409, 0.0010,  0, 0, 0
L 181.6109, -483.5587, 0.0010,  183.7157, -469.0409, 0.0010,  0, 0, 0
L -29.8750, -907.7500, -41.9677,  1.8750, -907.7499, -41.9677,  0, 0, 0
L -29.8750, -907.7500, -40.2343,  -29.8750, -1009.4687, -0.8331,  0, 0, 0
L 1.8750, -907.7499, -38.6904,  1.8750, -977.7187, -13.9990,  0, 0, 0
L 1.8750, -977.7187, -13.9990,  57.8437, -977.7187, -1.4267,  0, 0, 0
L 57.8437, -1009.4687, 0.0010,  -29.8750, -1009.4687, 0.0010,  0, 0, 0
L 57.8438, -1033.7188, 0.0010,  -54.0937, -1033.7188, 0.0010,  0, 0, 0
L 57.8437, -1009.4687, 0.0010,  57.8437, -977.7187, 0.0010,  0, 0, 0
L 57.8438, -1033.7188, 0.0010,  57.8438, -1089.6874, 0.0010,  0, 0, 0
L -54.0937, -907.7498, -41.3039,  -54.0937, -1033.7188, -1.5430,  0, 0, 0
L 26.5665, -907.7499, -41.1346,  57.8438, -907.7499, -28.8976,  0, 0, 0
L 57.8438, -907.7499, -27.4246,  57.8437, -953.4999, -0.7937,  0, 0, 0
L -110.0933, -795.8124, -41.9677,  -141.8123, -795.8124, -41.9677,  0, 0, 0
L -110.0933, -795.8124, -41.9677,  -110.0931, -907.7501, -41.9677,  0, 0, 0
L -110.0931, -907.7501, -41.9677,  -54.0937, -907.7498, -41.9677,  0, 0, 0
L -85.8438, -827.5312, -41.9677,  29.8760, -827.5311, -41.9677,  0, 0, 0
L -85.8438, -827.5312, -41.9630,  -85.8437, -795.8124, -41.9677,  0, 0, 0
L -85.8437, -795.8124, -41.9677,  -57.8437, -795.8125, -41.9677,  0, 0, 0
L -57.8437, -795.8125, -41.9677,  -57.8438, -767.8125, -41.9677,  0, 0, 0
L -141.8123, -795.8124, -41.9677,  -141.8138, -823.7813, -41.9677,  0, 0, 0
L -141.8725, -743.5937, -41.9677,  -224.9671, -743.5937, -41.9677,  0, 0, 0
L -197.9012, -659.6242, -41.9677,  -110.0938, -659.6279, -41.9677,  0, 0, 0
L -1.8750, -655.8750, -41.9677,  -1.8751, -631.6237, -41.9677,  0, 0, 0
L -1.8750, -655.8750, -41.9677,  -29.8750, -655.8745, -41.9677,  0, 0, 0
L -29.8750, -687.4129, -41.9677,  -29.8750, -655.8745, -41.9677,  0, 0, 0
L -1.8751, -631.6237, -41.9677,  -110.0937, -631.6270, -41.9677,  0, 0, 0
L -110.0937, -631.6270, -41.9677,  -110.0938, -659.6279, -41.9677,  0, 0, 0
L -195.1018, -683.8438, -41.9677,  -166.0625, -683.8438, -41.9677,  0, 0, 0
L -166.0625, -683.8438, -41.9677,  -166.0625, -711.8438, -41.9677,  0, 0, 0
L -166.0625, -711.8438, -41.9677,  -141.8125, -711.8438, -41.9677,  0, 0, 0
L -141.8125, -711.8438, -41.9677,  -141.8133, -683.8428, -41.9677,  0, 0, 0
L -141.8133, -683.8428, -41.9677,  -85.8437, -683.8438, -41.9677,  0, 0, 0
L -85.8437, -683.8438, -41.9677,  -85.8446, -655.8750, -41.9677,  0, 0, 0
L -85.8446, -655.8750, -41.9677,  -54.0937, -655.8750, -41.9677,  0, 0, 0
L -54.0937, -655.8750, -41.9677,  -54.0937, -743.5928, -41.9677,  0, 0, 0
L -54.0937, -743.5928, -41.9677,  -82.0932, -743.5943, -41.9677,  0, 0, 0
L -82.0932, -743.5943, -41.9677,  -82.0932, -771.5618, -41.9677,  0, 0, 0
L -82.0932, -771.5618, -41.9677,  -141.6966, -771.5645, -41.9677,  0, 0, 0
L -17.8750, -739.8438, -41.9677,  -29.8750, -739.8425, -41.9677,  0, 0, 0
L -29.8750, -739.8425, -41.9677,  -29.8750, -767.8125, -41.9677,  0, 0, 0
L -57.8438, -767.8125, -41.9677,  -29.8750, -767.8125, -41.9677,  0, 0, 0
L 0.7977, -739.8654, -41.9677,  29.8741, -768.9092, -41.9677,  0, 0, 0
L 1.7347, -686.6359, -41.9677,  29.8750, -658.5283, -41.9677,  0, 0, 0
L 29.8750, -658.5283, -41.9677,  29.8750, -603.6249, -41.9677,  0, 0, 0
L 29.8750, -603.6249, -41.9677,  85.8445, -603.6261, -41.9677,  0, 0, 0
L 85.8445, -603.6261, -41.9677,  85.8437, -575.6562, -41.9677,  0, 0, 0
L 85.8437, -575.6562, -41.9677,  110.0938, -575.6550, -41.9677,  0, 0, 0
L 110.0938, -575.6550, -41.9677,  110.0938, -627.8750, -41.9677,  0, 0, 0
L 110.0938, -627.8750, -41.9677,  54.0937, -627.8742, -41.9677,  0, 0, 0
L 54.0937, -627.8742, -41.9677,  54.0938, -659.6249, -41.9677,  0, 0, 0
L 152.0625, -672.4965, -41.9677,  152.0625, -685.8517, -41.9677,  0, 0, 0
L 152.0625, -685.8517, -41.9677,  154.3604, -701.9376, -41.9677,  0, 0, 0
L 154.3266, -725.7387, -41.9677,  152.0625, -741.5804, -41.9677,  0, 0, 0
L 152.0625, -754.9108, -41.9677,  152.0625, -741.5804, -41.9677,  0, 0, 0
L 29.8741, -768.9092, -41.9677,  29.8760, -827.5311, -41.9677,  0, 0, 0
L 82.0938, -725.7454, -41.9677,  82.0938, -743.5940, -41.9677,  0, 0, 0
L 82.0938, -743.5940, -41.9677,  127.8129, -743.5940, -41.9677,  0, 0, 0
L 127.8129, -743.5940, -41.9677,  127.8130, -683.8433, -41.9677,  0, 0, 0
L 127.8130, -683.8433, -41.9677,  82.0938, -683.8433, -41.9677,  0, 0, 0
L 82.0938, -701.1859, -41.9677,  82.0938, -683.8433, -41.9677,  0, 0, 0
L 118.6146, -1009.4687, 0.0010,  82.0938, -1009.4686, 0.0010,  0, 0, 0
L 90.7621, -1009.4686, 0.0010,  91.5421, -1033.7170, 3.0864,  127, 127, 0
L 82.0938, -1009.4686, 0.0010,  82.0937, -952.7371, 0.0010,  0, 0, 0
L 57.8437, -953.4999, -1.3017,  26.4750, -953.4999, -12.7434,  0, 0, 0
L 82.0937, -1004.9938, 0.0010,  74.4409, -1011.2752, 0.0010,  127, 127, 0
L 74.4409, -1011.2752, 0.0010,  88.3383, -1033.7169, 0.0010,  127, 127, 0
L 407.7182, -753.8124, 0.0010,  375.9686, -753.8124, 0.0010,  0, 0, 0
L 407.7182, -753.8124, 0.0010,  407.7198, -799.5621, 0.0010,  0, 0, 0
L 407.7198, -799.5621, 0.0010,  377.5836, -799.5630, 0.0010,  0, 0, 0
L 375.9686, -753.8124, 0.0010,  375.9688, -771.0624, 0.0010,  0, 0, 0
L 417.9676, -743.5933, 0.0010,  365.7187, -743.5946, 0.0010,  0, 0, 0
L 365.7187, -743.5946, 0.0010,  365.7187, -756.8462, 0.0010,  0, 0, 0
L 357.7696, -760.8209, 0.0010,  365.7187, -756.8462, 0.0010,  0, 0, 0
L 337.0336, -777.8125, -13.9990,  329.0348, -761.8124, -13.9990,  0, 0, 0
L 405.7029, -809.8125, 0.0010,  417.9688, -809.8124, 0.0010,  0, 0, 0
L 417.9688, -809.8124, 0.0010,  417.9676, -743.5933, 0.0010,  0, 0, 0
L -127.8130, -334.6511, 0.8508,  -124.7141, -337.7500, 0.8508,  240, 0, 0
L -113.1921, -337.7500, 0.2627,  -124.7141, -337.7500, 0.2627,  240, 0, 0
L -113.1921, -337.7500, 0.8508,  -110.0938, -334.6517, 0.8508,  240, 0, 0
L -110.0938, -334.6517, 0.2627,  -110.0934, -323.0989, 0.2626,  240, 0, 0
L -110.0934, -323.0989, 0.8505,  -113.1920, -319.9997, 0.8506,  240, 0, 0
L -113.1920, -319.9997, 0.2625,  -124.7140, -319.9998, 0.2625,  240, 0, 0
L -127.8122, -323.0981, 0.2627,  -127.8130, -334.6511, 0.2625,  240, 0, 0
L -127.8122, -323.0981, 0.8508,  -124.7140, -319.9998, 0.8507,  240, 0, 0
L -230.8437, -417.9688, 14.0010,  -237.7198, -427.1368, 14.0010,  0, 0, 0
L -237.7198, -427.1368, 14.0010,  -240.2955, -452.8534, 14.0010,  0, 0, 0
L -240.2955, -452.8534, 14.0010,  -222.0313, -434.5891, 14.0010,  0, 0, 0
L -222.0313, -434.5891, 14.0010,  -222.0313, -417.9688, 14.0010,  127, 127, 0
L -222.0313, -417.9688, 14.0010,  -230.8437, -417.9688, 14.0010,  127, 127, 0
L -121.5955, -263.0306, 0.0010,  -121.5955, -254.7818, 0.0010,  127, 127, 0
P 259.7490, -858.3084, 5.1260,  0, 127, 0,  2,  Lady_Vox
P 41.6046, -714.1786, -41.9677,  0, 127, 0,  2,  Ice_Giant_Diplomat
P 279.5955, -682.8730, -41.9623,  0, 127, 127,  2,  King's_Room
P 370.0863, -302.2724, 0.0010,  0, 127, 0,  2,  Goblin_Alchemist
P 586.1034, -189.1999, 0.0010,  0, 127, 0,  2,  Goblin_Scryer
P 328.7512, -122.0765, 0.0010,  0, 127, 0,  2,  Goblin_Jail_Master
P 91.3675, -122.5705, 0.0010,  0, 127, 127,  2,  Flag_Room
P -247.7140, -224.3696, 7.0010,  0, 127, 0,  2,  Goblin_Preacher
P -214.8536, -411.4899, 14.0010,  0, 127, 0,  2,  Goblin_Archeologist
P -95.6478, 60.6758, 0.0010,  0, 0, 0,  2,  Everfrost
