L 173, 388, 0, 177, 402, 0, 0, 0, 240
L 160, 392, 0, 173, 388, 0, 0, 0, 240
L 141, 392, 0, 160, 392, 0, 0, 0, 240
L 121, 387, 0, 141, 392, 0, 0, 0, 240
L 101, 381, 0, 121, 387, 0, 0, 0, 240
L 79, 364, 0, 101, 381, 0, 0, 0, 240
L 63, 345, 0, 79, 364, 0, 0, 0, 240
L 42, 336, 0, 63, 345, 0, 0, 0, 240
L 20, 341, 0, 42, 336, 0, 0, 0, 240
L 10, 354, -0, 20, 341, 0, 0, 0, 240
L 20, 362, 0, 16, 367, 0, 0, 0, 240
L 43, 357, -0, 20, 362, 0, 0, 0, 240
L 65, 375, 0, 43, 357, -0, 0, 0, 240
L 83, 394, 0, 65, 375, 0, 0, 0, 240
L 100, 401, 0, 83, 394, 0, 0, 0, 240
L 120, 403, 0, 100, 401, 0, 0, 0, 240
L 140, 408, 0, 120, 403, 0, 0, 0, 240
L 160, 408, 0, 140, 408, 0, 0, 0, 240
L 177, 403, 0, 160, 408, 0, 0, 0, 240
L 279, 453, 0, 273, 456, 1, 0, 0, 0
L 275, 445, 1, 279, 453, 0, 0, 0, 0
L 304, 433, -2, 275, 445, 1, 0, 0, 0
L 317, 463, -1, 304, 433, -2, 0, 0, 0
L 289, 476, -1, 317, 463, -1, 0, 0, 0
L 286, 469, -1, 289, 476, -1, 0, 0, 0
L 279, 471, 0, 286, 469, -1, 0, 0, 0
L 285, 484, -1, 279, 471, 0, 0, 0, 0
L 294, 481, -2, 285, 484, -1, 0, 0, 0
L 296, 484, -2, 294, 481, -2, 0, 0, 0
L 318, 474, -2, 296, 484, -2, 0, 0, 0
L 317, 471, -2, 318, 474, -2, 0, 0, 0
L 326, 466, -1, 317, 471, -2, 0, 0, 0
L 306, 424, -3, 326, 466, -1, 0, 0, 0
L 298, 428, -3, 306, 424, -3, 0, 0, 0
L 295, 424, -3, 298, 428, -3, 0, 0, 0
L 274, 433, 1, 295, 424, -3, 0, 0, 0
L 275, 438, 1, 274, 433, 1, 0, 0, 0
L 267, 442, 2, 275, 438, 1, 0, 0, 0
L 273, 456, 1, 267, 442, 2, 0, 0, 0
L 642, 287, -3, 645, 297, -2, 0, 0, 0
L 596, 297, -1, 642, 287, -3, 0, 0, 0
L 598, 306, 1, 596, 297, -1, 0, 0, 0
L 595, 306, 0, 598, 306, 1, 0, 0, 0
L 600, 330, 4, 595, 306, 0, 0, 0, 0
L 602, 330, 4, 600, 330, 4, 0, 0, 0
L 605, 339, 4, 602, 330, 4, 0, 0, 0
L 620, 336, 4, 605, 339, 4, 0, 0, 0
L 618, 330, 4, 620, 336, 4, 0, 0, 0
L 609, 332, 4, 618, 330, 4, 0, 0, 0
L 604, 301, 1, 609, 332, 4, 0, 0, 0
L 637, 295, -2, 604, 301, 1, 0, 0, 0
L 642, 326, 1, 637, 295, -2, 0, 0, 0
L 634, 327, 2, 642, 326, 1, 0, 0, 0
L 635, 334, 3, 634, 327, 2, 0, 0, 0
L 650, 331, -1, 635, 334, 3, 0, 0, 0
L 649, 322, 1, 650, 331, -1, 0, 0, 0
L 652, 321, 0, 649, 322, 1, 0, 0, 0
L 648, 298, -2, 652, 321, 0, 0, 0, 0
L 645, 297, -2, 648, 298, -2, 0, 0, 0
L 595, 52, -1, 582, 47, 0, 0, 0, 0
L 592, 58, -1, 595, 52, -1, 0, 0, 0
L 584, 56, 0, 592, 58, -1, 0, 0, 0
L 573, 85, -2, 584, 56, 0, 0, 0, 0
L 604, 97, -2, 573, 85, -2, 0, 0, 0
L 615, 68, -1, 604, 97, -2, 0, 0, 0
L 607, 64, -2, 615, 68, -1, 0, 0, 0
L 610, 58, -1, 607, 64, -2, 0, 0, 0
L 624, 65, 0, 610, 58, -1, 0, 0, 0
L 621, 73, 0, 624, 65, 0, 0, 0, 0
L 624, 75, 0, 621, 73, 0, 0, 0, 0
L 616, 96, -1, 624, 75, 0, 0, 0, 0
L 612, 96, -1, 616, 96, -1, 0, 0, 0
L 608, 105, -1, 612, 96, -1, 0, 0, 0
L 564, 89, -2, 608, 105, -1, 0, 0, 0
L 568, 79, -2, 564, 89, -2, 0, 0, 0
L 565, 77, -2, 568, 79, -2, 0, 0, 0
L 574, 55, 0, 565, 77, -2, 0, 0, 0
L 577, 56, 0, 574, 55, 0, 0, 0, 0
L 580, 48, 0, 577, 56, 0, 0, 0, 0
L -119, -179, 0, -138, -171, 0, 0, 0, 240
L -80, -179, 0, -119, -179, 0, 0, 0, 240
L -60, -172, 0, -80, -179, 0, 0, 0, 240
L -40, -172, 0, -60, -172, 0, 0, 0, 240
L -20, -164, 0, -40, -172, 0, 0, 0, 240
L -1, -168, 0, -20, -164, 0, 0, 0, 240
L 21, -179, 0, -1, -168, 0, 0, 0, 240
L 41, -183, 0, 21, -179, 0, 0, 0, 240
L 60, -180, 0, 41, -183, 0, 0, 0, 240
L 80, -182, -0, 60, -180, 0, 0, 0, 240
L 98, -181, 0, 80, -182, -0, 0, 0, 240
L 117, -175, 0, 98, -181, 0, 0, 0, 240
L 133, -177, -0, 117, -175, 0, 0, 0, 240
L 156, -181, 0, 133, -177, -0, 0, 0, 240
L 174, -175, -0, 156, -181, 0, 0, 0, 240
L 197, -178, 0, 174, -175, -0, 0, 0, 240
L 216, -185, 0, 197, -178, 0, 0, 0, 240
L 256, -176, -0, 216, -185, 0, 0, 0, 240
L 281, -164, 0, 256, -176, -0, 0, 0, 240
L 304, -141, 0, 281, -164, 0, 0, 0, 240
L 317, -116, 0, 304, -141, 0, 0, 0, 240
L 336, -101, -0, 317, -116, 0, 0, 0, 240
L 360, -99, -0, 336, -101, -0, 0, 0, 240
L 381, -101, -0, 360, -99, -0, 0, 0, 240
L 400, -101, 0, 381, -101, -0, 0, 0, 240
L 419, -91, 0, 400, -101, 0, 0, 0, 240
L 452, -83, 0, 419, -91, 0, 0, 0, 240
L 474, -80, 0, 452, -83, 0, 0, 0, 240
L 495, -62, 0, 474, -80, 0, 0, 0, 240
L 516, -64, -0, 495, -62, 0, 0, 0, 240
L 537, -79, 0, 516, -64, -0, 0, 0, 240
L 546, -99, -0, 537, -79, 0, 0, 0, 240
L 550, -119, 0, 546, -99, -0, 0, 0, 240
L 540, -139, 0, 550, -119, 0, 0, 0, 240
L 531, -160, 0, 540, -139, 0, 0, 0, 240
L 528, -179, -0, 531, -160, 0, 0, 0, 240
L 535, -199, 0, 528, -179, -0, 0, 0, 240
L 544, -221, 0, 535, -199, 0, 0, 0, 240
L 543, -239, -0, 544, -221, 0, 0, 0, 240
L 543, -258, -0, 543, -239, -0, 0, 0, 240
L 555, -277, -0, 543, -258, -0, 0, 0, 240
L 554, -299, 0, 555, -277, -0, 0, 0, 240
L 558, -319, 0, 554, -299, 0, 0, 0, 240
L 554, -338, 0, 558, -319, 0, 0, 0, 240
L 547, -357, 3, 554, -338, 0, 0, 0, 240
L 574, -339, 0, 575, -348, 1, 0, 0, 240
L 579, -319, 0, 574, -339, 0, 0, 0, 240
L 570, -299, 0, 579, -319, 0, 0, 0, 240
L 579, -279, 0, 570, -299, 0, 0, 0, 240
L 573, -253, 0, 579, -279, 0, 0, 0, 240
L 565, -234, -0, 573, -253, 0, 0, 0, 240
L 553, -198, 0, 565, -234, -0, 0, 0, 240
L 548, -179, 0, 553, -198, 0, 0, 0, 240
L 549, -159, -0, 548, -179, 0, 0, 0, 240
L 560, -139, 0, 549, -159, -0, 0, 0, 240
L 570, -119, -0, 560, -139, 0, 0, 0, 240
L 567, -99, 0, 570, -119, -0, 0, 0, 240
L 559, -78, -0, 567, -99, 0, 0, 0, 240
L 541, -59, 0, 559, -78, -0, 0, 0, 240
L 520, -46, 0, 541, -59, 0, 0, 0, 240
L 501, -39, -3, 520, -46, 0, 0, 0, 240
L 506, -19, -0, 501, -39, -3, 0, 0, 240
L 507, 1, 0, 506, -19, -0, 0, 0, 240
L 500, 21, 0, 507, 1, 0, 0, 0, 240
L 506, 41, 0, 500, 21, 0, 0, 0, 240
L 506, 61, 0, 506, 41, 0, 0, 0, 240
L 509, 81, 0, 506, 61, 0, 0, 0, 240
L 500, 102, 0, 509, 81, 0, 0, 0, 240
L 496, 121, 0, 500, 102, 0, 0, 0, 240
L 504, 141, 0, 496, 121, 0, 0, 0, 240
L 515, 169, 0, 504, 141, 0, 0, 0, 240
L 533, 188, 0, 515, 169, 0, 0, 0, 240
L 560, 196, -0, 533, 188, 0, 0, 0, 240
L 579, 201, 0, 560, 196, -0, 0, 0, 240
L 600, 207, 0, 579, 201, 0, 0, 0, 240
L 620, 196, -0, 600, 207, 0, 0, 0, 240
L 641, 167, -0, 620, 196, -0, 0, 0, 240
L 669, 148, 0, 641, 167, -0, 0, 0, 240
L 698, 111, 0, 669, 148, 0, 0, 0, 240
L 720, 102, 0, 698, 111, 0, 0, 0, 240
L 740, 100, 0, 720, 102, 0, 0, 0, 240
L 761, 96, 0, 740, 100, 0, 0, 0, 240
L 781, 97, -0, 761, 96, 0, 0, 0, 240
L 811, 88, 0, 781, 97, -0, 0, 0, 240
L 811, 120, 0, 811, 88, 0, 0, 0, 240
L 781, 114, -0, 811, 120, 0, 0, 0, 240
L 760, 114, 0, 781, 114, -0, 0, 0, 240
L 736, 111, -0, 760, 114, 0, 0, 0, 240
L 716, 118, 0, 736, 111, -0, 0, 0, 240
L 700, 141, -0, 716, 118, 0, 0, 0, 240
L 684, 159, 0, 700, 141, -0, 0, 0, 240
L 658, 178, 0, 684, 159, 0, 0, 0, 240
L 634, 200, 0, 658, 178, 0, 0, 0, 240
L 620, 221, 0, 634, 200, 0, 0, 0, 240
L 599, 228, -0, 620, 221, 0, 0, 0, 240
L 580, 222, -2, 599, 228, -0, 0, 0, 240
L 561, 212, -2, 580, 222, -2, 0, 0, 240
L 537, 216, -3, 561, 212, -2, 0, 0, 240
L 516, 238, -0, 537, 216, -3, 0, 0, 240
L 501, 259, 0, 516, 238, -0, 0, 0, 240
L 492, 281, 0, 501, 259, 0, 0, 0, 240
L 489, 300, 0, 492, 281, 0, 0, 0, 240
L 472, 317, 0, 489, 300, 0, 0, 0, 240
L 460, 334, 0, 472, 317, 0, 0, 0, 240
L 440, 348, -0, 460, 334, 0, 0, 0, 240
L 421, 358, 0, 440, 348, -0, 0, 0, 240
L 399, 355, -0, 421, 358, 0, 0, 0, 240
L 379, 357, -0, 399, 355, -0, 0, 0, 240
L 360, 354, 0, 379, 357, -0, 0, 0, 240
L 319, 368, 0, 360, 354, 0, 0, 0, 240
L 300, 371, 0, 319, 368, 0, 0, 0, 240
L 280, 362, 0, 300, 371, 0, 0, 0, 240
L 260, 354, 0, 280, 362, 0, 0, 0, 240
L 241, 362, 0, 260, 354, 0, 0, 0, 240
L 220, 382, 0, 241, 362, 0, 0, 0, 240
L 199, 389, -0, 220, 382, 0, 0, 0, 240
L 186, 397, 0, 199, 389, -0, 0, 0, 240
L 183, 384, 1, 186, 397, 0, 0, 0, 240
L 200, 371, 0, 183, 384, 1, 0, 0, 240
L 218, 352, 0, 200, 371, 0, 0, 0, 240
L 241, 341, 0, 218, 352, 0, 0, 0, 240
L 281, 346, -0, 241, 341, 0, 0, 0, 240
L 300, 347, 0, 281, 346, -0, 0, 0, 240
L 320, 350, 0, 300, 347, 0, 0, 0, 240
L 343, 341, 0, 320, 350, 0, 0, 0, 240
L 380, 342, 0, 343, 341, 0, 0, 0, 240
L 401, 340, 0, 380, 342, 0, 0, 0, 240
L 421, 342, 0, 401, 340, 0, 0, 0, 240
L 447, 326, 0, 421, 342, 0, 0, 0, 240
L 466, 303, -0, 447, 326, 0, 0, 0, 240
L 470, 281, 0, 466, 303, -0, 0, 0, 240
L 480, 261, 0, 470, 281, 0, 0, 0, 240
L 485, 242, 0, 480, 261, 0, 0, 0, 240
L 503, 225, 0, 485, 242, 0, 0, 0, 240
L 518, 203, 0, 503, 225, 0, 0, 0, 240
L 507, 182, 0, 518, 203, 0, 0, 0, 240
L 487, 164, 0, 507, 182, 0, 0, 0, 240
L 483, 143, 0, 487, 164, 0, 0, 0, 240
L 476, 122, 0, 483, 143, 0, 0, 0, 240
L 480, 101, -0, 476, 122, 0, 0, 0, 240
L 492, 81, 0, 480, 101, -0, 0, 0, 240
L 492, 61, 0, 492, 81, 0, 0, 0, 240
L 480, 41, 0, 492, 61, 0, 0, 0, 240
L 474, 22, 0, 480, 41, 0, 0, 0, 240
L 475, 1, 0, 474, 22, 0, 0, 0, 240
L 485, -16, 0, 475, 1, 0, 0, 0, 240
L 481, -39, 0, 485, -16, 0, 0, 0, 240
L 471, -60, 0, 481, -39, 0, 0, 0, 240
L 445, -71, 0, 471, -60, 0, 0, 0, 240
L 423, -75, 0, 445, -71, 0, 0, 0, 240
L 399, -75, -0, 423, -75, 0, 0, 0, 240
L 380, -77, 0, 399, -75, -0, 0, 0, 240
L 360, -85, 0, 380, -77, 0, 0, 0, 240
L 339, -79, 0, 360, -85, 0, 0, 0, 240
L 320, -78, 0, 339, -79, 0, 0, 0, 240
L 300, -98, 0, 320, -78, 0, 0, 0, 240
L 286, -125, 0, 300, -98, 0, 0, 0, 240
L 259, -139, 0, 286, -125, 0, 0, 0, 240
L 240, -158, 0, 259, -139, 0, 0, 0, 240
L 220, -161, 0, 240, -158, 0, 0, 0, 240
L 160, -161, 0, 220, -161, 0, 0, 0, 240
L 140, -157, 0, 160, -161, 0, 0, 0, 240
L 100, -162, 0, 140, -157, 0, 0, 0, 240
L 60, -157, 0, 100, -162, 0, 0, 0, 240
L 40, -161, 0, 60, -157, 0, 0, 0, 240
L 20, -158, 0, 40, -161, 0, 0, 0, 240
L -1, -147, 0, 20, -158, 0, 0, 0, 240
L -20, -144, 0, -1, -147, 0, 0, 0, 240
L -40, -151, 0, -20, -144, 0, 0, 0, 240
L -61, -151, 0, -40, -151, 0, 0, 0, 240
L -80, -158, 0, -61, -151, 0, 0, 0, 240
L -99, -158, 0, -80, -158, 0, 0, 0, 240
L -119, -154, 0, -99, -158, 0, 0, 0, 240
L -136, -133, 0, -119, -154, 0, 0, 0, 240
L -140, -131, 2, -136, -133, 0, 0, 0, 240
L 60, 30, 5, 65, 30, 5, 0, 0, 0
L 60, -9, 5, 60, 30, 5, 0, 0, 0
L 51, -10, 5, 60, -9, 5, 0, 0, 0
L 51, -26, 5, 51, -10, 5, 0, 0, 0
L 60, -26, 5, 51, -26, 5, 0, 0, 0
L 60, -65, 5, 60, -26, 5, 0, 0, 0
L 65, -65, 5, 60, -65, 5, 0, 0, 0
L 65, -26, 5, 65, -65, 5, 0, 0, 0
L 67, -25, 3, 65, -26, 5, 0, 0, 0
L 67, -10, 3, 67, -25, 3, 0, 0, 0
L 65, -9, 5, 67, -10, 3, 0, 0, 0
L 65, 30, 5, 65, -9, 5, 0, 0, 0
L 49, 99, 5, 66, 100, 3, 0, 0, 0
L 49, 97, 5, 49, 99, 5, 0, 0, 0
L -29, 97, 5, 49, 97, 5, 0, 0, 0
L -30, 100, 3, -29, 97, 5, 0, 0, 0
L -47, 99, 3, -30, 100, 3, 0, 0, 0
L -46, 82, 5, -47, 99, 3, 0, 0, 0
L -45, 82, 5, -46, 82, 5, 0, 0, 0
L -45, -9, 5, -45, 82, 5, 0, 0, 0
L -47, -10, 3, -45, -9, 5, 0, 0, 0
L -47, -25, 3, -47, -10, 3, 0, 0, 0
L -45, -26, 5, -47, -25, 3, 0, 0, 0
L -45, -117, 5, -45, -26, 5, 0, 0, 0
L -47, -118, 3, -45, -117, 5, 0, 0, 0
L -46, -135, 3, -47, -118, 3, 0, 0, 0
L -30, -135, 3, -46, -135, 3, 0, 0, 0
L -29, -132, 5, -30, -135, 3, 0, 0, 0
L 49, -132, 5, -29, -132, 5, 0, 0, 0
L 50, -135, 3, 49, -132, 5, 0, 0, 0
L 67, -133, 3, 50, -135, 3, 0, 0, 0
L 67, -117, 3, 67, -133, 3, 0, 0, 0
L 65, -117, 5, 67, -117, 3, 0, 0, 0
L 65, -90, 5, 65, -117, 5, 0, 0, 0
L 60, -90, 5, 65, -90, 5, 0, 0, 0
L 60, -117, 5, 60, -90, 5, 0, 0, 0
L 49, -117, 5, 60, -117, 5, 0, 0, 0
L 49, -128, 5, 49, -117, 5, 0, 0, 0
L -28, -127, 5, 49, -128, 5, 0, 0, 0
L -29, -116, 5, -28, -127, 5, 0, 0, 0
L -40, -116, 8, -29, -116, 5, 0, 0, 0
L -40, -26, 5, -40, -116, 8, 0, 0, 0
L -30, -25, 6, -40, -26, 5, 0, 0, 0
L -30, -10, 5, -30, -25, 6, 0, 0, 0
L -40, -9, 5, -30, -10, 5, 0, 0, 0
L -40, 81, 5, -40, -9, 5, 0, 0, 0
L -29, 81, 5, -40, 81, 5, 0, 0, 0
L -28, 92, 14, -29, 81, 5, 0, 0, 0
L 48, 92, 5, -28, 92, 14, 0, 0, 0
L 49, 81, 5, 48, 92, 5, 0, 0, 0
L 60, 81, 5, 49, 81, 5, 0, 0, 0
L 60, 56, 5, 60, 81, 5, 0, 0, 0
L 65, 56, 5, 60, 56, 5, 0, 0, 0
L 65, 81, 5, 65, 56, 5, 0, 0, 0
L 68, 83, 3, 65, 81, 5, 0, 0, 0
L 67, 100, 3, 68, 83, 3, 0, 0, 0
L 176, 229, 21, 179, 231, 21, 0, 0, 240
L 170, 228, 21, 176, 229, 21, 0, 0, 240
L 166, 228, 21, 170, 228, 21, 0, 0, 240
L 161, 231, 21, 166, 228, 21, 0, 0, 240
L 161, 236, 21, 161, 231, 21, 0, 0, 240
L 166, 239, 21, 161, 236, 21, 0, 0, 240
L 170, 240, 21, 166, 239, 21, 0, 0, 240
L 178, 237, 21, 170, 240, 21, 0, 0, 240
L 179, 232, 21, 178, 237, 21, 0, 0, 240
L 188, 188, 17, 144, 187, 16, 0, 0, 0
L 144, 181, 10, 188, 182, 11, 0, 0, 0
L 188, 176, 5, 144, 176, 5, 0, 0, 0
L 112, 171, 0, 112, 279, 10, 0, 0, 0
L 143, 171, 0, 112, 171, 0, 0, 0, 0
L 145, 193, 21, 143, 171, 0, 0, 0, 0
L 190, 193, 21, 145, 193, 21, 0, 0, 0
L 190, 171, 0, 190, 193, 21, 0, 0, 0
L 225, 173, -1, 190, 171, 0, 0, 0, 0
L 222, 280, 8, 225, 173, -1, 0, 0, 0
L 113, 280, 8, 222, 280, 8, 0, 0, 0
L 274, 55, 5, 274, 50, 5, 0, 0, 0
L 236, 55, 5, 274, 55, 5, 0, 0, 0
L 234, 58, 3, 236, 55, 5, 0, 0, 0
L 219, 57, 5, 234, 58, 3, 0, 0, 0
L 219, 55, 5, 219, 57, 5, 0, 0, 0
L 181, 55, 5, 219, 55, 5, 0, 0, 0
L 181, 50, 5, 181, 55, 5, 0, 0, 0
L 219, 50, 7, 181, 50, 5, 0, 0, 0
L 220, 40, 5, 219, 50, 7, 0, 0, 0
L 235, 40, 5, 220, 40, 5, 0, 0, 0
L 236, 50, 5, 235, 40, 5, 0, 0, 0
L 274, 50, 5, 236, 50, 5, 0, 0, 0
L 301, 55, 5, 301, 50, 5, 0, 0, 0
L 326, 55, 5, 301, 55, 5, 0, 0, 0
L 328, 58, 3, 326, 55, 5, 0, 0, 0
L 346, 56, 3, 328, 58, 3, 0, 0, 0
L 344, 39, 5, 346, 56, 3, 0, 0, 0
L 343, 38, 5, 344, 39, 5, 0, 0, 0
L 343, -38, 5, 343, 38, 5, 0, 0, 0
L 345, -40, 3, 343, -38, 5, 0, 0, 0
L 344, -58, 3, 345, -40, 3, 0, 0, 0
L 327, -57, 3, 344, -58, 3, 0, 0, 0
L 326, -55, 5, 327, -57, 3, 0, 0, 0
L 236, -55, 5, 326, -55, 5, 0, 0, 0
L 235, -58, 3, 236, -55, 5, 0, 0, 0
L 219, -57, 3, 235, -58, 3, 0, 0, 0
L 219, -55, 5, 219, -57, 3, 0, 0, 0
L 129, -55, 5, 219, -55, 5, 0, 0, 0
L 126, -58, 3, 129, -55, 5, 0, 0, 0
L 111, -57, 3, 126, -58, 3, 0, 0, 0
L 111, -39, 5, 111, -57, 3, 0, 0, 0
L 112, -38, 5, 111, -39, 5, 0, 0, 0
L 112, 38, 5, 112, -38, 5, 0, 0, 0
L 110, 41, 3, 112, 38, 5, 0, 0, 0
L 111, 58, 3, 110, 41, 3, 0, 0, 0
L 129, 56, 5, 111, 58, 3, 0, 0, 0
L 129, 55, 5, 129, 56, 5, 0, 0, 0
L 154, 55, 5, 129, 55, 5, 0, 0, 0
L 154, 50, 5, 154, 55, 5, 0, 0, 0
L 129, 50, 5, 154, 50, 5, 0, 0, 0
L 129, 39, 5, 129, 50, 5, 0, 0, 0
L 118, 38, 5, 129, 39, 5, 0, 0, 0
L 118, -38, 5, 118, 38, 5, 0, 0, 0
L 129, -40, 5, 118, -38, 5, 0, 0, 0
L 129, -50, 5, 129, -40, 5, 0, 0, 0
L 219, -50, 5, 129, -50, 5, 0, 0, 0
L 221, -40, 5, 219, -50, 5, 0, 0, 0
L 236, -41, 5, 221, -40, 5, 0, 0, 0
L 236, -50, 5, 236, -41, 5, 0, 0, 0
L 326, -50, 14, 236, -50, 5, 0, 0, 0
L 326, -38, 5, 326, -50, 14, 0, 0, 0
L 337, -38, 7, 326, -38, 5, 0, 0, 0
L 337, 38, 5, 337, -38, 7, 0, 0, 0
L 326, 39, 5, 337, 38, 5, 0, 0, 0
L 326, 50, 5, 326, 39, 5, 0, 0, 0
L 301, 50, 5, 326, 50, 5, 0, 0, 0
L 322, 157, 5, 328, 157, 5, 0, 0, 0
L 322, 195, 5, 322, 157, 5, 0, 0, 0
L 320, 197, 4, 322, 195, 5, 0, 0, 0
L 321, 212, 5, 320, 197, 4, 0, 0, 0
L 322, 212, 5, 321, 212, 5, 0, 0, 0
L 322, 251, 5, 322, 212, 5, 0, 0, 0
L 328, 251, 5, 322, 251, 5, 0, 0, 0
L 328, 212, 5, 328, 251, 5, 0, 0, 0
L 337, 211, 5, 328, 212, 5, 0, 0, 0
L 337, 196, 5, 337, 211, 5, 0, 0, 0
L 328, 195, 5, 337, 196, 5, 0, 0, 0
L 328, 157, 5, 328, 195, 5, 0, 0, 0
L 328, 131, 5, 322, 131, 5, 0, 0, 0
L 328, 105, 5, 328, 131, 5, 0, 0, 0
L 339, 105, 5, 328, 105, 5, 0, 0, 0
L 339, 94, 5, 339, 105, 5, 0, 0, 0
L 416, 94, 5, 339, 94, 5, 0, 0, 0
L 418, 105, 5, 416, 94, 5, 0, 0, 0
L 427, 105, 5, 418, 105, 5, 0, 0, 0
L 427, 195, 5, 427, 105, 5, 0, 0, 0
L 418, 196, 5, 427, 195, 5, 0, 0, 0
L 419, 212, 5, 418, 196, 5, 0, 0, 0
L 427, 212, 5, 419, 212, 5, 0, 0, 0
L 427, 302, 5, 427, 212, 5, 0, 0, 0
L 417, 302, 5, 427, 302, 5, 0, 0, 0
L 416, 313, 5, 417, 302, 5, 0, 0, 0
L 339, 313, 5, 416, 313, 5, 0, 0, 0
L 336, 302, 5, 339, 313, 5, 0, 0, 0
L 328, 302, 5, 336, 302, 5, 0, 0, 0
L 328, 277, 5, 328, 302, 5, 0, 0, 0
L 322, 277, 5, 328, 277, 5, 0, 0, 0
L 322, 302, 5, 322, 277, 5, 0, 0, 0
L 320, 305, 3, 322, 302, 5, 0, 0, 0
L 321, 321, 3, 320, 305, 3, 0, 0, 0
L 338, 321, 3, 321, 321, 3, 0, 0, 0
L 339, 319, 5, 338, 321, 3, 0, 0, 0
L 416, 319, 5, 339, 319, 5, 0, 0, 0
L 417, 321, 3, 416, 319, 5, 0, 0, 0
L 435, 319, 3, 417, 321, 3, 0, 0, 0
L 434, 302, 5, 435, 319, 3, 0, 0, 0
L 433, 302, 5, 434, 302, 5, 0, 0, 0
L 433, 212, 5, 433, 302, 5, 0, 0, 0
L 435, 210, 3, 433, 212, 5, 0, 0, 0
L 435, 196, 3, 435, 210, 3, 0, 0, 0
L 433, 195, 5, 435, 196, 3, 0, 0, 0
L 433, 105, 5, 433, 195, 5, 0, 0, 0
L 435, 103, 3, 433, 105, 5, 0, 0, 0
L 433, 86, 3, 435, 103, 3, 0, 0, 0
L 416, 87, 3, 433, 86, 3, 0, 0, 0
L 416, 88, 5, 416, 87, 3, 0, 0, 0
L 339, 88, 5, 416, 88, 5, 0, 0, 0
L 337, 86, 3, 339, 88, 5, 0, 0, 0
L 320, 87, 3, 337, 86, 3, 0, 0, 0
L 321, 105, 5, 320, 87, 3, 0, 0, 0
L 322, 105, 5, 321, 105, 5, 0, 0, 0
L 322, 131, 5, 322, 105, 5, 0, 0, 0
L 799, 366, 0, 837, 365, 0, 0, 0, 0
L 799, 397, 0, 799, 366, 0, 0, 0, 0
L 811, 398, 2, 799, 397, 0, 0, 0, 0
L 810, 442, 0, 811, 398, 2, 0, 0, 0
L 797, 444, 0, 810, 442, 0, 0, 0, 0
L 798, 476, 0, 797, 444, 0, 0, 0, 0
L 811, 475, 0, 798, 476, 0, 0, 0, 0
L 810, 604, 0, 811, 475, 0, 0, 0, 0
L 779, 604, 5, 810, 604, 0, 0, 0, 0
L 778, 588, 5, 779, 604, 5, 0, 0, 0
L 775, 588, 5, 778, 588, 5, 0, 0, 0
L 760, 573, 5, 775, 588, 5, 0, 0, 0
L 705, 573, 5, 760, 573, 5, 0, 0, 0
L 705, 575, 5, 705, 573, 5, 0, 0, 0
L 692, 588, 5, 705, 575, 5, 0, 0, 0
L 689, 590, 5, 692, 588, 5, 0, 0, 0
L 689, 604, 5, 689, 590, 5, 0, 0, 0
L 632, 607, 5, 689, 604, 5, 0, 0, 0
L 634, 624, 5, 632, 607, 5, 0, 0, 0
L 635, 624, 5, 634, 624, 5, 0, 0, 0
L 635, 721, 5, 635, 624, 5, 0, 0, 0
L 573, 721, 5, 635, 721, 5, 0, 0, 0
L 573, 658, 5, 573, 721, 5, 240, 0, 182
L 573, 624, 5, 573, 658, 5, 0, 0, 0
L 575, 622, 5, 573, 624, 5, 0, 0, 0
L 573, 604, 5, 575, 622, 5, 0, 0, 0
L 440, 604, 5, 573, 604, 5, 0, 0, 0
L 439, 588, 5, 440, 604, 5, 0, 0, 0
L 436, 588, 5, 439, 588, 5, 0, 0, 0
L 424, 575, 5, 436, 588, 5, 0, 0, 0
L 423, 573, 5, 424, 575, 5, 0, 0, 0
L 367, 573, 5, 423, 573, 5, 0, 0, 0
L 366, 575, 5, 367, 573, 5, 0, 0, 0
L 350, 591, 5, 366, 575, 5, 0, 0, 0
L 351, 645, 5, 350, 591, 5, 0, 0, 0
L 354, 645, 5, 351, 645, 5, 0, 0, 0
L 366, 658, 5, 354, 645, 5, 0, 0, 0
L 366, 659, 5, 366, 658, 5, 0, 0, 0
L 381, 661, 5, 366, 659, 5, 0, 0, 0
L 381, 685, 5, 381, 661, 5, 0, 0, 0
L 213, 681, 0, 381, 685, 5, 0, 0, 0
L 201, 663, 0, 213, 681, 0, 0, 0, 0
L 188, 670, 1, 201, 663, 0, 0, 0, 0
L 142, 573, 0, 188, 670, 1, 0, 0, 0
L 155, 562, 0, 142, 573, 0, 0, 0, 0
L 139, 535, 0, 155, 562, 0, 0, 0, 0
L 109, 552, 0, 139, 535, 0, 0, 0, 0
L 90, 513, 0, 109, 552, 0, 0, 0, 0
L 77, 519, 0, 90, 513, 0, 0, 0, 0
L 70, 473, 0, 57, 479, 0, 0, 0, 0
L -2, 328, 0, 70, 473, 0, 0, 0, 0
L -15, 334, 0, -2, 328, 0, 0, 0, 0
L -536, 836, 0, -524, 829, 0, 0, 0, 0
L -526, 857, 0, -536, 836, 0, 0, 0, 0
L -582, 885, 0, -526, 857, 0, 0, 0, 0
L -624, 794, 0, -582, 885, 0, 240, 0, 162
L -571, 767, 0, -624, 794, 0, 0, 0, 0
L -556, 796, 0, -571, 767, 0, 0, 0, 0
L -544, 789, 0, -556, 796, 0, 0, 0, 0
L -629, 651, 0, -616, 644, 0, 0, 0, 0
L -618, 672, 0, -629, 651, 0, 0, 0, 0
L -672, 699, 0, -618, 672, 0, 0, 0, 0
L -714, 607, 0, -672, 699, 0, 240, 0, 162
L -663, 582, 0, -714, 607, 0, 0, 0, 0
L -649, 611, 0, -663, 582, 0, 0, 0, 0
L -636, 604, 0, -649, 611, 0, 0, 0, 0
L -482, 694, 33, -484, 691, 33, 0, 0, 0
L -531, 722, 0, -482, 694, 33, 0, 0, 0
L -471, 842, 0, -531, 722, 0, 0, 0, 0
L -508, 860, 0, -471, 842, 0, 0, 0, 0
L -524, 829, 0, -508, 860, 0, 0, 0, 0
L -616, 644, 0, -544, 789, 0, 0, 0, 0
L -655, 566, 0, -636, 604, 0, 0, 0, 0
L -618, 547, 0, -655, 566, 0, 0, 0, 0
L -557, 669, 0, -618, 547, 0, 0, 0, 0
L -507, 645, 33, -557, 669, 0, 0, 0, 0
L -505, 648, 33, -507, 645, 33, 0, 0, 0
L -484, 691, 33, -471, 684, 33, 0, 0, 0
L -492, 642, 33, -505, 648, 33, 0, 0, 0
L -401, 649, 33, -389, 643, 33, 0, 0, 0
L -391, 671, 33, -401, 649, 33, 0, 0, 0
L -461, 705, 33, -391, 671, 33, 0, 0, 0
L -471, 684, 33, -461, 705, 33, 0, 0, 0
L -503, 621, 33, -492, 642, 33, 0, 0, 0
L -433, 586, 33, -503, 621, 33, 0, 0, 0
L -421, 610, 33, -433, 586, 33, 0, 0, 0
L -409, 603, 33, -421, 610, 33, 0, 0, 0
L -300, 556, 33, -457, 241, 33, 0, 0, 240
L -355, 583, 33, -300, 556, 33, 0, 0, 240
L -512, 269, 33, -355, 583, 33, 0, 0, 240
L -343, 608, 33, -185, 924, 33, 0, 0, 240
L -287, 579, 33, -343, 608, 33, 0, 0, 240
L -130, 896, 32, -287, 579, 33, 0, 0, 240
L -253, 522, 33, -240, 516, 33, 0, 0, 0
L -268, 491, 33, -253, 522, 33, 0, 0, 0
L -298, 505, 33, -268, 491, 33, 0, 0, 0
L -306, 487, 33, -298, 505, 33, 0, 0, 0
L -287, 478, 33, -306, 487, 33, 0, 0, 0
L -347, 358, 33, -287, 478, 33, 0, 0, 0
L -366, 368, 33, -347, 358, 33, 0, 0, 0
L -375, 350, 33, -366, 368, 33, 0, 0, 0
L -356, 341, 33, -375, 350, 33, 0, 0, 0
L -416, 221, 33, -356, 341, 33, 0, 0, 0
L -553, 289, 33, -416, 221, 33, 0, 0, 0
L -493, 409, 33, -553, 289, 33, 0, 0, 0
L -474, 401, 34, -493, 409, 33, 0, 0, 0
L -466, 418, 33, -474, 401, 34, 0, 0, 0
L -484, 427, 33, -466, 418, 33, 0, 0, 0
L -424, 547, 33, -484, 427, 33, 0, 0, 0
L -406, 537, 33, -424, 547, 33, 0, 0, 0
L -396, 556, 33, -406, 537, 33, 0, 0, 0
L -425, 569, 33, -396, 556, 33, 0, 0, 0
L -409, 603, 33, -425, 569, 33, 0, 0, 0
L -373, 674, 33, -389, 643, 33, 0, 0, 0
L -345, 659, 33, -373, 674, 33, 0, 0, 0
L -336, 678, 33, -345, 659, 33, 0, 0, 0
L -354, 687, 33, -336, 678, 33, 0, 0, 0
L -294, 807, 33, -354, 687, 33, 0, 0, 0
L -275, 796, 33, -267, 815, 33, 0, 0, 0
L -273, 798, 33, -294, 807, 33, 0, 0, 0
L -285, 824, 33, -266, 817, 33, 0, 0, 0
L -226, 944, 33, -285, 824, 33, 0, 0, 0
L -88, 876, 33, -226, 944, 33, 0, 0, 0
L -148, 756, 33, -88, 876, 33, 0, 0, 0
L -167, 765, 33, -148, 756, 33, 0, 0, 0
L -176, 747, 33, -167, 765, 33, 0, 0, 0
L -157, 738, 33, -176, 747, 33, 0, 0, 0
L -217, 618, 33, -157, 738, 33, 0, 0, 0
L -236, 626, 35, -217, 618, 33, 0, 0, 0
L -246, 610, 33, -236, 626, 35, 0, 0, 0
L -216, 596, 33, -246, 610, 33, 0, 0, 0
L -233, 562, 33, -216, 596, 33, 0, 0, 0
L -220, 556, 33, -233, 562, 33, 0, 0, 0
L -170, 481, 33, -157, 474, 33, 0, 0, 0
L -181, 460, 33, -170, 481, 33, 0, 0, 0
L -250, 494, 33, -181, 460, 33, 0, 0, 0
L -240, 516, 33, -250, 494, 33, 0, 0, 0
L -208, 579, 33, -220, 556, 33, 0, 0, 0
L -138, 544, 33, -208, 579, 33, 0, 0, 0
L -149, 523, 33, -138, 544, 33, 0, 0, 0
L -136, 517, 33, -149, 523, 33, 0, 0, 0
L 8, 554, 0, -5, 561, 0, 0, 0, 0
L 22, 583, 0, 8, 554, 0, 0, 0, 0
L 92, 548, 0, 22, 583, 0, 0, 0, 0
L 77, 519, 0, 92, 548, 0, 0, 0, 0
L 47, 458, 0, 57, 479, 0, 0, 0, 0
L -23, 493, 0, 47, 458, 0, 0, 0, 0
L -12, 514, 0, -23, 493, 0, 0, 0, 0
L -25, 521, 0, -12, 514, 0, 0, 0, 0
L -105, 329, 0, -118, 336, 0, 0, 0, 0
L -98, 376, 0, -85, 369, 0, 0, 0, 0
L -25, 521, 0, -98, 376, 0, 0, 0, 0
L 14, 599, 0, -5, 561, 0, 0, 0, 0
L -23, 618, 0, 14, 599, 0, 0, 0, 0
L -83, 498, 0, -23, 618, 0, 0, 0, 0
L -83, 497, 0, -83, 498, 0, 0, 0, 0
L -84, 497, 0, -83, 497, 0, 0, 0, 0
L -85, 496, 0, -84, 497, 0, 0, 0, 0
L -133, 520, 33, -85, 496, 0, 0, 0, 0
L -134, 520, 33, -133, 520, 33, 0, 0, 0
L -136, 517, 33, -134, 520, 33, 0, 0, 0
L -159, 471, 33, -157, 474, 33, 0, 0, 0
L -120, 451, 2, -159, 471, 33, 0, 0, 0
L -111, 447, 0, -120, 451, 2, 0, 0, 0
L -110, 446, 0, -111, 447, 0, 0, 0, 0
L -110, 445, 0, -110, 446, 0, 0, 0, 0
L -170, 323, 0, -110, 445, 0, 0, 0, 0
L -133, 305, 0, -170, 323, 0, 0, 0, 0
L -118, 336, 0, -133, 305, 0, 0, 0, 0
L -1, 363, 0, -15, 334, 0, 0, 0, 0
L -71, 398, 0, -1, 363, 0, 0, 0, 0
L -85, 369, 0, -71, 398, 0, 0, 0, 0
L -115, 308, 0, -105, 329, 0, 0, 0, 0
L -46, 273, 0, -115, 308, 0, 0, 0, 0
L -35, 294, 0, -46, 273, 0, 0, 0, 0
L -22, 288, 0, -35, 294, 0, 0, 0, 0
L -38, 257, 0, -22, 288, 0, 0, 0, 0
L -8, 240, 3, -38, 257, 0, 0, 0, 0
L -22, 211, 0, -8, 240, 3, 0, 0, 0
L -37, 218, 1, -22, 211, 0, 0, 0, 0
L -80, 130, 0, -37, 218, 1, 0, 0, 0
L -65, 122, 0, -80, 130, 0, 0, 0, 0
L -80, 92, 0, -65, 122, 0, 0, 0, 0
L -95, 100, 0, -80, 92, 0, 0, 0, 0
L -129, 32, 0, -95, 100, 0, 0, 0, 0
L -135, -63, 0, -129, 32, 0, 0, 0, 0
L -135, -66, 2, -135, -63, 0, 0, 0, 0
L -136, -68, 2, -135, -66, 2, 0, 0, 0
L -136, -72, 3, -136, -68, 2, 0, 0, 0
L -137, -74, 7, -136, -72, 3, 0, 0, 0
L -137, -76, 8, -137, -74, 7, 0, 0, 0
L -138, -80, 9, -137, -76, 8, 0, 0, 0
L -144, -121, 24, -138, -80, 9, 0, 0, 0
L -144, -123, 24, -144, -121, 24, 0, 0, 0
L -145, -138, 21, -144, -123, 24, 0, 0, 0
L -144, -141, 16, -145, -138, 21, 0, 0, 0
L -144, -146, 11, -144, -141, 16, 0, 0, 0
L -140, -158, 2, -144, -146, 11, 0, 0, 0
L -139, -160, 0, -140, -158, 2, 0, 0, 0
L -139, -162, -0, -139, -160, 0, 0, 0, 0
L -138, -169, 0, -139, -162, -0, 0, 0, 0
L -130, -260, 0, -138, -169, 0, 0, 0, 0
L -129, -400, 0, -130, -260, 0, 0, 0, 0
L -126, -409, 0, -129, -400, 0, 0, 0, 0
L -110, -393, 0, -126, -409, 0, 0, 0, 0
L -93, -402, 1, -110, -393, 0, 0, 0, 0
L 105, -402, 0, -93, -402, 1, 0, 0, 0
L 106, -397, 0, 105, -402, 0, 0, 0, 0
L 138, -398, 0, 106, -397, 0, 0, 0, 0
L 138, -468, 50, 138, -398, 0, 0, 0, 0
L -68, -495, 48, 401, -495, 48, 0, 0, 0
L -63, -433, 70, -68, -495, 48, 0, 0, 0
L 100, -433, 70, -63, -433, 70, 0, 0, 0
L 100, -469, 48, 100, -433, 70, 0, 0, 0
L 137, -469, 48, 100, -469, 48, 0, 0, 0
L 397, -469, 48, 396, -433, 70, 0, 0, 0
L 401, -469, 48, 397, -469, 48, 0, 0, 0
L 401, -493, 48, 401, -469, 48, 0, 0, 0
L -68, -519, 0, -238, -519, -40, 0, 0, 0
L -238, -556, -40, -68, -556, 0, 0, 0, 0
L -336, -593, -40, -336, -749, -40, 0, 0, 0
L -350, -593, -40, -336, -593, -40, 0, 0, 0
L -350, -493, -40, -350, -593, -40, 0, 0, 0
L -238, -493, -40, -350, -493, -40, 0, 0, 0
L -238, -519, -40, -238, -493, -40, 0, 0, 0
L -238, -593, -40, -238, -556, -40, 0, 0, 0
L -299, -593, -40, -238, -593, -40, 0, 0, 0
L -299, -749, -40, -299, -593, -40, 0, 0, 0
L -197, -858, -40, 30, -858, 0, 0, 0, 0
L -197, -866, -40, -197, -858, -40, 0, 0, 0
L -350, -866, -40, -197, -866, -40, 0, 0, 0
L -350, -749, -40, -350, -866, -40, 0, 0, 0
L -336, -749, -40, -350, -749, -40, 0, 0, 0
L -197, -750, -40, -299, -749, -40, 0, 0, 0
L -197, -820, -40, -197, -749, -40, 0, 0, 0
L 30, -820, 0, -197, -820, -40, 0, 0, 0
L 128, -655, 48, 129, -673, 48, 0, 0, 0
L 205, -655, 48, 128, -655, 48, 0, 0, 0
L 205, -676, 48, 205, -655, 48, 0, 0, 0
L 147, -692, 48, 147, -809, 0, 0, 0, 0
L 108, -692, 48, 147, -692, 48, 0, 0, 0
L 108, -623, 70, 108, -692, 48, 0, 0, 0
L 225, -623, 70, 108, -623, 70, 0, 0, 0
L 225, -692, 48, 225, -623, 70, 0, 0, 0
L 185, -692, 48, 225, -692, 48, 0, 0, 0
L 185, -809, 0, 185, -692, 48, 0, 0, 0
L 302, -820, 0, 529, -820, -40, 0, 0, 0
L 302, -809, 0, 302, -820, 0, 0, 0, 0
L 185, -809, 0, 302, -809, 0, 0, 0, 0
L 30, -809, 0, 147, -809, 0, 0, 0, 0
L 30, -820, 0, 30, -809, 0, 0, 0, 0
L 30, -926, 0, 30, -858, 0, 0, 0, 0
L 302, -926, 0, 30, -926, 0, 0, 0, 0
L 302, -858, 0, 302, -926, 0, 0, 0, 0
L 529, -858, -40, 302, -858, 0, 0, 0, 0
L 645, -378, 5, 645, -493, -40, 0, 0, 0
L 646, -378, 5, 645, -378, 5, 0, 0, 0
L 657, -367, 5, 646, -378, 5, 0, 0, 0
L 657, -328, 5, 657, -367, 5, 0, 0, 0
L 646, -317, 5, 657, -328, 5, 0, 0, 0
L 638, -317, 5, 646, -317, 5, 0, 0, 0
L 607, -317, 5, 614, -317, 5, 0, 0, 0
L 595, -328, 5, 607, -317, 5, 0, 0, 0
L 595, -367, 5, 595, -328, 5, 0, 0, 0
L 607, -378, 5, 595, -367, 5, 0, 0, 0
L 607, -493, -40, 607, -378, 5, 0, 0, 0
L 570, -519, -40, 401, -519, 0, 0, 0, 0
L 631, -749, -40, 631, -593, -40, 0, 0, 0
L 529, -749, -40, 631, -749, -40, 0, 0, 0
L 529, -820, -40, 529, -749, -40, 0, 0, 0
L 529, -866, -40, 529, -858, -40, 0, 0, 0
L 682, -866, -40, 529, -866, -40, 0, 0, 0
L 682, -749, -40, 682, -866, -40, 0, 0, 0
L 669, -749, -40, 682, -749, -40, 0, 0, 0
L 669, -593, -40, 669, -749, -40, 0, 0, 0
L 682, -593, -40, 669, -593, -40, 0, 0, 0
L 682, -493, -40, 682, -593, -40, 0, 0, 0
L 645, -493, -40, 682, -493, -40, 0, 0, 0
L 570, -493, -40, 607, -493, -40, 0, 0, 0
L 570, -519, -40, 570, -493, -40, 0, 0, 0
L 570, -593, -40, 570, -556, -40, 0, 0, 0
L 570, -593, -40, 631, -593, -40, 0, 0, 0
L 571, -556, -40, 570, -556, -40, 0, 0, 0
L 572, -551, -40, 571, -556, -40, 0, 0, 0
L 571, -549, -40, 572, -551, -40, 0, 0, 0
L 571, -547, -40, 571, -549, -40, 0, 0, 0
L 571, -545, -40, 571, -547, -40, 0, 0, 0
L 560, -546, -36, 571, -545, -40, 0, 0, 0
L 558, -546, -36, 560, -546, -36, 0, 0, 0
L 495, -546, -3, 558, -546, -36, 0, 0, 0
L 465, -546, 0, 495, -546, -3, 0, 0, 0
L 427, -547, 0, 465, -546, 0, 0, 0, 0
L 399, -546, 0, 427, -547, 0, 0, 0, 0
L 398, -556, 0, 399, -546, 0, 0, 0, 0
L 401, -556, 0, 398, -556, 0, 0, 0, 0
L 401, -644, 0, 401, -556, 0, 0, 0, 0
L -68, -645, 0, 401, -644, 0, 0, 0, 0
L -68, -556, 0, -68, -645, 0, 0, 0, 0
L -68, -476, 0, -68, -519, 0, 0, 0, 0
L 401, -475, 0, -68, -476, 0, 0, 0, 0
L 401, -519, 0, 401, -475, 0, 0, 0, 0
L 396, -433, 70, 396, -434, 70, 0, 0, 0
L 380, -433, 70, 396, -433, 70, 0, 0, 0
L 379, -438, 70, 380, -433, 70, 0, 0, 0
L 379, -440, 70, 379, -438, 70, 0, 0, 0
L 378, -441, 70, 379, -440, 70, 0, 0, 0
L 252, -442, 70, 378, -441, 70, 0, 0, 0
L 250, -441, 70, 252, -442, 70, 0, 0, 0
L 250, -434, 70, 250, -441, 70, 0, 0, 0
L 250, -433, 70, 250, -434, 70, 0, 0, 0
L 233, -433, 70, 250, -433, 70, 0, 0, 0
L 232, -469, 48, 233, -433, 70, 0, 0, 0
L 195, -467, 50, 231, -468, 48, 0, 0, 0
L 196, -397, 0, 195, -467, 50, 0, 0, 0
L 227, -398, 0, 196, -397, 0, 0, 0, 0
L 227, -402, 1, 227, -398, 0, 0, 0, 0
L 426, -402, 0, 227, -402, 1, 0, 0, 0
L 442, -393, 0, 426, -402, 0, 0, 0, 0
L 459, -409, 0, 442, -393, 0, 0, 0, 0
L 450, -426, 0, 459, -409, 0, 0, 0, 0
L 450, -449, 0, 450, -426, 0, 0, 0, 0
L 454, -449, 0, 452, -449, 0, 0, 0, 0
L 455, -448, 0, 454, -449, 0, 0, 0, 0
L 463, -440, 0, 455, -448, 0, 0, 0, 0
L 485, -420, 8, 463, -440, 0, 0, 0, 0
L 486, -419, 8, 485, -420, 8, 0, 0, 0
L 556, -348, 2, 486, -419, 8, 0, 0, 0
L 589, -347, 5, 556, -348, 2, 0, 0, 0
L 590, -347, 5, 589, -347, 5, 0, 0, 0
L 590, -329, 5, 590, -347, 5, 0, 0, 0
L 590, -327, 5, 590, -329, 5, 0, 0, 0
L 604, -314, 5, 590, -327, 5, 0, 0, 0
L 605, -312, 5, 604, -314, 5, 0, 0, 0
L 606, -312, 5, 605, -312, 5, 0, 0, 0
L 615, -312, 5, 606, -312, 5, 0, 0, 0
L 645, -312, 5, 638, -312, 5, 0, 0, 0
L 646, -311, 5, 645, -312, 5, 0, 0, 0
L 661, -326, 5, 646, -311, 5, 0, 0, 0
L 662, -326, 5, 661, -326, 5, 0, 0, 0
L 662, -344, 5, 662, -326, 5, 0, 0, 0
L 663, -346, 5, 662, -344, 5, 0, 0, 0
L 663, -347, 3, 663, -346, 5, 0, 0, 0
L 665, -341, 3, 663, -347, 3, 0, 0, 0
L 666, -330, 2, 665, -341, 3, 0, 0, 0
L 667, -328, 2, 666, -330, 2, 0, 0, 0
L 667, -326, 2, 667, -328, 2, 0, 0, 0
L 668, -317, 0, 667, -326, 2, 0, 0, 0
L 677, -263, 0, 668, -317, 0, 0, 0, 0
L 677, -262, 0, 677, -263, 0, 0, 0, 0
L 677, -261, 0, 677, -262, 0, 0, 0, 0
L 734, -204, 0, 677, -261, 0, 0, 0, 0
L 735, -202, 0, 734, -204, 0, 0, 0, 0
L 739, -199, 1, 735, -202, 0, 0, 0, 0
L 741, -196, 0, 739, -199, 1, 0, 0, 0
L 791, -139, 0, 741, -196, 0, 0, 0, 0
L 792, -137, 0, 791, -139, 0, 0, 0, 0
L 809, -120, 0, 792, -137, 0, 0, 0, 0
L 811, -118, 0, 809, -120, 0, 0, 0, 0
L 812, -5, 3, 811, -118, 0, 0, 0, 0
L 800, -4, 3, 812, -5, 3, 0, 0, 0
L 798, 27, 1, 800, -4, 3, 0, 0, 0
L 838, 27, 0, 798, 27, 1, 0, 0, 0
L 838, 79, 0, 838, 27, 0, 0, 0, 0
L 850, 79, 0, 838, 79, 0, 0, 0, 0
L 850, 37, 0, 850, 79, 0, 0, 0, 0
L 910, 37, 0, 850, 37, 0, 0, 0, 0
L 910, 79, 0, 910, 37, 0, 0, 0, 0
L 922, 79, 0, 910, 79, 0, 0, 0, 0
L 838, 314, 0, 838, 365, 0, 0, 0, 0
L 850, 314, 0, 838, 314, 0, 0, 0, 0
L 850, 355, 0, 850, 314, 0, 0, 0, 0
L 910, 355, 0, 850, 355, 0, 0, 0, 0
L 910, 314, 0, 910, 355, 0, 0, 0, 0
L 922, 314, 0, 910, 314, 0, 0, 0, 0
L 910, 279, 0, 922, 279, 0, 0, 0, 0
L 910, 237, 0, 910, 279, 0, 0, 0, 0
L 850, 237, 0, 910, 237, 0, 0, 0, 0
L 850, 279, 0, 850, 237, 0, 0, 0, 0
L 838, 279, 0, 850, 279, 0, 0, 0, 0
L 838, 114, 0, 838, 279, 0, 0, 0, 0
L 850, 114, 0, 838, 114, 0, 0, 0, 0
L 850, 155, 0, 850, 114, 0, 0, 0, 0
L 910, 155, 0, 850, 155, 0, 0, 0, 0
L 910, 114, 0, 910, 155, 0, 0, 0, 0
L 922, 114, 0, 910, 114, 0, 0, 0, 0
L 922, 279, 0, 922, 114, 0, 0, 0, 0
L 922, 355, 0, 922, 314, 0, 0, 0, 0
L 972, 355, 0, 922, 355, 0, 0, 0, 0
L 973, 229, 0, 972, 355, 0, 0, 0, 0
L 973, 227, 0, 973, 229, 0, 0, 0, 0
L 973, 225, 0, 973, 227, 0, 0, 0, 0
L 1016, 225, 30, 973, 225, 0, 0, 0, 0
L 1017, 225, 30, 1016, 225, 30, 0, 0, 0
L 1018, 215, 30, 1017, 225, 30, 0, 0, 0
L 1016, 214, 30, 1018, 215, 30, 0, 0, 0
L 1015, 213, 30, 1016, 214, 30, 0, 0, 0
L 1014, 208, 30, 1015, 213, 30, 0, 0, 0
L 1014, 206, 30, 1014, 208, 30, 0, 0, 0
L 1031, 206, 31, 1014, 206, 30, 0, 0, 0
L 1033, 206, 30, 1031, 206, 31, 0, 0, 0
L 1033, 214, 30, 1033, 206, 30, 0, 0, 0
L 1030, 214, 30, 1033, 214, 30, 0, 0, 0
L 922, 37, 0, 922, 79, 0, 0, 0, 0
L 973, 37, 0, 922, 37, 0, 0, 0, 0
L 973, 166, 0, 973, 37, 0, 0, 0, 0
L 973, 167, 0, 973, 166, 0, 0, 0, 0
L 1015, 167, 30, 973, 167, 0, 0, 0, 0
L 1016, 167, 30, 1015, 167, 30, 0, 0, 0
L 1017, 169, 30, 1016, 167, 30, 0, 0, 0
L 1018, 177, 30, 1017, 169, 30, 0, 0, 0
L 1017, 179, 30, 1018, 177, 30, 0, 0, 0
L 1016, 179, 30, 1017, 179, 30, 0, 0, 0
L 1015, 183, 30, 1016, 179, 30, 0, 0, 0
L 1015, 185, 30, 1015, 183, 30, 0, 0, 0
L 1016, 187, 30, 1015, 185, 30, 0, 0, 0
L 1016, 188, 30, 1016, 187, 30, 0, 0, 0
L 1032, 188, 30, 1016, 188, 30, 0, 0, 0
L 1032, 180, 30, 1032, 188, 30, 0, 0, 0
L 1030, 179, 30, 1032, 180, 30, 0, 0, 0
L 1219, 187, 30, 1219, -33, 30, 0, 0, 240
L 1138, 186, 30, 1219, 187, 30, 0, 0, 240
L 1138, -33, 30, 1138, 186, 30, 0, 0, 240
L 1138, 206, 30, 1138, 425, 30, 0, 0, 240
L 1219, 206, 30, 1138, 206, 30, 0, 0, 240
L 1219, 206, 30, 1219, 425, 30, 0, 0, 240
L 1270, 255, 30, 1270, 214, 30, 0, 0, 0
L 1327, 255, 30, 1270, 255, 30, 0, 0, 0
L 1328, 228, 30, 1327, 255, 30, 0, 0, 0
L 1327, 227, 30, 1328, 228, 30, 0, 0, 0
L 1326, 226, 30, 1327, 227, 30, 0, 0, 0
L 1326, 226, 30, 1326, 226, 30, 0, 0, 0
L 1328, 216, 30, 1326, 226, 30, 0, 0, 0
L 1327, 214, 30, 1328, 216, 30, 0, 0, 0
L 1325, 214, 30, 1327, 214, 30, 0, 0, 0
L 1325, 207, 30, 1325, 214, 30, 0, 0, 0
L 1342, 205, 30, 1325, 207, 30, 0, 0, 0
L 1342, 213, 30, 1342, 205, 30, 0, 0, 0
L 1340, 214, 30, 1342, 213, 30, 0, 0, 0
L 1341, 179, 30, 1340, 179, 30, 0, 0, 0
L 1343, 179, 30, 1341, 179, 30, 0, 0, 0
L 1343, 187, 30, 1343, 179, 30, 0, 0, 0
L 1325, 188, 30, 1343, 187, 30, 0, 0, 0
L 1325, 180, 30, 1325, 188, 30, 0, 0, 0
L 1326, 179, 30, 1325, 180, 30, 0, 0, 0
L 1327, 179, 30, 1326, 179, 30, 0, 0, 0
L 1328, 137, 30, 1327, 179, 30, 0, 0, 0
L 1270, 137, 30, 1328, 137, 30, 0, 0, 0
L 1270, 179, 30, 1270, 137, 30, 0, 0, 0
L 1272, 179, 30, 1270, 179, 30, 0, 0, 0
L 1273, 179, 30, 1272, 179, 30, 0, 0, 0
L 1275, 179, 30, 1273, 179, 30, 0, 0, 0
L 1275, 187, 30, 1275, 179, 30, 0, 0, 0
L 1254, 188, 30, 1275, 187, 30, 0, 0, 0
L 1254, 180, 30, 1254, 188, 30, 0, 0, 0
L 1256, 179, 30, 1254, 180, 30, 0, 0, 0
L 1257, 179, 30, 1256, 179, 30, 0, 0, 0
L 1258, 151, 30, 1257, 179, 30, 0, 0, 0
L 1257, 150, 30, 1258, 151, 30, 0, 0, 0
L 1257, 129, 30, 1257, 150, 30, 0, 0, 0
L 1232, 129, 30, 1257, 129, 30, 0, 0, 0
L 1232, 103, 30, 1232, 129, 30, 0, 0, 0
L 1257, 105, 30, 1232, 103, 30, 0, 0, 0
L 1257, -32, 30, 1257, 105, 30, 0, 0, 0
L 1102, -32, 30, 1257, -32, 30, 0, 0, 0
L 1100, -32, 30, 1102, -32, 30, 0, 0, 0
L 1100, 101, 30, 1100, -32, 30, 0, 0, 0
L 1123, 100, 30, 1100, 101, 30, 0, 0, 0
L 1125, 100, 30, 1123, 100, 30, 0, 0, 0
L 1126, 126, 30, 1125, 100, 30, 0, 0, 0
L 1126, 128, 30, 1126, 126, 30, 0, 0, 0
L 1124, 128, 30, 1126, 128, 30, 0, 0, 0
L 1101, 128, 30, 1124, 128, 30, 0, 0, 0
L 1100, 176, 30, 1101, 128, 30, 0, 0, 0
L 1101, 177, 30, 1100, 176, 30, 0, 0, 0
L 1102, 178, 30, 1101, 177, 30, 0, 0, 0
L 1103, 178, 30, 1102, 178, 30, 0, 0, 0
L 1104, 179, 30, 1103, 178, 30, 0, 0, 0
L 1105, 185, 30, 1104, 179, 30, 0, 0, 0
L 1105, 187, 30, 1105, 185, 30, 0, 0, 0
L 1086, 186, 31, 1105, 187, 30, 0, 0, 0
L 1085, 186, 30, 1086, 186, 31, 0, 0, 0
L 1084, 179, 30, 1085, 186, 30, 0, 0, 0
L 1085, 177, 30, 1084, 179, 30, 0, 0, 0
L 1087, 177, 30, 1085, 177, 30, 0, 0, 0
L 1087, 138, 30, 1087, 177, 30, 0, 0, 0
L 1030, 138, 30, 1087, 138, 30, 0, 0, 0
L 1030, 177, 30, 1030, 138, 30, 0, 0, 0
L 1030, 255, 30, 1030, 215, 30, 0, 0, 0
L 1087, 255, 30, 1030, 255, 30, 0, 0, 0
L 1087, 215, 30, 1087, 255, 30, 0, 0, 0
L 1082, 215, 30, 1087, 215, 30, 0, 0, 0
L 1082, 207, 30, 1082, 215, 30, 0, 0, 0
L 1101, 207, 32, 1082, 207, 30, 0, 0, 0
L 1103, 206, 30, 1101, 207, 32, 0, 0, 0
L 1103, 214, 30, 1103, 206, 30, 0, 0, 0
L 1103, 215, 30, 1103, 214, 30, 0, 0, 0
L 1101, 215, 30, 1103, 215, 30, 0, 0, 0
L 1100, 262, 30, 1101, 215, 30, 0, 0, 0
L 1124, 261, 30, 1100, 262, 30, 0, 0, 0
L 1125, 265, 30, 1124, 261, 30, 0, 0, 0
L 1125, 288, 30, 1125, 265, 30, 0, 0, 0
L 1101, 288, 30, 1125, 288, 30, 0, 0, 0
L 1100, 425, 30, 1101, 288, 30, 0, 0, 0
L 1257, 425, 31, 1100, 425, 30, 0, 0, 0
L 1257, 425, 31, 1256, 425, 30, 0, 0, 0
L 1257, 292, 30, 1257, 425, 31, 0, 0, 0
L 1233, 291, 30, 1257, 292, 30, 0, 0, 0
L 1233, 265, 30, 1233, 291, 30, 0, 0, 0
L 1257, 265, 30, 1233, 265, 30, 0, 0, 0
L 1257, 217, 30, 1257, 265, 30, 0, 0, 0
L 1254, 217, 30, 1257, 217, 30, 0, 0, 0
L 1254, 206, 30, 1254, 217, 30, 0, 0, 0
L 1271, 206, 30, 1254, 206, 30, 0, 0, 0
L 1273, 206, 30, 1271, 206, 30, 0, 0, 0
L 1273, 213, 30, 1273, 206, 30, 0, 0, 0
L 1272, 215, 30, 1273, 213, 30, 0, 0, 0
L 1270, 215, 30, 1272, 215, 30, 0, 0, 0
L 1511, 155, 0, 1511, 38, 0, 240, 0, 166
L 1448, 155, 0, 1511, 155, 0, 0, 0, 0
L 1448, 118, 0, 1448, 155, 0, 0, 0, 0
L 1448, 117, 0, 1448, 118, 0, 0, 0, 0
L 1455, 106, 0, 1448, 117, 0, 0, 0, 0
L 1431, 107, 0, 1455, 106, 0, 0, 0, 0
L 1431, 114, 0, 1431, 107, 0, 0, 0, 0
L 1432, 115, 0, 1431, 114, 0, 0, 0, 0
L 1434, 115, 0, 1432, 115, 0, 0, 0, 0
L 1435, 274, 0, 1434, 115, 0, 0, 0, 0
L 1434, 275, 0, 1435, 274, 0, 0, 0, 0
L 1432, 275, 0, 1434, 275, 0, 0, 0, 0
L 1432, 287, 0, 1432, 275, 0, 0, 0, 0
L 1450, 287, 0, 1432, 287, 0, 0, 0, 0
L 1450, 277, 0, 1450, 287, 0, 0, 0, 0
L 1448, 277, 0, 1450, 277, 0, 0, 0, 0
L 1448, 238, 0, 1448, 277, 0, 0, 0, 0
L 1494, 238, 0, 1448, 238, 0, 0, 0, 0
L 1495, 355, 0, 1494, 238, 0, 240, 0, 166
L 1448, 355, 0, 1495, 355, 0, 0, 0, 0
L 1448, 317, 0, 1448, 355, 0, 0, 0, 0
L 1448, 315, 0, 1448, 317, 0, 0, 0, 0
L 1450, 315, 0, 1448, 315, 0, 0, 0, 0
L 1454, 307, 0, 1450, 315, 0, 0, 0, 0
L 1436, 307, 2, 1454, 307, 0, 0, 0, 0
L 1435, 307, 2, 1436, 307, 2, 0, 0, 0
L 1433, 307, 0, 1435, 307, 2, 0, 0, 0
L 1432, 313, 0, 1433, 307, 0, 0, 0, 0
L 1433, 315, 0, 1432, 313, 0, 0, 0, 0
L 1434, 315, 0, 1433, 315, 0, 0, 0, 0
L 1435, 355, 0, 1434, 315, 0, 0, 0, 0
L 1386, 355, 0, 1435, 355, 0, 0, 0, 0
L 1385, 227, 0, 1386, 355, 0, 0, 0, 0
L 1385, 226, 0, 1385, 227, 0, 0, 0, 0
L 1384, 225, 0, 1385, 226, 0, 0, 0, 0
L 1342, 225, 30, 1384, 225, 0, 0, 0, 0
L 1341, 225, 30, 1342, 225, 30, 0, 0, 0
L 1340, 215, 30, 1341, 225, 30, 0, 0, 0
L 1340, 168, 30, 1340, 177, 30, 0, 0, 0
L 1381, 168, 0, 1340, 168, 30, 0, 0, 0
L 1383, 168, 0, 1381, 168, 0, 0, 0, 0
L 1385, 167, 0, 1383, 168, 0, 0, 0, 0
L 1385, 38, 0, 1385, 167, 0, 0, 0, 0
L 1435, 38, 0, 1385, 38, 0, 0, 0, 0
L 1435, 76, 0, 1435, 38, 0, 0, 0, 0
L 1434, 77, 0, 1435, 76, 0, 0, 0, 0
L 1432, 77, 0, 1434, 77, 0, 0, 0, 0
L 1432, 82, 0, 1432, 77, 0, 0, 0, 0
L 1433, 84, 7, 1432, 82, 0, 0, 0, 0
L 1433, 85, 3, 1433, 84, 7, 0, 0, 0
L 1440, 86, 3, 1433, 85, 3, 0, 0, 0
L 1450, 85, 0, 1440, 86, 3, 0, 0, 0
L 1452, 85, 0, 1450, 85, 0, 0, 0, 0
L 1452, 77, 0, 1452, 85, 0, 0, 0, 0
L 1448, 77, 0, 1452, 77, 0, 0, 0, 0
L 1448, 38, 0, 1448, 77, 0, 0, 0, 0
L 1515, 38, 0, 1448, 38, 0, 0, 0, 0
P -562, 702, 0, 240, 0, 0, 3, to_Qinimi
P 1407, 188, 0, 240, 0, 0, 3, to_Barindu
P 603, 700, 5, 240, 0, 0, 3, to_Ferubi
