L 610.0000, 58.0000, 0.0000,  501.0000, 59.0000, 0.0000,  153, 153, 153
L 501.0000, 59.0000, 0.0000,  488.0000, 65.0000, 0.0000,  153, 153, 153
L 488.0000, 65.0000, 0.0000,  483.0000, 50.0000, 0.0000,  153, 153, 153
L 483.0000, 50.0000, 0.0000,  476.0000, 45.0000, 0.0000,  153, 153, 153
L 476.0000, 45.0000, 0.0000,  434.0000, 43.0000, 0.0000,  153, 153, 153
L 434.0000, 43.0000, 0.0000,  417.0000, 32.0000, 0.0000,  153, 153, 153
L 417.0000, 32.0000, 0.0000,  426.0000, 17.0000, 0.0000,  153, 153, 153
L 426.0000, 17.0000, 0.0000,  436.0000, -3.0000, 0.0000,  153, 153, 153
L 436.0000, -3.0000, 0.0000,  422.0000, -10.0000, 0.0000,  153, 153, 153
L 422.0000, -10.0000, 0.0000,  458.0000, -43.0000, 0.0000,  153, 153, 153
L 458.0000, -43.0000, 0.0000,  432.0000, -81.0000, 0.0000,  153, 153, 153
L 432.0000, -81.0000, 0.0000,  390.0000, -96.0000, 0.0000,  153, 153, 153
L 390.0000, -96.0000, 0.0000,  379.0000, -96.0000, 0.0000,  153, 153, 153
L 379.0000, -96.0000, 0.0000,  370.0000, -63.0000, 0.0000,  153, 153, 153
L 370.0000, -63.0000, 0.0000,  361.0000, -39.0000, 0.0000,  153, 153, 153
L 361.0000, -39.0000, 0.0000,  311.0000, -27.0000, 0.0000,  153, 153, 153
L 311.0000, -27.0000, 0.0000,  285.0000, -26.0000, 0.0000,  153, 153, 153
L 285.0000, -26.0000, 0.0000,  277.0000, -35.0000, 0.0000,  153, 153, 153
L 277.0000, -35.0000, 0.0000,  333.0000, -44.0000, 0.0000,  153, 153, 153
L 333.0000, -44.0000, 0.0000,  333.0000, -308.0000, 0.0000,  153, 153, 153
L 333.0000, -308.0000, 0.0000,  501.0000, -310.0000, 0.0000,  153, 153, 153
L 501.0000, -310.0000, 0.0000,  501.0000, -697.0000, 0.0000,  153, 153, 153
L 501.0000, -697.0000, 0.0000,  462.0000, -697.0000, 0.0000,  153, 153, 153
L 462.0000, -697.0000, 0.0000,  459.0000, -879.0000, 0.0000,  153, 153, 153
L 459.0000, -879.0000, 0.0000,  406.0000, -879.0000, 0.0000,  153, 153, 153
L 406.0000, -879.0000, 0.0000,  403.0000, -921.0000, 0.0000,  153, 153, 153
L 403.0000, -921.0000, 0.0000,  336.0000, -921.0000, 0.0000,  153, 153, 153
L 336.0000, -921.0000, 0.0000,  333.0000, -1055.0000, 0.0000,  153, 153, 153
L 333.0000, -1055.0000, 0.0000,  327.0000, -1061.0000, 0.0000,  153, 153, 153
L 327.0000, -1061.0000, 0.0000,  324.0000, -1067.0000, 0.0000,  153, 153, 153
L 324.0000, -1067.0000, 0.0000,  328.0000, -1070.0000, 0.0000,  153, 153, 153
L 328.0000, -1070.0000, 0.0000,  333.0000, -1077.0000, 0.0000,  153, 153, 153
L 333.0000, -1077.0000, 0.0000,  343.0000, -1098.0000, 0.0000,  153, 153, 153
L 343.0000, -1098.0000, 0.0000,  375.0000, -1108.0000, 0.0000,  153, 153, 153
L 375.0000, -1108.0000, 0.0000,  375.0000, -1130.0000, 0.0000,  153, 153, 153
L 375.0000, -1130.0000, 0.0000,  430.0000, -1138.0000, 0.0000,  153, 153, 153
L 430.0000, -1138.0000, 0.0000,  443.0000, -1139.0000, 0.0000,  153, 153, 153
L 443.0000, -1139.0000, 0.0000,  457.0000, -1150.0000, 0.0000,  153, 153, 153
L 457.0000, -1150.0000, 0.0000,  466.0000, -1142.0000, 0.0000,  153, 153, 153
L 466.0000, -1142.0000, 0.0000,  567.0000, -1140.0000, 0.0000,  153, 153, 153
L 579.0000, -1175.0000, 0.0000,  466.0000, -1175.0000, 0.0000,  153, 153, 153
L 466.0000, -1175.0000, 0.0000,  463.0000, -1165.0000, 0.0000,  153, 153, 153
L 463.0000, -1165.0000, 0.0000,  449.0000, -1166.0000, 0.0000,  153, 153, 153
L 449.0000, -1166.0000, 0.0000,  444.0000, -1183.0000, 0.0000,  153, 153, 153
L 444.0000, -1183.0000, 0.0000,  439.0000, -1185.0000, 0.0000,  153, 153, 153
L 439.0000, -1185.0000, 0.0000,  430.0000, -1180.0000, 0.0000,  153, 153, 153
L 430.0000, -1180.0000, 0.0000,  423.0000, -1196.0000, 0.0000,  153, 153, 153
L 423.0000, -1196.0000, 0.0000,  427.0000, -1209.0000, 0.0000,  153, 153, 153
L 427.0000, -1209.0000, 0.0000,  433.0000, -1328.0000, 0.0000,  153, 153, 153
L 397.0000, -1305.0000, 0.0000,  397.0000, -1209.0000, 0.0000,  153, 153, 153
L 397.0000, -1209.0000, 0.0000,  399.0000, -1186.0000, 0.0000,  153, 153, 153
L 399.0000, -1186.0000, 0.0000,  394.0000, -1154.0000, 0.0000,  153, 153, 153
L 394.0000, -1154.0000, 0.0000,  384.0000, -1145.0000, 0.0000,  153, 153, 153
L 384.0000, -1145.0000, 0.0000,  349.0000, -1159.0000, 0.0000,  153, 153, 153
L 349.0000, -1159.0000, 0.0000,  302.0000, -1159.0000, 0.0000,  153, 153, 153
L 302.0000, -1159.0000, 0.0000,  288.0000, -1147.0000, 0.0000,  153, 153, 153
L 288.0000, -1147.0000, 0.0000,  281.0000, -1142.0000, 0.0000,  153, 153, 153
L 281.0000, -1142.0000, 0.0000,  281.0000, -1120.0000, 0.0000,  153, 153, 153
L 281.0000, -1120.0000, 0.0000,  293.0000, -1085.0000, 0.0000,  153, 153, 153
L 293.0000, -1085.0000, 0.0000,  295.0000, -1070.0000, 0.0000,  153, 153, 153
L 295.0000, -1070.0000, 0.0000,  303.0000, -1070.0000, 0.0000,  153, 153, 153
L 303.0000, -1070.0000, 0.0000,  304.0000, -1067.0000, 0.0000,  153, 153, 153
L 304.0000, -1067.0000, 0.0000,  260.0000, -1061.0000, 0.0000,  153, 153, 153
L 260.0000, -1061.0000, 0.0000,  249.0000, -1082.0000, 0.0000,  153, 153, 153
L 249.0000, -1082.0000, 0.0000,  131.0000, -1089.0000, 0.0000,  153, 153, 153
L 131.0000, -1089.0000, 0.0000,  113.0000, -1081.0000, 0.0000,  153, 153, 153
L 113.0000, -1081.0000, 0.0000,  51.0000, -1061.0000, 0.0000,  153, 153, 153
L 51.0000, -1061.0000, 0.0000,  43.0000, -886.0000, 0.0000,  153, 153, 153
L 43.0000, -886.0000, 0.0000,  -9.0000, -865.0000, 0.0000,  153, 153, 153
L -9.0000, -865.0000, 0.0000,  -12.0000, -730.0000, 0.0000,  153, 153, 153
L -12.0000, -730.0000, 0.0000,  -95.0000, -725.0000, 0.0000,  153, 153, 153
L -95.0000, -725.0000, 0.0000,  -96.0000, -689.0000, 0.0000,  153, 153, 153
L -96.0000, -689.0000, 0.0000,  -168.0000, -683.0000, 0.0000,  153, 153, 153
L -168.0000, -683.0000, 0.0000,  -180.0000, -329.0000, 0.0000,  153, 153, 153
L -180.0000, -329.0000, 0.0000,  -4.0000, -324.0000, 0.0000,  153, 153, 153
L -4.0000, -324.0000, 0.0000,  1.0000, -226.0000, 0.0000,  153, 153, 153
L 1.0000, -226.0000, 0.0000,  -40.0000, -222.0000, 0.0000,  153, 153, 153
L -40.0000, -222.0000, 0.0000,  -66.0000, -211.0000, 0.0000,  153, 153, 153
L -66.0000, -211.0000, 0.0000,  -68.0000, -57.0000, 0.0000,  153, 153, 153
L -68.0000, -57.0000, 0.0000,  -78.0000, -30.0000, 0.0000,  153, 153, 153
L -78.0000, -30.0000, 0.0000,  -246.0000, -26.0000, 0.0000,  153, 153, 153
L -246.0000, -26.0000, 0.0000,  -273.0000, -17.0000, 0.0000,  153, 153, 153
L -273.0000, -17.0000, 0.0000,  -278.0000, 24.0000, 0.0000,  153, 153, 153
L -278.0000, 24.0000, 0.0000,  -285.0000, 35.0000, 0.0000,  153, 153, 153
L -270.0000, 95.0000, 0.0000,  -239.0000, 95.0000, 0.0000,  153, 153, 153
L -239.0000, 95.0000, 0.0000,  -235.0000, 91.0000, 0.0000,  153, 153, 153
L -235.0000, 91.0000, 0.0000,  -226.0000, 50.0000, 0.0000,  153, 153, 153
L -226.0000, 50.0000, 0.0000,  -219.0000, 33.0000, 0.0000,  153, 153, 153
L -219.0000, 33.0000, 0.0000,  -108.0000, 25.0000, 0.0000,  153, 153, 153
L -108.0000, 25.0000, 0.0000,  -78.0000, 30.0000, 0.0000,  153, 153, 153
L -78.0000, 30.0000, 0.0000,  -68.0000, 180.0000, 0.0000,  153, 153, 153
L -68.0000, 180.0000, 0.0000,  -58.0000, 190.0000, 0.0000,  153, 153, 153
L -58.0000, 190.0000, 0.0000,  78.0000, 193.0000, 0.0000,  153, 153, 153
L 78.0000, 193.0000, 0.0000,  87.0000, 196.0000, 0.0000,  153, 153, 153
L 87.0000, 196.0000, 0.0000,  99.0000, 221.0000, 0.0000,  153, 153, 153
L 99.0000, 221.0000, 0.0000,  88.0000, 225.0000, 0.0000,  153, 153, 153
L 88.0000, 225.0000, 0.0000,  85.0000, 229.0000, 0.0000,  153, 153, 153
L 85.0000, 229.0000, 0.0000,  85.0000, 231.0000, 0.0000,  153, 153, 153
L 85.0000, 231.0000, 0.0000,  89.0000, 236.0000, 0.0000,  153, 153, 153
L 89.0000, 236.0000, 0.0000,  42.0000, 239.0000, 0.0000,  153, 153, 153
L 42.0000, 239.0000, 0.0000,  29.0000, 442.0000, 0.0000,  153, 153, 153
L 29.0000, 442.0000, 0.0000,  40.0000, 445.0000, 0.0000,  153, 153, 153
L 40.0000, 445.0000, 0.0000,  43.0000, 472.0000, 0.0000,  153, 153, 153
L 43.0000, 472.0000, 0.0000,  55.0000, 473.0000, 0.0000,  153, 153, 153
L 55.0000, 473.0000, 0.0000,  71.0000, 487.0000, 0.0000,  153, 153, 153
L 71.0000, 487.0000, 0.0000,  77.0000, 487.0000, 0.0000,  153, 153, 153
L 77.0000, 487.0000, 0.0000,  81.0000, 475.0000, 0.0000,  153, 153, 153
L 81.0000, 475.0000, 0.0000,  93.0000, 473.0000, 0.0000,  153, 153, 153
L 93.0000, 473.0000, 0.0000,  99.0000, 487.0000, 0.0000,  153, 153, 153
L 99.0000, 487.0000, 0.0000,  111.0000, 487.0000, 0.0000,  153, 153, 153
L 111.0000, 487.0000, 0.0000,  113.0000, 500.0000, 0.0000,  153, 153, 153
L 113.0000, 500.0000, 0.0000,  100.0000, 505.0000, 0.0000,  153, 153, 153
L 100.0000, 505.0000, 0.0000,  99.0000, 514.0000, 0.0000,  153, 153, 153
L 99.0000, 514.0000, 0.0000,  110.0000, 515.0000, 0.0000,  153, 153, 153
L 110.0000, 515.0000, 0.0000,  113.0000, 520.0000, 0.0000,  153, 153, 153
L 113.0000, 520.0000, 0.0000,  100.0000, 531.0000, 0.0000,  153, 153, 153
L 100.0000, 531.0000, 0.0000,  72.0000, 533.0000, 0.0000,  153, 153, 153
L 72.0000, 533.0000, 0.0000,  57.0000, 549.0000, 0.0000,  153, 153, 153
L 57.0000, 549.0000, 0.0000,  44.0000, 561.0000, 0.0000,  153, 153, 153
L 44.0000, 561.0000, 0.0000,  43.0000, 581.0000, 0.0000,  153, 153, 153
L 43.0000, 581.0000, 0.0000,  49.0000, 598.0000, 0.0000,  153, 153, 153
L 49.0000, 598.0000, 0.0000,  57.0000, 624.0000, 0.0000,  153, 153, 153
L 57.0000, 624.0000, 0.0000,  47.0000, 631.0000, 0.0000,  153, 153, 153
L 47.0000, 631.0000, 0.0000,  39.0000, 623.0000, 0.0000,  153, 153, 153
L 39.0000, 623.0000, 0.0000,  1.0000, 617.0000, 0.0000,  153, 153, 153
L 1.0000, 617.0000, 0.0000,  1.0000, 647.0000, 0.0000,  153, 153, 153
L 1.0000, 647.0000, 0.0000,  25.0000, 654.0000, 0.0000,  153, 153, 153
L 25.0000, 654.0000, 0.0000,  39.0000, 644.0000, 0.0000,  153, 153, 153
L 39.0000, 644.0000, 0.0000,  52.0000, 640.0000, 0.0000,  153, 153, 153
L 52.0000, 640.0000, 0.0000,  57.0000, 666.0000, 0.0000,  153, 153, 153
L 57.0000, 666.0000, 0.0000,  29.0000, 673.0000, 0.0000,  153, 153, 153
L 29.0000, 673.0000, 0.0000,  29.0000, 690.0000, 0.0000,  153, 153, 153
L 29.0000, 690.0000, 0.0000,  30.0000, 693.0000, 0.0000,  153, 153, 153
L 30.0000, 693.0000, 0.0000,  31.0000, 697.0000, 0.0000,  153, 153, 153
L 31.0000, 697.0000, 0.0000,  29.0000, 699.0000, 0.0000,  153, 153, 153
L 29.0000, 699.0000, 0.0000,  10.0000, 701.0000, 0.0000,  153, 153, 153
L 10.0000, 701.0000, 0.0000,  -4.0000, 705.0000, 0.0000,  153, 153, 153
L -4.0000, 705.0000, 0.0000,  -12.0000, 723.0000, 0.0000,  153, 153, 153
L -12.0000, 723.0000, 0.0000,  -1.0000, 736.0000, 0.0000,  153, 153, 153
L -1.0000, 736.0000, 0.0000,  53.0000, 738.0000, 0.0000,  153, 153, 153
L 53.0000, 738.0000, 0.0000,  67.0000, 701.0000, 0.0000,  153, 153, 153
L 67.0000, 701.0000, 0.0000,  51.0000, 701.0000, 0.0000,  153, 153, 153
L 51.0000, 701.0000, 0.0000,  39.0000, 688.0000, 0.0000,  153, 153, 153
L 39.0000, 688.0000, 0.0000,  63.0000, 682.0000, 0.0000,  153, 153, 153
L 63.0000, 682.0000, 0.0000,  67.0000, 608.0000, 0.0000,  153, 153, 153
L 67.0000, 608.0000, 0.0000,  81.0000, 599.0000, 0.0000,  153, 153, 153
L 81.0000, 599.0000, 0.0000,  81.0000, 566.0000, 0.0000,  153, 153, 153
L 81.0000, 566.0000, 0.0000,  74.0000, 561.0000, 0.0000,  153, 153, 153
L 74.0000, 561.0000, 0.0000,  67.0000, 548.0000, 0.0000,  153, 153, 153
L 67.0000, 548.0000, 0.0000,  79.0000, 543.0000, 0.0000,  153, 153, 153
L 79.0000, 543.0000, 0.0000,  108.0000, 552.0000, 0.0000,  153, 153, 153
L 108.0000, 552.0000, 0.0000,  113.0000, 627.0000, 0.0000,  153, 153, 153
L 113.0000, 627.0000, 0.0000,  104.0000, 639.0000, 0.0000,  153, 153, 153
L 104.0000, 639.0000, 0.0000,  99.0000, 663.0000, 0.0000,  153, 153, 153
L 99.0000, 663.0000, 0.0000,  109.0000, 679.0000, 0.0000,  153, 153, 153
L 109.0000, 679.0000, 0.0000,  113.0000, 718.0000, 0.0000,  153, 153, 153
L 113.0000, 718.0000, 0.0000,  137.0000, 724.0000, 0.0000,  153, 153, 153
L 137.0000, 724.0000, 0.0000,  137.0000, 714.0000, 0.0000,  153, 153, 153
L 137.0000, 714.0000, 0.0000,  146.0000, 710.0000, 0.0000,  153, 153, 153
L 146.0000, 710.0000, 0.0000,  155.0000, 724.0000, 0.0000,  153, 153, 153
L 155.0000, 724.0000, 0.0000,  183.0000, 724.0000, 0.0000,  153, 153, 153
L 183.0000, 724.0000, 0.0000,  193.0000, 701.0000, 0.0000,  153, 153, 153
L 193.0000, 701.0000, 0.0000,  157.0000, 687.0000, 0.0000,  153, 153, 153
L 157.0000, 687.0000, 0.0000,  155.0000, 693.0000, 0.0000,  153, 153, 153
L 155.0000, 693.0000, 0.0000,  142.0000, 701.0000, 0.0000,  153, 153, 153
L 142.0000, 701.0000, 0.0000,  137.0000, 686.0000, 0.0000,  153, 153, 153
L 137.0000, 686.0000, 0.0000,  151.0000, 670.0000, 0.0000,  153, 153, 153
L 151.0000, 670.0000, 0.0000,  151.0000, 644.0000, 0.0000,  153, 153, 153
L 151.0000, 644.0000, 0.0000,  148.0000, 641.0000, 0.0000,  153, 153, 153
L 148.0000, 641.0000, 0.0000,  137.0000, 560.0000, 0.0000,  153, 153, 153
L 137.0000, 560.0000, 0.0000,  150.0000, 545.0000, 0.0000,  153, 153, 153
L 150.0000, 545.0000, 0.0000,  164.0000, 543.0000, 0.0000,  153, 153, 153
L 164.0000, 543.0000, 0.0000,  169.0000, 552.0000, 0.0000,  153, 153, 153
L 169.0000, 552.0000, 0.0000,  159.0000, 562.0000, 0.0000,  153, 153, 153
L 159.0000, 562.0000, 0.0000,  155.0000, 627.0000, 0.0000,  153, 153, 153
L 155.0000, 627.0000, 0.0000,  178.0000, 626.0000, 0.0000,  153, 153, 153
L 178.0000, 626.0000, 0.0000,  193.0000, 612.0000, 0.0000,  153, 153, 153
L 193.0000, 612.0000, 0.0000,  206.0000, 598.0000, 0.0000,  153, 153, 153
L 206.0000, 598.0000, 0.0000,  211.0000, 605.0000, 0.0000,  153, 153, 153
L 211.0000, 605.0000, 0.0000,  246.0000, 612.0000, 0.0000,  153, 153, 153
L 246.0000, 612.0000, 0.0000,  249.0000, 575.0000, 0.0000,  153, 153, 153
L 249.0000, 575.0000, 0.0000,  217.0000, 575.0000, 0.0000,  153, 153, 153
L 217.0000, 575.0000, 0.0000,  211.0000, 585.0000, 0.0000,  153, 153, 153
L 211.0000, 585.0000, 0.0000,  195.0000, 589.0000, 0.0000,  153, 153, 153
L 195.0000, 589.0000, 0.0000,  193.0000, 574.0000, 0.0000,  153, 153, 153
L 193.0000, 574.0000, 0.0000,  179.0000, 544.0000, 0.0000,  153, 153, 153
L 179.0000, 544.0000, 0.0000,  204.0000, 543.0000, 0.0000,  153, 153, 153
L 204.0000, 543.0000, 0.0000,  223.0000, 543.0000, 0.0000,  153, 153, 153
L 223.0000, 543.0000, 0.0000,  235.0000, 542.0000, 0.0000,  153, 153, 153
L 235.0000, 542.0000, 0.0000,  263.0000, 529.0000, 0.0000,  153, 153, 153
L 263.0000, 529.0000, 0.0000,  265.0000, 500.0000, 0.0000,  153, 153, 153
L 265.0000, 500.0000, 0.0000,  277.0000, 501.0000, 0.0000,  153, 153, 153
L 277.0000, 501.0000, 0.0000,  281.0000, 515.0000, 0.0000,  153, 153, 153
L 281.0000, 515.0000, 0.0000,  298.0000, 515.0000, 0.0000,  153, 153, 153
L 298.0000, 515.0000, 0.0000,  319.0000, 475.0000, 0.0000,  153, 153, 153
L 319.0000, 475.0000, 0.0000,  328.0000, 459.0000, 0.0000,  153, 153, 153
L 328.0000, 459.0000, 0.0000,  333.0000, 441.0000, 0.0000,  153, 153, 153
L 333.0000, 441.0000, 0.0000,  298.0000, 421.0000, 0.0000,  153, 153, 153
L 298.0000, 421.0000, 0.0000,  295.0000, 450.0000, 0.0000,  153, 153, 153
L 295.0000, 450.0000, 0.0000,  305.0000, 459.0000, 0.0000,  153, 153, 153
L 305.0000, 459.0000, 0.0000,  309.0000, 474.0000, 0.0000,  153, 153, 153
L 309.0000, 474.0000, 0.0000,  290.0000, 477.0000, 0.0000,  153, 153, 153
L 290.0000, 477.0000, 0.0000,  281.0000, 477.0000, 0.0000,  153, 153, 153
L 281.0000, 477.0000, 0.0000,  265.0000, 492.0000, 0.0000,  153, 153, 153
L 265.0000, 492.0000, 0.0000,  263.0000, 468.0000, 0.0000,  153, 153, 153
L 263.0000, 468.0000, 0.0000,  229.0000, 463.0000, 0.0000,  153, 153, 153
L 209.0000, 533.0000, 0.0000,  161.0000, 533.0000, 0.0000,  153, 153, 153
L 161.0000, 533.0000, 0.0000,  141.0000, 525.0000, 0.0000,  153, 153, 153
L 141.0000, 525.0000, 0.0000,  138.0000, 515.0000, 0.0000,  153, 153, 153
L 138.0000, 515.0000, 0.0000,  140.0000, 515.0000, 0.0000,  153, 153, 153
L 140.0000, 515.0000, 0.0000,  151.0000, 509.0000, 0.0000,  153, 153, 153
L 151.0000, 509.0000, 0.0000,  142.0000, 505.0000, 0.0000,  153, 153, 153
L 142.0000, 505.0000, 0.0000,  137.0000, 494.0000, 0.0000,  153, 153, 153
L 137.0000, 494.0000, 0.0000,  144.0000, 487.0000, 0.0000,  153, 153, 153
L 144.0000, 487.0000, 0.0000,  151.0000, 477.0000, 0.0000,  153, 153, 153
L 151.0000, 477.0000, 0.0000,  166.0000, 473.0000, 0.0000,  153, 153, 153
L 166.0000, 473.0000, 0.0000,  169.0000, 486.0000, 0.0000,  153, 153, 153
L 169.0000, 486.0000, 0.0000,  179.0000, 487.0000, 0.0000,  153, 153, 153
L 179.0000, 487.0000, 0.0000,  179.0000, 476.0000, 0.0000,  153, 153, 153
L 179.0000, 476.0000, 0.0000,  207.0000, 473.0000, 0.0000,  153, 153, 153
L 207.0000, 473.0000, 0.0000,  207.0000, 456.0000, 0.0000,  153, 153, 153
L 207.0000, 456.0000, 0.0000,  217.0000, 445.0000, 0.0000,  153, 153, 153
L 217.0000, 445.0000, 0.0000,  221.0000, 243.0000, 0.0000,  153, 153, 153
L 221.0000, 243.0000, 0.0000,  168.0000, 239.0000, 0.0000,  153, 153, 153
L 168.0000, 239.0000, 0.0000,  162.0000, 230.0000, 0.0000,  153, 153, 153
L 162.0000, 230.0000, 0.0000,  165.0000, 231.0000, 0.0000,  153, 153, 153
L 165.0000, 231.0000, 0.0000,  165.0000, 212.0000, 0.0000,  153, 153, 153
L 165.0000, 212.0000, 0.0000,  155.0000, 211.0000, 0.0000,  153, 153, 153
L 155.0000, 211.0000, 0.0000,  151.0000, 162.0000, 0.0000,  153, 153, 153
L 151.0000, 162.0000, 0.0000,  140.0000, 143.0000, 0.0000,  153, 153, 153
L 140.0000, 143.0000, 0.0000,  2.0000, 141.0000, 0.0000,  153, 153, 153
L 2.0000, 141.0000, 0.0000,  -10.0000, 132.0000, 0.0000,  153, 153, 153
L -10.0000, 132.0000, 0.0000,  -16.0000, 44.0000, 0.0000,  153, 153, 153
L -16.0000, 44.0000, 0.0000,  -6.0000, 30.0000, 0.0000,  153, 153, 153
L -6.0000, 30.0000, 0.0000,  254.0000, 25.0000, 0.0000,  153, 153, 153
L 254.0000, 25.0000, 0.0000,  289.0000, 11.0000, 0.0000,  153, 153, 153
L 289.0000, 11.0000, 0.0000,  305.0000, 11.0000, 0.0000,  153, 153, 153
L 305.0000, 11.0000, 0.0000,  329.0000, 21.0000, 0.0000,  153, 153, 153
L 329.0000, 21.0000, 0.0000,  359.0000, 25.0000, 0.0000,  153, 153, 153
L 359.0000, 25.0000, 0.0000,  399.0000, -11.0000, 0.0000,  153, 153, 153
L 399.0000, -11.0000, 0.0000,  407.0000, 81.0000, 0.0000,  153, 153, 153
L 407.0000, 81.0000, 0.0000,  410.0000, 98.0000, 0.0000,  153, 153, 153
L 410.0000, 98.0000, 0.0000,  436.0000, 125.0000, 0.0000,  153, 153, 153
L 436.0000, 125.0000, 0.0000,  435.0000, 218.0000, 0.0000,  153, 153, 153
L 471.0000, 217.0000, 0.0000,  471.0000, 136.0000, 0.0000,  153, 153, 153
L 471.0000, 136.0000, 0.0000,  478.0000, 107.0000, 0.0000,  153, 153, 153
L 478.0000, 107.0000, 0.0000,  482.0000, 104.0000, 0.0000,  153, 153, 153
L 482.0000, 104.0000, 0.0000,  508.0000, 94.0000, 0.0000,  153, 153, 153
L 508.0000, 94.0000, 0.0000,  596.0000, 94.0000, 0.0000,  153, 153, 153
L -270.0000, 84.0000, 37.0000,  -258.0000, 83.0000, 3.0000,  153, 153, 153
L -258.0000, 83.0000, 3.0000,  -254.0000, 83.0000, 3.0000,  153, 153, 153
L -254.0000, 83.0000, 3.0000,  -239.0000, 70.0000, 3.0000,  153, 153, 153
L -239.0000, 70.0000, 3.0000,  -237.0000, 31.0000, 3.0000,  153, 153, 153
L -237.0000, 31.0000, 3.0000,  -224.0000, 15.0000, 3.0000,  153, 153, 153
L -224.0000, 15.0000, 3.0000,  -75.0000, 14.0000, 3.0000,  153, 153, 153
L -75.0000, 14.0000, 3.0000,  -60.0000, 25.0000, 3.0000,  153, 153, 153
L -60.0000, 25.0000, 3.0000,  -57.0000, 162.0000, 3.0000,  153, 153, 153
L -57.0000, 162.0000, 3.0000,  -45.0000, 179.0000, 3.0000,  153, 153, 153
L -45.0000, 179.0000, 3.0000,  94.0000, 181.0000, 3.0000,  153, 153, 153
L 94.0000, 181.0000, 3.0000,  107.0000, 192.0000, 3.0000,  153, 153, 153
L 107.0000, 192.0000, 3.0000,  110.0000, 229.0000, 3.0000,  153, 153, 153
L 110.0000, 229.0000, 3.0000,  95.0000, 251.0000, 3.0000,  153, 153, 153
L 95.0000, 251.0000, 3.0000,  56.0000, 251.0000, 3.0000,  153, 153, 153
L 56.0000, 251.0000, 3.0000,  42.0000, 264.0000, 3.0000,  153, 153, 153
L 42.0000, 264.0000, 3.0000,  40.0000, 300.0000, 3.0000,  153, 153, 153
L 40.0000, 300.0000, 3.0000,  52.0000, 319.0000, 3.0000,  153, 153, 153
L 52.0000, 319.0000, 3.0000,  196.0000, 322.0000, 3.0000,  153, 153, 153
L 196.0000, 322.0000, 3.0000,  206.0000, 311.0000, 3.0000,  153, 153, 153
L 206.0000, 311.0000, 3.0000,  209.0000, 267.0000, 3.0000,  153, 153, 153
L 209.0000, 267.0000, 3.0000,  202.0000, 254.0000, 3.0000,  153, 153, 153
L 202.0000, 254.0000, 3.0000,  154.0000, 251.0000, 3.0000,  153, 153, 153
L 154.0000, 251.0000, 3.0000,  142.0000, 238.0000, 3.0000,  153, 153, 153
L 142.0000, 238.0000, 3.0000,  140.0000, 176.0000, 3.0000,  153, 153, 153
L 140.0000, 176.0000, 3.0000,  134.0000, 155.0000, 3.0000,  153, 153, 153
L 134.0000, 155.0000, 3.0000,  -10.0000, 153.0000, 3.0000,  153, 153, 153
L -10.0000, 153.0000, 3.0000,  -24.0000, 141.0000, 3.0000,  153, 153, 153
L -24.0000, 141.0000, 3.0000,  -28.0000, 28.0000, 3.0000,  153, 153, 153
L -28.0000, 28.0000, 3.0000,  -15.0000, 14.0000, 3.0000,  153, 153, 153
L -15.0000, 14.0000, 3.0000,  244.0000, 14.0000, 3.0000,  153, 153, 153
L 244.0000, 14.0000, 3.0000,  259.0000, 8.0000, 3.0000,  153, 153, 153
L 259.0000, 8.0000, 3.0000,  266.0000, -190.0000, 3.0000,  153, 153, 153
L 266.0000, -190.0000, 3.0000,  255.0000, -207.0000, 3.0000,  153, 153, 153
L 255.0000, -207.0000, 3.0000,  146.0000, -211.0000, 3.0000,  153, 153, 153
L 146.0000, -211.0000, 3.0000,  130.0000, -221.0000, 3.0000,  153, 153, 153
L 130.0000, -221.0000, 3.0000,  126.0000, -287.0000, 3.0000,  153, 153, 153
L 126.0000, -287.0000, 3.0000,  136.0000, -303.0000, 3.0000,  153, 153, 153
L 136.0000, -303.0000, 3.0000,  254.0000, -307.0000, 3.0000,  153, 153, 153
L 254.0000, -307.0000, 3.0000,  274.0000, -312.0000, 3.0000,  153, 153, 153
L 274.0000, -312.0000, 3.0000,  280.0000, -427.0000, 3.0000,  153, 153, 153
L 280.0000, -427.0000, 3.0000,  379.0000, -432.0000, 3.0000,  153, 153, 153
L 379.0000, -432.0000, 3.0000,  404.0000, -446.0000, 3.0000,  153, 153, 153
L 404.0000, -446.0000, 3.0000,  405.0000, -447.0000, 3.0000,  153, 153, 153
L 405.0000, -447.0000, 3.0000,  415.0000, -462.0000, 3.0000,  153, 153, 153
L 415.0000, -462.0000, 3.0000,  409.0000, -466.0000, 3.0000,  153, 153, 153
L 409.0000, -466.0000, 3.0000,  406.0000, -555.0000, 3.0000,  153, 153, 153
L 406.0000, -555.0000, 3.0000,  413.0000, -688.0000, 3.0000,  153, 153, 153
L 413.0000, -688.0000, 3.0000,  395.0000, -711.0000, 3.0000,  153, 153, 153
L 395.0000, -711.0000, 3.0000,  309.0000, -715.0000, 3.0000,  153, 153, 153
L 309.0000, -715.0000, 3.0000,  297.0000, -725.0000, 3.0000,  153, 153, 153
L 297.0000, -725.0000, 3.0000,  295.0000, -733.0000, 3.0000,  153, 153, 153
L 295.0000, -733.0000, 3.0000,  294.0000, -744.0000, 3.0000,  153, 153, 153
L 294.0000, -744.0000, 3.0000,  212.0000, -742.0000, 21.0000,  153, 153, 153
L 212.0000, -742.0000, 21.0000,  205.0000, -728.0000, 17.0000,  153, 153, 153
L 205.0000, -728.0000, 17.0000,  205.0000, -724.0000, 17.0000,  153, 153, 153
L 205.0000, -724.0000, 17.0000,  198.0000, -719.0000, 17.0000,  153, 153, 153
L 198.0000, -719.0000, 17.0000,  194.0000, -718.0000, 17.0000,  153, 153, 153
L 194.0000, -718.0000, 17.0000,  185.0000, -722.0000, 17.0000,  153, 153, 153
L 185.0000, -722.0000, 17.0000,  184.0000, -726.0000, 17.0000,  153, 153, 153
L 184.0000, -726.0000, 17.0000,  185.0000, -742.0000, 17.0000,  153, 153, 153
L 185.0000, -742.0000, 17.0000,  98.0000, -743.0000, 4.0000,  153, 153, 153
L 98.0000, -743.0000, 4.0000,  95.0000, -737.0000, 3.0000,  153, 153, 153
L 95.0000, -737.0000, 3.0000,  96.0000, -649.0000, 3.0000,  153, 153, 153
L 96.0000, -649.0000, 3.0000,  84.0000, -632.0000, 3.0000,  153, 153, 153
L 84.0000, -632.0000, 3.0000,  -97.0000, -630.0000, 3.0000,  153, 153, 153
L -97.0000, -630.0000, 3.0000,  -112.0000, -615.0000, 3.0000,  153, 153, 153
L -112.0000, -615.0000, 3.0000,  -113.0000, -507.0000, 3.0000,  153, 153, 153
L -113.0000, -507.0000, 3.0000,  -102.0000, -492.0000, 3.0000,  153, 153, 153
L -102.0000, -492.0000, 3.0000,  135.0000, -490.0000, 3.0000,  153, 153, 153
L 135.0000, -490.0000, 3.0000,  148.0000, -478.0000, 3.0000,  153, 153, 153
L 148.0000, -478.0000, 3.0000,  152.0000, -450.0000, 3.0000,  153, 153, 153
L 152.0000, -450.0000, 3.0000,  164.0000, -435.0000, 3.0000,  153, 153, 153
L 164.0000, -435.0000, 3.0000,  247.0000, -434.0000, 3.0000,  153, 153, 153
L 247.0000, -434.0000, 3.0000,  248.0000, -355.0000, 3.0000,  153, 153, 153
L 248.0000, -355.0000, 3.0000,  239.0000, -339.0000, 3.0000,  153, 153, 153
L 239.0000, -339.0000, 3.0000,  117.0000, -337.0000, 3.0000,  153, 153, 153
L 117.0000, -337.0000, 3.0000,  97.0000, -323.0000, 3.0000,  153, 153, 153
L 97.0000, -323.0000, 3.0000,  96.0000, -229.0000, 3.0000,  153, 153, 153
L 96.0000, -229.0000, 3.0000,  85.0000, -215.0000, 3.0000,  153, 153, 153
L 85.0000, -215.0000, 3.0000,  -35.0000, -211.0000, 3.0000,  153, 153, 153
L -35.0000, -211.0000, 3.0000,  -47.0000, -208.0000, 3.0000,  153, 153, 153
L -47.0000, -208.0000, 3.0000,  -57.0000, -32.0000, 3.0000,  153, 153, 153
L -57.0000, -32.0000, 3.0000,  -68.0000, -17.0000, 3.0000,  153, 153, 153
L -68.0000, -17.0000, 3.0000,  -249.0000, -15.0000, 3.0000,  153, 153, 153
L -249.0000, -15.0000, 3.0000,  -265.0000, -1.0000, 3.0000,  153, 153, 153
L -265.0000, -1.0000, 3.0000,  -268.0000, 37.0000, 3.0000,  153, 153, 153
L -268.0000, 37.0000, 3.0000,  -278.0000, 52.0000, 3.0000,  153, 153, 153
L -278.0000, 52.0000, 3.0000,  -294.0000, 54.0000, 4.0000,  153, 153, 153
L -18.0000, -14.0000, -158.0000,  218.0000, -14.0000, -14.0000,  0, 0, 255
L 218.0000, -14.0000, -14.0000,  236.0000, -25.0000, -15.0000,  0, 0, 255
L 236.0000, -25.0000, -15.0000,  239.0000, -165.0000, -14.0000,  0, 0, 255
L 239.0000, -165.0000, -14.0000,  226.0000, -182.0000, -16.0000,  0, 0, 255
L 226.0000, -182.0000, -16.0000,  -13.0000, -184.0000, -13.0000,  0, 0, 255
L -13.0000, -184.0000, -13.0000,  -30.0000, -172.0000, -16.0000,  0, 0, 255
L -30.0000, -172.0000, -16.0000,  -30.0000, -32.0000, -14.0000,  0, 0, 255
L -30.0000, -32.0000, -14.0000,  -18.0000, -14.0000, -14.0000,  0, 0, 255
L 295.0000, -774.0000, 37.0000,  294.0000, -908.0000, 3.0000,  153, 153, 153
L 294.0000, -908.0000, 3.0000,  282.0000, -937.0000, 3.0000,  153, 153, 153
L 282.0000, -937.0000, 3.0000,  137.0000, -939.0000, 3.0000,  153, 153, 153
L 137.0000, -939.0000, 3.0000,  98.0000, -926.0000, 3.0000,  153, 153, 153
L 98.0000, -926.0000, 3.0000,  95.0000, -774.0000, 3.0000,  153, 153, 153
L 95.0000, -774.0000, 3.0000,  94.0000, -767.0000, 3.0000,  153, 153, 153
L 94.0000, -767.0000, 3.0000,  185.0000, -771.0000, 17.0000,  153, 153, 153
L 185.0000, -771.0000, 17.0000,  185.0000, -788.0000, 17.0000,  153, 153, 153
L 185.0000, -788.0000, 17.0000,  191.0000, -792.0000, 17.0000,  153, 153, 153
L 191.0000, -792.0000, 17.0000,  194.0000, -793.0000, 17.0000,  153, 153, 153
L 194.0000, -793.0000, 17.0000,  204.0000, -789.0000, 17.0000,  153, 153, 153
L 204.0000, -789.0000, 17.0000,  208.0000, -785.0000, 17.0000,  153, 153, 153
L 208.0000, -785.0000, 17.0000,  207.0000, -772.0000, 22.0000,  153, 153, 153
L 207.0000, -772.0000, 22.0000,  290.0000, -769.0000, 7.0000,  153, 153, 153
L 290.0000, -769.0000, 7.0000,  295.0000, -774.0000, 3.0000,  153, 153, 153
L -13.0000, -181.0000, 37.0000,  -27.0000, -168.0000, 3.0000,  153, 153, 153
L -27.0000, -168.0000, 3.0000,  -27.0000, -33.0000, 3.0000,  153, 153, 153
L -27.0000, -33.0000, 3.0000,  -16.0000, -17.0000, 3.0000,  153, 153, 153
L -16.0000, -17.0000, 3.0000,  218.0000, -15.0000, 3.0000,  153, 153, 153
L 218.0000, -15.0000, 3.0000,  233.0000, -26.0000, 3.0000,  153, 153, 153
L 233.0000, -26.0000, 3.0000,  236.0000, -166.0000, 3.0000,  153, 153, 153
L 236.0000, -166.0000, 3.0000,  225.0000, -178.0000, 3.0000,  153, 153, 153
L 225.0000, -178.0000, 3.0000,  -16.0000, -181.0000, -1.0000,  153, 153, 153
L 185.0000, -178.0000, 47.0000,  185.0000, -215.0000, 3.0000,  153, 153, 153
L 185.0000, -215.0000, 3.0000,  180.0000, -214.0000, 3.0000,  153, 153, 153
L 180.0000, -214.0000, 3.0000,  179.0000, -177.0000, 3.0000,  153, 153, 153
L 179.0000, -177.0000, 3.0000,  186.0000, -178.0000, 3.0000,  153, 153, 153
L 82.0000, -20.0000, 42.0000,  77.0000, -16.0000, 4.0000,  153, 153, 153
L 77.0000, -16.0000, 4.0000,  103.0000, 19.0000, 4.0000,  153, 153, 153
L 103.0000, 19.0000, 4.0000,  106.0000, 16.0000, 4.0000,  153, 153, 153
L 106.0000, 16.0000, 4.0000,  81.0000, -21.0000, 4.0000,  153, 153, 153
L -22.0000, 31.0000, 37.0000,  -58.0000, 31.0000, 4.0000,  153, 153, 153
L -58.0000, 31.0000, 4.0000,  -57.0000, 36.0000, 4.0000,  153, 153, 153
L -57.0000, 36.0000, 4.0000,  -23.0000, 35.0000, 3.0000,  153, 153, 153
L -23.0000, 35.0000, 3.0000,  -24.0000, 31.0000, 4.0000,  153, 153, 153
L 285.0000, -402.0000, 37.0000,  244.0000, -373.0000, 3.0000,  153, 153, 153
L 244.0000, -373.0000, 3.0000,  250.0000, -370.0000, 4.0000,  153, 153, 153
L 250.0000, -370.0000, 4.0000,  286.0000, -397.0000, 4.0000,  153, 153, 153
L 286.0000, -397.0000, 4.0000,  282.0000, -403.0000, 3.0000,  153, 153, 153
L 404.0000, -641.0000, -24.0000,  431.0000, -641.0000, -2.0000,  0, 0, 255
L 431.0000, -641.0000, -2.0000,  432.0000, -600.0000, -2.0000,  0, 0, 255
L 432.0000, -600.0000, -2.0000,  431.0000, -573.0000, -2.0000,  0, 0, 255
L 431.0000, -573.0000, -2.0000,  431.0000, -478.0000, -2.0000,  0, 0, 255
L 431.0000, -478.0000, -2.0000,  404.0000, -477.0000, -2.0000,  0, 0, 255
L 434.0000, -599.0000, -24.0000,  543.0000, -599.0000, -2.0000,  0, 0, 255
L 543.0000, -599.0000, -2.0000,  544.0000, -544.0000, -2.0000,  0, 0, 255
L 544.0000, -544.0000, -2.0000,  613.0000, -543.0000, -2.0000,  0, 0, 255
L 613.0000, -543.0000, -2.0000,  613.0000, -433.0000, -2.0000,  0, 0, 255
L 613.0000, -433.0000, -2.0000,  784.0000, -431.0000, -2.0000,  0, 0, 255
L 784.0000, -431.0000, -2.0000,  785.0000, -473.0000, -2.0000,  0, 0, 255
L 785.0000, -473.0000, -2.0000,  966.0000, -473.0000, -2.0000,  0, 0, 255
L 966.0000, -473.0000, -2.0000,  967.0000, -599.0000, -2.0000,  0, 0, 255
L 967.0000, -599.0000, -2.0000,  991.0000, -599.0000, -2.0000,  0, 0, 255
L 991.0000, -599.0000, -2.0000,  991.0000, -450.0000, -2.0000,  0, 0, 255
L 991.0000, -450.0000, -2.0000,  810.0000, -449.0000, -2.0000,  0, 0, 255
L 810.0000, -449.0000, -2.0000,  809.0000, -408.0000, -2.0000,  0, 0, 255
L 809.0000, -408.0000, -2.0000,  590.0000, -408.0000, -2.0000,  0, 0, 255
L 590.0000, -408.0000, -2.0000,  589.0000, -518.0000, -2.0000,  0, 0, 255
L 589.0000, -518.0000, -2.0000,  520.0000, -520.0000, -1.0000,  0, 0, 255
L 520.0000, -520.0000, -1.0000,  519.0000, -574.0000, -2.0000,  0, 0, 255
L 519.0000, -574.0000, -2.0000,  432.0000, -575.0000, -2.0000,  0, 0, 255
L 543.0000, -520.0000, -16.0000,  543.0000, -543.0000, -1.0000,  0, 0, 255
L 543.0000, -543.0000, -1.0000,  520.0000, -543.0000, -1.0000,  0, 0, 255
L 753.0000, -408.0000, -16.0000,  715.0000, -408.0000, -1.0000,  0, 0, 255
L 715.0000, -408.0000, -1.0000,  715.0000, -431.0000, -1.0000,  0, 0, 255
L 715.0000, -431.0000, -1.0000,  753.0000, -431.0000, -1.0000,  0, 0, 255
L 753.0000, -431.0000, -1.0000,  753.0000, -408.0000, -1.0000,  0, 0, 255
L 879.0000, -473.0000, -13.0000,  879.0000, -450.0000, -1.0000,  0, 0, 255
L 879.0000, -450.0000, -1.0000,  841.0000, -450.0000, -1.0000,  0, 0, 255
L 841.0000, -450.0000, -1.0000,  841.0000, -473.0000, -1.0000,  0, 0, 255
L 841.0000, -473.0000, -1.0000,  879.0000, -473.0000, -1.0000,  0, 0, 255
L 991.0000, -473.0000, -17.0000,  967.0000, -473.0000, -1.0000,  0, 0, 255
L 967.0000, -473.0000, -1.0000,  967.0000, -450.0000, -1.0000,  0, 0, 255
L 967.0000, -599.0000, -13.0000,  991.0000, -599.0000, -1.0000,  0, 0, 255
L 991.0000, -599.0000, -1.0000,  991.0000, -562.0000, -1.0000,  0, 0, 255
L 991.0000, -562.0000, -1.0000,  967.0000, -562.0000, -1.0000,  0, 0, 255
L 967.0000, -562.0000, -1.0000,  967.0000, -599.0000, -1.0000,  0, 0, 255
L 925.0000, -576.0000, 3.0000,  925.0000, -585.0000, 0.0000,  102, 99, 0
L 925.0000, -585.0000, 0.0000,  937.0000, -585.0000, 0.0000,  102, 99, 0
L 937.0000, -585.0000, 0.0000,  953.0000, -601.0000, 0.0000,  102, 99, 0
L 953.0000, -601.0000, 0.0000,  953.0000, -613.0000, 0.0000,  102, 99, 0
L 953.0000, -613.0000, 0.0000,  1005.0000, -613.0000, 0.0000,  102, 99, 0
L 1005.0000, -548.0000, 0.0000,  953.0000, -548.0000, 0.0000,  102, 99, 0
L 953.0000, -548.0000, 0.0000,  953.0000, -561.0000, 0.0000,  102, 99, 0
L 953.0000, -561.0000, 0.0000,  938.0000, -575.0000, 0.0000,  102, 99, 0
L 938.0000, -575.0000, 0.0000,  925.0000, -576.0000, 0.0000,  102, 99, 0
L 1007.0000, -562.0000, 3.0000,  1019.0000, -562.0000, 0.0000,  102, 99, 0
L 1019.0000, -562.0000, 0.0000,  1019.0000, -574.0000, 0.0000,  102, 99, 0
L 1019.0000, -574.0000, 0.0000,  1036.0000, -575.0000, 0.0000,  102, 99, 0
L 1036.0000, -575.0000, 0.0000,  1037.0000, -560.0000, 0.0000,  102, 99, 0
L 1037.0000, -560.0000, 0.0000,  1050.0000, -548.0000, 0.0000,  102, 99, 0
L 1050.0000, -548.0000, 0.0000,  1063.0000, -548.0000, 0.0000,  102, 99, 0
L 1063.0000, -548.0000, 0.0000,  1078.0000, -534.0000, 0.0000,  102, 99, 0
L 1078.0000, -534.0000, 0.0000,  1090.0000, -534.0000, 0.0000,  102, 99, 0
L 1090.0000, -534.0000, 0.0000,  1105.0000, -548.0000, 0.0000,  102, 99, 0
L 1105.0000, -548.0000, 0.0000,  1118.0000, -548.0000, 0.0000,  102, 99, 0
L 1118.0000, -548.0000, 0.0000,  1131.0000, -560.0000, 0.0000,  102, 99, 0
L 1131.0000, -560.0000, 0.0000,  1131.0000, -600.0000, 0.0000,  102, 99, 0
L 1131.0000, -600.0000, 0.0000,  1118.0000, -613.0000, 0.0000,  102, 99, 0
L 1118.0000, -613.0000, 0.0000,  1105.0000, -613.0000, 0.0000,  102, 99, 0
L 1105.0000, -613.0000, 0.0000,  1090.0000, -627.0000, 0.0000,  102, 99, 0
L 1090.0000, -627.0000, 0.0000,  1078.0000, -627.0000, 0.0000,  102, 99, 0
L 1078.0000, -627.0000, 0.0000,  1065.0000, -614.0000, 0.0000,  102, 99, 0
L 1065.0000, -614.0000, 0.0000,  1050.0000, -613.0000, 0.0000,  102, 99, 0
L 1050.0000, -613.0000, 0.0000,  1037.0000, -600.0000, 0.0000,  102, 99, 0
L 1037.0000, -600.0000, 0.0000,  1038.0000, -586.0000, 0.0000,  102, 99, 0
L 1038.0000, -586.0000, 0.0000,  1020.0000, -585.0000, 0.0000,  102, 99, 0
L 1020.0000, -585.0000, 0.0000,  1019.0000, -599.0000, 0.0000,  102, 99, 0
L 1019.0000, -599.0000, 0.0000,  1007.0000, -599.0000, 0.0000,  102, 99, 0
L 882.0000, -529.0000, 3.0000,  838.0000, -529.0000, 0.0000,  102, 99, 0
L 838.0000, -529.0000, 0.0000,  837.0000, -543.0000, 0.0000,  102, 99, 0
L 837.0000, -543.0000, 0.0000,  827.0000, -543.0000, 0.0000,  102, 99, 0
L 827.0000, -520.0000, 0.0000,  854.0000, -519.0000, 0.0000,  102, 99, 0
L 854.0000, -519.0000, 0.0000,  855.0000, -503.0000, 0.0000,  102, 99, 0
L 855.0000, -503.0000, 0.0000,  840.0000, -487.0000, 0.0000,  102, 99, 0
L 840.0000, -487.0000, 0.0000,  827.0000, -487.0000, 0.0000,  102, 99, 0
L 827.0000, -487.0000, 0.0000,  827.0000, -436.0000, 0.0000,  102, 99, 0
L 827.0000, -436.0000, 0.0000,  893.0000, -436.0000, 0.0000,  102, 99, 0
L 893.0000, -436.0000, 0.0000,  893.0000, -487.0000, 0.0000,  102, 99, 0
L 893.0000, -487.0000, 0.0000,  881.0000, -487.0000, 0.0000,  102, 99, 0
L 881.0000, -487.0000, 0.0000,  865.0000, -503.0000, 0.0000,  102, 99, 0
L 865.0000, -503.0000, 0.0000,  865.0000, -518.0000, 0.0000,  102, 99, 0
L 865.0000, -518.0000, 0.0000,  893.0000, -520.0000, 0.0000,  102, 99, 0
L 893.0000, -520.0000, 0.0000,  893.0000, -562.0000, 0.0000,  102, 99, 0
L 893.0000, -534.0000, 0.0000,  883.0000, -534.0000, 0.0000,  102, 99, 0
L 883.0000, -534.0000, 3.0000,  893.0000, -534.0000, 0.0000,  102, 99, 0
L 893.0000, -562.0000, 0.0000,  907.0000, -576.0000, 0.0000,  102, 99, 0
L 907.0000, -576.0000, 0.0000,  924.0000, -576.0000, 0.0000,  102, 99, 0
L 924.0000, -585.0000, 3.0000,  909.0000, -585.0000, 0.0000,  102, 99, 0
L 909.0000, -585.0000, 0.0000,  894.0000, -599.0000, 0.0000,  102, 99, 0
L 894.0000, -599.0000, 0.0000,  882.0000, -599.0000, 0.0000,  102, 99, 0
L 882.0000, -599.0000, 0.0000,  869.0000, -586.0000, 0.0000,  102, 99, 0
L 869.0000, -586.0000, 0.0000,  869.0000, -574.0000, 0.0000,  102, 99, 0
L 869.0000, -574.0000, 0.0000,  883.0000, -562.0000, 0.0000,  102, 99, 0
L 883.0000, -562.0000, 0.0000,  883.0000, -534.0000, 0.0000,  102, 99, 0
L 917.0000, -576.0000, 3.0000,  936.0000, -576.0000, 0.0000,  102, 99, 0
L 936.0000, -576.0000, 0.0000,  925.0000, -576.0000, 0.0000,  102, 99, 0
L 925.0000, -576.0000, 0.0000,  925.0000, -585.0000, 0.0000,  102, 99, 0
L 730.0000, -493.0000, 3.0000,  729.0000, -475.0000, 0.0000,  102, 99, 0
L 729.0000, -475.0000, 0.0000,  656.0000, -473.0000, 0.0000,  102, 99, 0
L 656.0000, -473.0000, 0.0000,  655.0000, -487.0000, 0.0000,  102, 99, 0
L 655.0000, -487.0000, 0.0000,  646.0000, -487.0000, 0.0000,  102, 99, 0
L 646.0000, -464.0000, 0.0000,  727.0000, -464.0000, 0.0000,  102, 99, 0
L 727.0000, -464.0000, 0.0000,  714.0000, -445.0000, 0.0000,  102, 99, 0
L 714.0000, -445.0000, 0.0000,  701.0000, -445.0000, 0.0000,  102, 99, 0
L 701.0000, -445.0000, 0.0000,  701.0000, -394.0000, 0.0000,  102, 99, 0
L 701.0000, -394.0000, 0.0000,  767.0000, -394.0000, 0.0000,  102, 99, 0
L 767.0000, -394.0000, 0.0000,  767.0000, -445.0000, 0.0000,  102, 99, 0
L 767.0000, -445.0000, 0.0000,  754.0000, -446.0000, 0.0000,  102, 99, 0
L 754.0000, -446.0000, 0.0000,  739.0000, -461.0000, 0.0000,  102, 99, 0
L 739.0000, -461.0000, 0.0000,  743.0000, -520.0000, 0.0000,  102, 99, 0
L 743.0000, -520.0000, 0.0000,  740.0000, -529.0000, 0.0000,  102, 99, 0
L 740.0000, -529.0000, 0.0000,  715.0000, -529.0000, 0.0000,  102, 99, 0
L 715.0000, -529.0000, 0.0000,  715.0000, -520.0000, 0.0000,  102, 99, 0
L 715.0000, -520.0000, 0.0000,  728.0000, -519.0000, 0.0000,  102, 99, 0
L 728.0000, -519.0000, 0.0000,  729.0000, -474.0000, 0.0000,  102, 99, 0
L 743.0000, -529.0000, 3.0000,  743.0000, -520.0000, 0.0000,  102, 99, 0
L 743.0000, -520.0000, 0.0000,  767.0000, -520.0000, 0.0000,  102, 99, 0
L 767.0000, -520.0000, 0.0000,  767.0000, -560.0000, 0.0000,  102, 99, 0
L 767.0000, -560.0000, 0.0000,  782.0000, -575.0000, 0.0000,  102, 99, 0
L 782.0000, -575.0000, 0.0000,  799.0000, -575.0000, 0.0000,  102, 99, 0
L 799.0000, -585.0000, 3.0000,  782.0000, -585.0000, 0.0000,  102, 99, 0
L 782.0000, -585.0000, 0.0000,  767.0000, -600.0000, 0.0000,  102, 99, 0
L 767.0000, -600.0000, 0.0000,  767.0000, -619.0000, 0.0000,  102, 99, 0
L 757.0000, -619.0000, 3.0000,  757.0000, -600.0000, 0.0000,  102, 99, 0
L 757.0000, -600.0000, 0.0000,  743.0000, -586.0000, 0.0000,  102, 99, 0
L 743.0000, -586.0000, 0.0000,  743.0000, -574.0000, 0.0000,  102, 99, 0
L 743.0000, -574.0000, 0.0000,  757.0000, -560.0000, 0.0000,  102, 99, 0
L 757.0000, -560.0000, 0.0000,  757.0000, -531.0000, 0.0000,  102, 99, 0
L 757.0000, -531.0000, 0.0000,  743.0000, -529.0000, 0.0000,  102, 99, 0
L 767.0000, -619.0000, 3.0000,  767.0000, -645.0000, 0.0000,  102, 99, 0
L 767.0000, -645.0000, 0.0000,  784.0000, -645.0000, 0.0000,  102, 99, 0
L 784.0000, -645.0000, 0.0000,  798.0000, -632.0000, 0.0000,  102, 99, 0
L 798.0000, -632.0000, 0.0000,  810.0000, -632.0000, 0.0000,  102, 99, 0
L 810.0000, -632.0000, 0.0000,  823.0000, -644.0000, 0.0000,  102, 99, 0
L 823.0000, -644.0000, 0.0000,  823.0000, -656.0000, 0.0000,  102, 99, 0
L 823.0000, -656.0000, 0.0000,  810.0000, -670.0000, 0.0000,  102, 99, 0
L 810.0000, -670.0000, 0.0000,  810.0000, -686.0000, 0.0000,  102, 99, 0
L 810.0000, -686.0000, 0.0000,  799.0000, -686.0000, 0.0000,  102, 99, 0
L 799.0000, -686.0000, 0.0000,  799.0000, -670.0000, 0.0000,  102, 99, 0
L 799.0000, -670.0000, 0.0000,  784.0000, -655.0000, 0.0000,  102, 99, 0
L 784.0000, -655.0000, 0.0000,  757.0000, -655.0000, 0.0000,  102, 99, 0
L 757.0000, -655.0000, 0.0000,  757.0000, -619.0000, 0.0000,  102, 99, 0
L 791.0000, -576.0000, 3.0000,  812.0000, -575.0000, 0.0000,  102, 99, 0
L 812.0000, -575.0000, 0.0000,  827.0000, -560.0000, 0.0000,  102, 99, 0
L 827.0000, -560.0000, 0.0000,  827.0000, -520.0000, 0.0000,  102, 99, 0
L 837.0000, -543.0000, 3.0000,  837.0000, -560.0000, 0.0000,  102, 99, 0
L 837.0000, -560.0000, 0.0000,  851.0000, -574.0000, 0.0000,  102, 99, 0
L 851.0000, -574.0000, 0.0000,  851.0000, -586.0000, 0.0000,  102, 99, 0
L 851.0000, -586.0000, 0.0000,  838.0000, -599.0000, 0.0000,  102, 99, 0
L 838.0000, -599.0000, 0.0000,  826.0000, -599.0000, 0.0000,  102, 99, 0
L 826.0000, -599.0000, 0.0000,  813.0000, -586.0000, 0.0000,  102, 99, 0
L 813.0000, -586.0000, 0.0000,  799.0000, -585.0000, 0.0000,  102, 99, 0
L 799.0000, -585.0000, 0.0000,  799.0000, -576.0000, 0.0000,  102, 99, 0
L 798.0000, -687.0000, -24.0000,  798.0000, -697.0000, -2.0000,  255, 0, 0
L 798.0000, -697.0000, -2.0000,  811.0000, -697.0000, -2.0000,  255, 0, 0
L 811.0000, -697.0000, -2.0000,  811.0000, -687.0000, -2.0000,  255, 0, 0
L 811.0000, -687.0000, -2.0000,  799.0000, -687.0000, -2.0000,  255, 0, 0
L 811.0000, -697.0000, -24.0000,  869.0000, -697.0000, -2.0000,  102, 99, 0
L 869.0000, -697.0000, -2.0000,  883.0000, -712.0000, -2.0000,  102, 99, 0
L 827.0000, -697.0000, -24.0000,  827.0000, -687.0000, -2.0000,  102, 99, 0
L 827.0000, -687.0000, -2.0000,  868.0000, -687.0000, -2.0000,  102, 99, 0
L 868.0000, -687.0000, -2.0000,  882.0000, -673.0000, -2.0000,  102, 99, 0
L 882.0000, -673.0000, -2.0000,  894.0000, -673.0000, -2.0000,  102, 99, 0
L 894.0000, -673.0000, -2.0000,  907.0000, -686.0000, -2.0000,  102, 99, 0
L 907.0000, -686.0000, -2.0000,  907.0000, -698.0000, -2.0000,  102, 99, 0
L 907.0000, -698.0000, -2.0000,  893.0000, -712.0000, -2.0000,  102, 99, 0
L 893.0000, -712.0000, -24.0000,  893.0000, -770.0000, 0.0000,  102, 99, 0
L 893.0000, -770.0000, 0.0000,  923.0000, -771.0000, 0.0000,  102, 99, 0
L 923.0000, -771.0000, 0.0000,  925.0000, -755.0000, 0.0000,  102, 99, 0
L 925.0000, -755.0000, 0.0000,  911.0000, -740.0000, 0.0000,  102, 99, 0
L 911.0000, -740.0000, 0.0000,  911.0000, -728.0000, 0.0000,  102, 99, 0
L 911.0000, -728.0000, 0.0000,  924.0000, -715.0000, 0.0000,  102, 99, 0
L 924.0000, -715.0000, 0.0000,  936.0000, -716.0000, 0.0000,  102, 99, 0
L 936.0000, -716.0000, 0.0000,  949.0000, -728.0000, 0.0000,  102, 99, 0
L 949.0000, -728.0000, 0.0000,  949.0000, -740.0000, 0.0000,  102, 99, 0
L 949.0000, -740.0000, 0.0000,  935.0000, -754.0000, 0.0000,  102, 99, 0
L 935.0000, -754.0000, 0.0000,  935.0000, -771.0000, 0.0000,  102, 99, 0
L 935.0000, -781.0000, 3.0000,  883.0000, -781.0000, 0.0000,  102, 99, 0
L 883.0000, -781.0000, 0.0000,  883.0000, -713.0000, -2.0000,  102, 99, 0
L 941.0000, -771.0000, 3.0000,  981.0000, -771.0000, 0.0000,  102, 99, 0
L 981.0000, -771.0000, 0.0000,  981.0000, -713.0000, 0.0000,  102, 99, 0
L 981.0000, -713.0000, 0.0000,  967.0000, -698.0000, 0.0000,  102, 99, 0
L 967.0000, -698.0000, 0.0000,  967.0000, -686.0000, 0.0000,  102, 99, 0
L 967.0000, -686.0000, 0.0000,  981.0000, -673.0000, 0.0000,  102, 99, 0
L 981.0000, -673.0000, 0.0000,  981.0000, -632.0000, 0.0000,  102, 99, 0
L 981.0000, -632.0000, 0.0000,  994.0000, -631.0000, 0.0000,  102, 99, 0
L 994.0000, -631.0000, 0.0000,  995.0000, -616.0000, 0.0000,  102, 99, 0
L 995.0000, -616.0000, 0.0000,  995.0000, -627.0000, 0.0000,  102, 99, 0
L 995.0000, -627.0000, 0.0000,  1005.0000, -627.0000, 0.0000,  102, 99, 0
L 1005.0000, -627.0000, 0.0000,  1005.0000, -548.0000, 0.0000,  102, 99, 0
L 941.0000, -781.0000, 3.0000,  991.0000, -781.0000, 0.0000,  102, 99, 0
L 991.0000, -781.0000, 0.0000,  991.0000, -713.0000, 0.0000,  102, 99, 0
L 991.0000, -713.0000, 0.0000,  1005.0000, -698.0000, 0.0000,  102, 99, 0
L 1005.0000, -698.0000, 0.0000,  1005.0000, -686.0000, 0.0000,  102, 99, 0
L 1005.0000, -686.0000, 0.0000,  991.0000, -671.0000, 0.0000,  102, 99, 0
L 991.0000, -671.0000, 0.0000,  991.0000, -642.0000, 0.0000,  102, 99, 0
L 991.0000, -642.0000, 0.0000,  1005.0000, -641.0000, 0.0000,  102, 99, 0
L 1005.0000, -641.0000, 0.0000,  1005.0000, -615.0000, 0.0000,  102, 99, 0
L 1005.0000, -615.0000, 0.0000,  995.0000, -615.0000, 0.0000,  102, 99, 0
L 795.0000, -697.0000, -108.0000,  795.0000, -686.0000, -10.0000,  255, 0, 0
L 795.0000, -686.0000, -10.0000,  765.0000, -686.0000, -10.0000,  255, 0, 0
L 765.0000, -686.0000, -10.0000,  765.0000, -697.0000, -10.0000,  255, 0, 0
L 765.0000, -697.0000, -10.0000,  795.0000, -697.0000, -10.0000,  255, 0, 0
L 739.0000, -671.0000, -108.0000,  729.0000, -671.0000, -10.0000,  255, 0, 0
L 729.0000, -671.0000, -10.0000,  729.0000, -646.0000, -10.0000,  255, 0, 0
L 729.0000, -646.0000, -10.0000,  739.0000, -646.0000, -10.0000,  255, 0, 0
L 739.0000, -646.0000, -10.0000,  739.0000, -671.0000, -10.0000,  255, 0, 0
L 670.0000, -697.0000, -108.0000,  670.0000, -686.0000, -10.0000,  255, 0, 0
L 670.0000, -686.0000, -10.0000,  700.0000, -686.0000, -10.0000,  255, 0, 0
L 700.0000, -686.0000, -10.0000,  700.0000, -697.0000, -10.0000,  255, 0, 0
L 700.0000, -697.0000, -10.0000,  670.0000, -697.0000, -10.0000,  255, 0, 0
L 618.0000, -770.0000, -108.0000,  618.0000, -781.0000, -10.0000,  102, 99, 0
L 618.0000, -781.0000, -10.0000,  683.0000, -781.0000, -10.0000,  102, 99, 0
L 683.0000, -781.0000, -10.0000,  683.0000, -768.0000, -10.0000,  102, 99, 0
L 683.0000, -768.0000, -10.0000,  739.0000, -767.0000, -10.0000,  102, 99, 0
L 739.0000, -767.0000, -10.0000,  739.0000, -726.0000, -10.0000,  102, 99, 0
L 739.0000, -726.0000, -10.0000,  767.0000, -725.0000, -10.0000,  102, 99, 0
L 767.0000, -725.0000, -10.0000,  768.0000, -711.0000, -10.0000,  102, 99, 0
L 768.0000, -711.0000, -10.0000,  795.0000, -711.0000, -10.0000,  102, 99, 0
L 795.0000, -711.0000, -10.0000,  795.0000, -698.0000, -10.0000,  102, 99, 0
L 795.0000, -698.0000, -10.0000,  739.0000, -698.0000, -10.0000,  102, 99, 0
L 739.0000, -698.0000, -10.0000,  739.0000, -672.0000, -10.0000,  102, 99, 0
L 739.0000, -672.0000, -10.0000,  729.0000, -672.0000, -10.0000,  102, 99, 0
L 729.0000, -672.0000, -10.0000,  729.0000, -698.0000, -10.0000,  102, 99, 0
L 729.0000, -698.0000, -10.0000,  673.0000, -698.0000, -10.0000,  102, 99, 0
L 673.0000, -698.0000, -10.0000,  673.0000, -711.0000, -10.0000,  102, 99, 0
L 673.0000, -711.0000, -10.0000,  700.0000, -711.0000, -10.0000,  102, 99, 0
L 700.0000, -711.0000, -10.0000,  701.0000, -725.0000, -10.0000,  102, 99, 0
L 701.0000, -725.0000, -10.0000,  729.0000, -726.0000, -10.0000,  102, 99, 0
L 729.0000, -726.0000, -10.0000,  728.0000, -757.0000, -10.0000,  102, 99, 0
L 728.0000, -757.0000, -10.0000,  673.0000, -757.0000, -10.0000,  102, 99, 0
L 673.0000, -757.0000, -10.0000,  672.0000, -771.0000, -10.0000,  102, 99, 0
L 672.0000, -771.0000, -10.0000,  628.0000, -771.0000, -10.0000,  102, 99, 0
L 618.0000, -770.0000, -108.0000,  617.0000, -671.0000, -6.0000,  255, 0, 255
L 617.0000, -671.0000, -6.0000,  586.0000, -670.0000, -6.0000,  255, 0, 255
L 586.0000, -670.0000, -6.0000,  585.0000, -781.0000, -2.0000,  255, 0, 255
L 585.0000, -781.0000, -2.0000,  531.0000, -781.0000, -2.0000,  255, 0, 255
L 531.0000, -781.0000, -2.0000,  520.0000, -783.0000, -2.0000,  255, 0, 255
L 529.0000, -772.0000, -14.0000,  529.0000, -784.0000, -2.0000,  102, 99, 0
L 529.0000, -784.0000, -2.0000,  533.0000, -800.0000, -2.0000,  102, 99, 0
L 533.0000, -800.0000, -2.0000,  557.0000, -828.0000, -3.0000,  102, 99, 0
L 557.0000, -828.0000, -3.0000,  553.0000, -868.0000, -3.0000,  102, 99, 0
L 553.0000, -868.0000, -3.0000,  529.0000, -895.0000, -2.0000,  102, 99, 0
L 529.0000, -895.0000, -2.0000,  519.0000, -894.0000, -2.0000,  102, 99, 0
L 519.0000, -894.0000, -2.0000,  497.0000, -876.0000, -3.0000,  102, 99, 0
L 497.0000, -876.0000, -3.0000,  476.0000, -841.0000, -2.0000,  102, 99, 0
L 476.0000, -841.0000, -2.0000,  483.0000, -815.0000, -2.0000,  102, 99, 0
L 483.0000, -815.0000, -2.0000,  519.0000, -785.0000, -2.0000,  102, 99, 0
L 519.0000, -785.0000, -2.0000,  520.0000, -773.0000, -1.0000,  102, 99, 0
L 520.0000, -773.0000, -1.0000,  529.0000, -772.0000, -1.0000,  102, 99, 0
L 514.0000, -830.0000, -49.0000,  531.0000, -830.0000, -4.0000,  255, 0, 0
L 531.0000, -830.0000, -4.0000,  540.0000, -843.0000, -4.0000,  255, 0, 0
L 540.0000, -843.0000, -4.0000,  537.0000, -859.0000, -4.0000,  255, 0, 0
L 537.0000, -859.0000, -4.0000,  530.0000, -862.0000, -4.0000,  255, 0, 0
L 530.0000, -862.0000, -4.0000,  519.0000, -860.0000, -4.0000,  255, 0, 0
L 519.0000, -860.0000, -4.0000,  513.0000, -856.0000, -4.0000,  255, 0, 0
L 513.0000, -856.0000, -4.0000,  510.0000, -839.0000, -4.0000,  255, 0, 0
L 510.0000, -839.0000, -4.0000,  514.0000, -831.0000, -4.0000,  255, 0, 0
L 514.0000, -831.0000, -4.0000,  531.0000, -830.0000, -4.0000,  255, 0, 0
L 559.0000, -829.0000, -102.0000,  600.0000, -814.0000, -9.0000,  102, 99, 0
L 600.0000, -814.0000, -9.0000,  614.0000, -841.0000, -10.0000,  102, 99, 0
L 614.0000, -841.0000, -10.0000,  628.0000, -835.0000, -10.0000,  102, 99, 0
L 628.0000, -835.0000, -10.0000,  631.0000, -845.0000, -10.0000,  102, 99, 0
L 631.0000, -845.0000, -10.0000,  647.0000, -837.0000, -10.0000,  102, 99, 0
L 647.0000, -837.0000, -10.0000,  655.0000, -853.0000, -10.0000,  102, 99, 0
L 655.0000, -853.0000, -10.0000,  642.0000, -865.0000, -10.0000,  102, 99, 0
L 642.0000, -865.0000, -10.0000,  631.0000, -866.0000, -10.0000,  102, 99, 0
L 631.0000, -866.0000, -10.0000,  616.0000, -851.0000, -10.0000,  102, 99, 0
L 616.0000, -851.0000, -10.0000,  600.0000, -865.0000, -10.0000,  102, 99, 0
L 600.0000, -865.0000, -10.0000,  573.0000, -879.0000, -10.0000,  102, 99, 0
L 573.0000, -879.0000, -10.0000,  561.0000, -879.0000, -10.0000,  102, 99, 0
L 561.0000, -879.0000, -10.0000,  556.0000, -867.0000, -10.0000,  102, 99, 0
L 643.0000, -869.0000, -108.0000,  630.0000, -869.0000, -10.0000,  255, 255, 0
L 630.0000, -869.0000, -108.0000,  618.0000, -882.0000, -10.0000,  102, 99, 0
L 618.0000, -882.0000, -10.0000,  618.0000, -908.0000, -10.0000,  102, 99, 0
L 618.0000, -908.0000, -10.0000,  630.0000, -921.0000, -10.0000,  102, 99, 0
L 630.0000, -921.0000, -10.0000,  656.0000, -921.0000, -10.0000,  102, 99, 0
L 656.0000, -921.0000, -10.0000,  672.0000, -907.0000, -10.0000,  102, 99, 0
L 672.0000, -907.0000, -10.0000,  700.0000, -921.0000, -10.0000,  102, 99, 0
L 700.0000, -921.0000, -10.0000,  712.0000, -921.0000, -10.0000,  102, 99, 0
L 712.0000, -921.0000, -10.0000,  726.0000, -893.0000, -10.0000,  102, 99, 0
L 726.0000, -893.0000, -10.0000,  743.0000, -893.0000, -10.0000,  102, 99, 0
L 743.0000, -893.0000, -10.0000,  755.0000, -905.0000, -10.0000,  102, 99, 0
L 755.0000, -905.0000, -10.0000,  762.0000, -909.0000, -10.0000,  102, 99, 0
L 762.0000, -909.0000, -10.0000,  780.0000, -909.0000, -10.0000,  102, 99, 0
L 780.0000, -909.0000, -10.0000,  787.0000, -904.0000, -10.0000,  102, 99, 0
L 787.0000, -904.0000, -10.0000,  795.0000, -886.0000, -10.0000,  102, 99, 0
L 795.0000, -886.0000, -10.0000,  797.0000, -877.0000, -10.0000,  102, 99, 0
L 797.0000, -877.0000, -10.0000,  804.0000, -875.0000, -10.0000,  102, 99, 0
L 804.0000, -875.0000, -10.0000,  811.0000, -868.0000, -10.0000,  102, 99, 0
L 811.0000, -868.0000, -10.0000,  809.0000, -859.0000, -10.0000,  102, 99, 0
L 809.0000, -859.0000, -10.0000,  798.0000, -857.0000, -10.0000,  102, 99, 0
L 798.0000, -857.0000, -10.0000,  784.0000, -835.0000, -10.0000,  102, 99, 0
L 784.0000, -835.0000, -10.0000,  771.0000, -830.0000, -10.0000,  102, 99, 0
L 771.0000, -830.0000, -10.0000,  755.0000, -835.0000, -9.0000,  102, 99, 0
L 755.0000, -835.0000, -9.0000,  755.0000, -837.0000, -9.0000,  102, 99, 0
L 755.0000, -837.0000, -9.0000,  757.0000, -840.0000, -10.0000,  102, 99, 0
L 757.0000, -840.0000, -10.0000,  757.0000, -853.0000, -10.0000,  102, 99, 0
L 757.0000, -853.0000, -10.0000,  784.0000, -856.0000, -10.0000,  102, 99, 0
L 784.0000, -856.0000, -10.0000,  784.0000, -867.0000, -10.0000,  102, 99, 0
L 784.0000, -867.0000, -10.0000,  771.0000, -869.0000, -10.0000,  102, 99, 0
L 771.0000, -869.0000, -10.0000,  774.0000, -875.0000, -10.0000,  102, 99, 0
L 774.0000, -875.0000, -10.0000,  779.0000, -877.0000, -10.0000,  102, 99, 0
L 779.0000, -877.0000, -10.0000,  773.0000, -889.0000, -10.0000,  102, 99, 0
L 773.0000, -889.0000, -10.0000,  754.0000, -883.0000, -10.0000,  102, 99, 0
L 754.0000, -883.0000, -10.0000,  740.0000, -869.0000, -10.0000,  102, 99, 0
L 740.0000, -869.0000, -10.0000,  728.0000, -869.0000, -9.0000,  102, 99, 0
L 728.0000, -869.0000, -9.0000,  714.0000, -883.0000, -10.0000,  102, 99, 0
L 714.0000, -883.0000, -10.0000,  670.0000, -897.0000, -10.0000,  102, 99, 0
L 670.0000, -897.0000, -10.0000,  669.0000, -883.0000, -10.0000,  102, 99, 0
L 669.0000, -883.0000, -10.0000,  643.0000, -869.0000, -10.0000,  102, 99, 0
L 753.0000, -841.0000, -80.0000,  739.0000, -839.0000, -8.0000,  102, 99, 0
L 739.0000, -839.0000, -8.0000,  739.0000, -699.0000, -2.0000,  102, 99, 0
L 729.0000, -700.0000, -24.0000,  729.0000, -866.0000, -8.0000,  102, 99, 0
L 700.0000, -697.0000, -24.0000,  762.0000, -697.0000, -2.0000,  102, 99, 0
L 762.0000, -697.0000, -2.0000,  762.0000, -687.0000, -2.0000,  102, 99, 0
L 762.0000, -687.0000, -2.0000,  739.0000, -687.0000, -2.0000,  102, 99, 0
L 739.0000, -687.0000, -2.0000,  739.0000, -672.0000, -2.0000,  102, 99, 0
L 739.0000, -672.0000, -2.0000,  729.0000, -672.0000, -2.0000,  102, 99, 0
L 729.0000, -672.0000, -2.0000,  729.0000, -686.0000, -2.0000,  102, 99, 0
L 729.0000, -686.0000, -2.0000,  701.0000, -686.0000, -2.0000,  102, 99, 0
L 701.0000, -686.0000, -24.0000,  711.0000, -686.0000, -2.0000,  0, 255, 0
L 711.0000, -686.0000, -24.0000,  711.0000, -660.0000, -2.0000,  102, 99, 0
L 711.0000, -660.0000, -2.0000,  660.0000, -660.0000, -2.0000,  102, 99, 0
L 660.0000, -660.0000, -2.0000,  660.0000, -686.0000, -2.0000,  102, 99, 0
L 660.0000, -686.0000, -24.0000,  669.0000, -686.0000, -2.0000,  0, 255, 0
L 669.0000, -686.0000, -24.0000,  669.0000, -669.0000, -2.0000,  102, 99, 0
L 669.0000, -669.0000, -2.0000,  701.0000, -669.0000, -2.0000,  102, 99, 0
L 701.0000, -669.0000, -2.0000,  701.0000, -696.0000, -2.0000,  102, 99, 0
L 670.0000, -697.0000, -24.0000,  618.0000, -697.0000, -2.0000,  102, 99, 0
L 618.0000, -697.0000, -2.0000,  618.0000, -601.0000, 0.0000,  102, 99, 0
L 627.0000, -601.0000, 3.0000,  627.0000, -686.0000, -2.0000,  102, 99, 0
L 627.0000, -686.0000, -2.0000,  660.0000, -686.0000, -2.0000,  102, 99, 0
L 604.0000, -599.0000, 3.0000,  641.0000, -599.0000, 0.0000,  102, 99, 0
L 641.0000, -599.0000, 0.0000,  641.0000, -562.0000, 0.0000,  102, 99, 0
L 641.0000, -562.0000, 0.0000,  604.0000, -562.0000, 0.0000,  102, 99, 0
L 604.0000, -562.0000, 0.0000,  604.0000, -599.0000, 0.0000,  102, 99, 0
L 643.0000, -585.0000, 3.0000,  659.0000, -585.0000, 0.0000,  102, 99, 0
L 659.0000, -585.0000, 0.0000,  660.0000, -576.0000, 0.0000,  102, 99, 0
L 660.0000, -576.0000, 3.0000,  686.0000, -575.0000, 0.0000,  102, 99, 0
L 686.0000, -575.0000, 0.0000,  701.0000, -560.0000, 0.0000,  102, 99, 0
L 701.0000, -560.0000, 0.0000,  701.0000, -548.0000, 0.0000,  102, 99, 0
L 711.0000, -548.0000, 3.0000,  711.0000, -559.0000, 0.0000,  102, 99, 0
L 711.0000, -559.0000, 0.0000,  725.0000, -574.0000, 0.0000,  102, 99, 0
L 725.0000, -574.0000, 0.0000,  725.0000, -586.0000, 0.0000,  102, 99, 0
L 725.0000, -586.0000, 0.0000,  712.0000, -599.0000, 0.0000,  102, 99, 0
L 712.0000, -599.0000, 0.0000,  700.0000, -599.0000, 0.0000,  102, 99, 0
L 700.0000, -599.0000, 0.0000,  686.0000, -585.0000, 0.0000,  102, 99, 0
L 686.0000, -585.0000, 0.0000,  660.0000, -585.0000, 0.0000,  102, 99, 0
L 701.0000, -548.0000, 3.0000,  701.0000, -529.0000, 0.0000,  102, 99, 0
L 701.0000, -529.0000, 0.0000,  671.0000, -529.0000, 0.0000,  102, 99, 0
L 697.0000, -520.0000, 3.0000,  715.0000, -520.0000, 0.0000,  102, 99, 0
L 697.0000, -520.0000, 3.0000,  697.0000, -529.0000, 0.0000,  102, 99, 0
L 671.0000, -529.0000, 0.0000,  656.0000, -543.0000, 0.0000,  102, 99, 0
L 656.0000, -543.0000, 0.0000,  644.0000, -543.0000, 0.0000,  102, 99, 0
L 644.0000, -543.0000, 0.0000,  630.0000, -529.0000, 0.0000,  102, 99, 0
L 630.0000, -529.0000, 0.0000,  611.0000, -529.0000, 0.0000,  102, 99, 0
L 611.0000, -520.0000, 3.0000,  629.0000, -520.0000, 0.0000,  102, 99, 0
L 629.0000, -520.0000, 0.0000,  646.0000, -505.0000, 0.0000,  102, 99, 0
L 646.0000, -505.0000, 0.0000,  646.0000, -464.0000, 0.0000,  102, 99, 0
L 655.0000, -487.0000, 3.0000,  655.0000, -505.0000, 0.0000,  102, 99, 0
L 655.0000, -505.0000, 0.0000,  670.0000, -520.0000, 0.0000,  102, 99, 0
L 670.0000, -520.0000, 0.0000,  697.0000, -520.0000, 0.0000,  102, 99, 0
L 611.0000, -520.0000, 3.0000,  600.0000, -520.0000, 0.0000,  102, 99, 0
L 600.0000, -520.0000, 0.0000,  585.0000, -503.0000, 0.0000,  102, 99, 0
L 585.0000, -503.0000, 0.0000,  585.0000, -484.0000, 0.0000,  102, 99, 0
L 575.0000, -484.0000, 3.0000,  575.0000, -505.0000, 0.0000,  102, 99, 0
L 575.0000, -505.0000, 0.0000,  562.0000, -518.0000, 0.0000,  102, 99, 0
L 562.0000, -518.0000, 0.0000,  562.0000, -530.0000, 0.0000,  102, 99, 0
L 562.0000, -530.0000, 0.0000,  574.0000, -543.0000, 0.0000,  102, 99, 0
L 574.0000, -543.0000, 0.0000,  586.0000, -543.0000, 0.0000,  102, 99, 0
L 586.0000, -543.0000, 0.0000,  600.0000, -529.0000, 0.0000,  102, 99, 0
L 600.0000, -529.0000, 0.0000,  611.0000, -529.0000, 0.0000,  102, 99, 0
L 575.0000, -484.0000, 3.0000,  575.0000, -475.0000, 0.0000,  102, 99, 0
L 575.0000, -475.0000, 0.0000,  562.0000, -460.0000, 0.0000,  102, 99, 0
L 562.0000, -460.0000, 0.0000,  562.0000, -448.0000, 0.0000,  102, 99, 0
L 562.0000, -448.0000, 0.0000,  574.0000, -436.0000, 0.0000,  102, 99, 0
L 574.0000, -436.0000, 0.0000,  586.0000, -436.0000, 0.0000,  102, 99, 0
L 586.0000, -436.0000, 0.0000,  599.0000, -448.0000, 0.0000,  102, 99, 0
L 599.0000, -448.0000, 0.0000,  599.0000, -460.0000, 0.0000,  102, 99, 0
L 599.0000, -460.0000, 0.0000,  585.0000, -474.0000, 0.0000,  102, 99, 0
L 585.0000, -474.0000, 0.0000,  585.0000, -485.0000, 0.0000,  102, 99, 0
L 811.0000, -687.0000, -24.0000,  828.0000, -687.0000, -2.0000,  102, 99, 0
L 627.0000, -769.0000, -108.0000,  627.0000, -660.0000, -6.0000,  255, 0, 255
L 627.0000, -660.0000, -6.0000,  576.0000, -660.0000, -6.0000,  255, 0, 255
L 576.0000, -660.0000, -6.0000,  575.0000, -772.0000, -2.0000,  255, 0, 255
L 575.0000, -772.0000, -2.0000,  535.0000, -771.0000, -1.0000,  255, 0, 255
L 643.0000, -576.0000, 3.0000,  660.0000, -576.0000, 0.0000,  102, 99, 0
L 711.0000, -547.0000, 3.0000,  711.0000, -529.0000, 0.0000,  102, 99, 0
L 711.0000, -529.0000, 0.0000,  715.0000, -529.0000, 0.0000,  102, 99, 0
L 799.0000, -576.0000, 3.0000,  799.0000, -585.0000, 0.0000,  255, 255, 0
L 837.0000, -543.0000, 3.0000,  827.0000, -543.0000, 0.0000,  255, 255, 0
L 883.0000, -534.0000, 3.0000,  893.0000, -534.0000, 0.0000,  255, 255, 0
L 925.0000, -585.0000, 3.0000,  925.0000, -576.0000, 0.0000,  255, 255, 0
L 1007.0000, -599.0000, 3.0000,  1007.0000, -562.0000, 0.0000,  0, 255, 0
L 995.0000, -613.0000, 3.0000,  1005.0000, -613.0000, 0.0000,  255, 255, 0
L 646.0000, -487.0000, 3.0000,  655.0000, -487.0000, 0.0000,  255, 255, 0
L 715.0000, -520.0000, 3.0000,  715.0000, -529.0000, 0.0000,  255, 255, 0
L 743.0000, -529.0000, 3.0000,  743.0000, -520.0000, 0.0000,  255, 255, 0
L 827.0000, -697.0000, -24.0000,  827.0000, -687.0000, -2.0000,  255, 255, 0
L 1005.0000, -627.0000, 3.0000,  995.0000, -627.0000, 0.0000,  255, 255, 0
L 529.0000, -783.0000, -24.0000,  529.0000, -772.0000, -1.0000,  255, 255, 0
L 660.0000, -585.0000, 3.0000,  660.0000, -576.0000, 0.0000,  255, 255, 0
L 697.0000, -520.0000, 3.0000,  697.0000, -529.0000, 0.0000,  255, 255, 0
L 519.0000, -895.0000, -24.0000,  519.0000, -911.0000, -2.0000,  102, 99, 0
L 519.0000, -911.0000, -2.0000,  450.0000, -911.0000, -2.0000,  102, 99, 0
L 450.0000, -911.0000, -2.0000,  450.0000, -939.0000, -2.0000,  102, 99, 0
L 450.0000, -939.0000, -2.0000,  366.0000, -939.0000, -2.0000,  102, 99, 0
L 366.0000, -939.0000, -2.0000,  366.0000, -966.0000, -2.0000,  102, 99, 0
L 366.0000, -966.0000, -2.0000,  310.0000, -966.0000, -2.0000,  102, 99, 0
L 310.0000, -966.0000, -2.0000,  310.0000, -1008.0000, -2.0000,  102, 99, 0
L 310.0000, -1008.0000, -2.0000,  291.0000, -1008.0000, -2.0000,  102, 99, 0
L 291.0000, -1008.0000, -2.0000,  286.0000, -1001.0000, -2.0000,  102, 99, 0
L 286.0000, -1001.0000, -2.0000,  279.0000, -997.0000, -2.0000,  102, 99, 0
L 279.0000, -997.0000, -2.0000,  266.0000, -997.0000, -2.0000,  102, 99, 0
L 266.0000, -997.0000, -2.0000,  259.0000, -1001.0000, -2.0000,  102, 99, 0
L 259.0000, -1001.0000, -2.0000,  256.0000, -1008.0000, -2.0000,  102, 99, 0
L 256.0000, -1008.0000, -2.0000,  256.0000, -1021.0000, -2.0000,  102, 99, 0
L 256.0000, -1021.0000, -2.0000,  259.0000, -1027.0000, -2.0000,  102, 99, 0
L 259.0000, -1027.0000, -2.0000,  268.0000, -1031.0000, -2.0000,  102, 99, 0
L 268.0000, -1031.0000, -2.0000,  268.0000, -1075.0000, -2.0000,  102, 99, 0
L 268.0000, -1075.0000, -2.0000,  281.0000, -1075.0000, -2.0000,  102, 99, 0
L 281.0000, -1075.0000, -2.0000,  281.0000, -1107.0000, -2.0000,  102, 99, 0
L 281.0000, -1107.0000, -2.0000,  266.0000, -1107.0000, -2.0000,  102, 99, 0
L 266.0000, -1107.0000, -2.0000,  254.0000, -1120.0000, -2.0000,  102, 99, 0
L 254.0000, -1120.0000, -2.0000,  254.0000, -1132.0000, -2.0000,  102, 99, 0
L 254.0000, -1132.0000, -2.0000,  266.0000, -1145.0000, -2.0000,  102, 99, 0
L 266.0000, -1145.0000, -2.0000,  281.0000, -1145.0000, -2.0000,  102, 99, 0
L 281.0000, -1145.0000, -2.0000,  282.0000, -1159.0000, -2.0000,  102, 99, 0
L 282.0000, -1159.0000, -2.0000,  305.0000, -1159.0000, -2.0000,  102, 99, 0
L 305.0000, -1159.0000, -2.0000,  306.0000, -1146.0000, -2.0000,  102, 99, 0
L 306.0000, -1146.0000, -2.0000,  320.0000, -1145.0000, -2.0000,  102, 99, 0
L 320.0000, -1145.0000, -2.0000,  333.0000, -1132.0000, -2.0000,  102, 99, 0
L 333.0000, -1132.0000, -2.0000,  333.0000, -1120.0000, -2.0000,  102, 99, 0
L 333.0000, -1120.0000, -2.0000,  320.0000, -1107.0000, -2.0000,  102, 99, 0
L 320.0000, -1107.0000, -2.0000,  305.0000, -1107.0000, -2.0000,  102, 99, 0
L 305.0000, -1107.0000, -2.0000,  305.0000, -1075.0000, -2.0000,  102, 99, 0
L 305.0000, -1075.0000, -2.0000,  319.0000, -1075.0000, -2.0000,  102, 99, 0
L 319.0000, -1075.0000, -2.0000,  319.0000, -1020.0000, -2.0000,  102, 99, 0
L 319.0000, -1020.0000, -2.0000,  337.0000, -1020.0000, -2.0000,  102, 99, 0
L 337.0000, -1020.0000, -2.0000,  337.0000, -1035.0000, -2.0000,  102, 99, 0
L 337.0000, -1035.0000, -2.0000,  340.0000, -1037.0000, -2.0000,  102, 99, 0
L 340.0000, -1037.0000, -2.0000,  340.0000, -1039.0000, -2.0000,  102, 99, 0
L 340.0000, -1039.0000, -2.0000,  345.0000, -1039.0000, -2.0000,  102, 99, 0
L 345.0000, -1039.0000, -2.0000,  345.0000, -1037.0000, -2.0000,  102, 99, 0
L 345.0000, -1037.0000, -2.0000,  347.0000, -1035.0000, -2.0000,  102, 99, 0
L 347.0000, -1035.0000, -2.0000,  347.0000, -1020.0000, -2.0000,  102, 99, 0
L 347.0000, -1020.0000, -2.0000,  408.0000, -1020.0000, -2.0000,  102, 99, 0
L 408.0000, -1020.0000, -2.0000,  408.0000, -1047.0000, -2.0000,  102, 99, 0
L 408.0000, -1047.0000, -2.0000,  445.0000, -1047.0000, -2.0000,  102, 99, 0
L 445.0000, -1047.0000, -2.0000,  445.0000, -981.0000, -2.0000,  102, 99, 0
L 445.0000, -981.0000, -2.0000,  432.0000, -981.0000, -2.0000,  102, 99, 0
L 432.0000, -981.0000, -2.0000,  432.0000, -950.0000, -2.0000,  102, 99, 0
L 432.0000, -950.0000, -2.0000,  459.0000, -950.0000, -2.0000,  102, 99, 0
L 459.0000, -950.0000, -2.0000,  459.0000, -921.0000, -2.0000,  102, 99, 0
L 459.0000, -921.0000, -2.0000,  529.0000, -921.0000, -2.0000,  102, 99, 0
L 529.0000, -921.0000, -2.0000,  529.0000, -895.0000, -2.0000,  102, 99, 0
L 421.0000, -950.0000, -24.0000,  421.0000, -981.0000, -2.0000,  102, 99, 0
L 421.0000, -981.0000, -2.0000,  408.0000, -981.0000, -2.0000,  102, 99, 0
L 408.0000, -981.0000, -2.0000,  408.0000, -1009.0000, -2.0000,  102, 99, 0
L 408.0000, -1009.0000, -2.0000,  320.0000, -1009.0000, -2.0000,  102, 99, 0
L 320.0000, -1009.0000, -2.0000,  320.0000, -977.0000, -2.0000,  102, 99, 0
L 320.0000, -977.0000, -2.0000,  376.0000, -977.0000, -2.0000,  102, 99, 0
L 376.0000, -977.0000, -2.0000,  376.0000, -950.0000, -2.0000,  102, 99, 0
L 376.0000, -950.0000, -2.0000,  421.0000, -950.0000, -2.0000,  102, 99, 0
L 309.0000, -1020.0000, -24.0000,  309.0000, -1065.0000, -2.0000,  102, 99, 0
L 309.0000, -1065.0000, -2.0000,  278.0000, -1065.0000, -2.0000,  102, 99, 0
L 278.0000, -1065.0000, -2.0000,  278.0000, -1031.0000, -2.0000,  102, 99, 0
L 278.0000, -1031.0000, -2.0000,  286.0000, -1027.0000, -2.0000,  102, 99, 0
L 286.0000, -1027.0000, -2.0000,  290.0000, -1020.0000, -2.0000,  102, 99, 0
L 290.0000, -1020.0000, -2.0000,  309.0000, -1020.0000, -2.0000,  102, 99, 0
L 99.0000, -1031.0000, -24.0000,  91.0000, -1027.0000, -2.0000,  102, 99, 0
L 91.0000, -1027.0000, -2.0000,  88.0000, -1021.0000, -2.0000,  102, 99, 0
L 88.0000, -1021.0000, -2.0000,  88.0000, -1008.0000, -2.0000,  102, 99, 0
L 88.0000, -1008.0000, -2.0000,  91.0000, -1001.0000, -2.0000,  102, 99, 0
L 91.0000, -1001.0000, -2.0000,  98.0000, -997.0000, -2.0000,  102, 99, 0
L 98.0000, -997.0000, -2.0000,  111.0000, -997.0000, -2.0000,  102, 99, 0
L 111.0000, -997.0000, -2.0000,  118.0000, -1001.0000, -2.0000,  102, 99, 0
L 118.0000, -1001.0000, -2.0000,  121.0000, -1008.0000, -2.0000,  102, 99, 0
L 121.0000, -1008.0000, -2.0000,  121.0000, -1021.0000, -2.0000,  102, 99, 0
L 121.0000, -1021.0000, -2.0000,  118.0000, -1027.0000, -2.0000,  102, 99, 0
L 118.0000, -1027.0000, -2.0000,  109.0000, -1031.0000, -2.0000,  102, 99, 0
L 109.0000, -1031.0000, -2.0000,  109.0000, -1065.0000, -2.0000,  102, 99, 0
L 109.0000, -1065.0000, -2.0000,  121.0000, -1065.0000, -2.0000,  102, 99, 0
L 121.0000, -1065.0000, -2.0000,  121.0000, -1075.0000, -2.0000,  102, 99, 0
L 121.0000, -1075.0000, -2.0000,  109.0000, -1075.0000, -2.0000,  102, 99, 0
L 109.0000, -1075.0000, -2.0000,  109.0000, -1087.0000, -2.0000,  102, 99, 0
L 109.0000, -1087.0000, -2.0000,  99.0000, -1087.0000, -2.0000,  102, 99, 0
L 99.0000, -1087.0000, -2.0000,  99.0000, -1075.0000, -2.0000,  102, 99, 0
L 99.0000, -1075.0000, -2.0000,  88.0000, -1075.0000, -2.0000,  102, 99, 0
L 88.0000, -1075.0000, -2.0000,  88.0000, -1065.0000, -2.0000,  102, 99, 0
L 88.0000, -1065.0000, -2.0000,  99.0000, -1065.0000, -2.0000,  102, 99, 0
L 99.0000, -1065.0000, -2.0000,  99.0000, -1031.0000, -2.0000,  102, 99, 0
L 87.0000, -1065.0000, -24.0000,  87.0000, -1075.0000, -2.0000,  102, 99, 0
L 87.0000, -1075.0000, -2.0000,  67.0000, -1075.0000, -2.0000,  102, 99, 0
L 67.0000, -1075.0000, -2.0000,  67.0000, -1089.0000, -2.0000,  102, 99, 0
L 67.0000, -1089.0000, -2.0000,  30.0000, -1089.0000, -2.0000,  102, 99, 0
L 30.0000, -1089.0000, -2.0000,  30.0000, -1051.0000, -2.0000,  102, 99, 0
L 30.0000, -1051.0000, -2.0000,  67.0000, -1051.0000, -2.0000,  102, 99, 0
L 67.0000, -1051.0000, -2.0000,  67.0000, -1065.0000, -2.0000,  102, 99, 0
L 67.0000, -1065.0000, -2.0000,  87.0000, -1065.0000, -2.0000,  102, 99, 0
L 99.0000, -1088.0000, -24.0000,  109.0000, -1088.0000, -2.0000,  102, 99, 0
L 109.0000, -1088.0000, -2.0000,  109.0000, -1107.0000, -2.0000,  102, 99, 0
L 109.0000, -1107.0000, -2.0000,  123.0000, -1107.0000, -2.0000,  102, 99, 0
L 123.0000, -1107.0000, -2.0000,  123.0000, -1145.0000, -2.0000,  102, 99, 0
L 123.0000, -1145.0000, -2.0000,  86.0000, -1145.0000, -1.0000,  102, 99, 0
L 86.0000, -1145.0000, -1.0000,  86.0000, -1107.0000, -2.0000,  102, 99, 0
L 86.0000, -1107.0000, -2.0000,  99.0000, -1107.0000, -2.0000,  102, 99, 0
L 99.0000, -1107.0000, -2.0000,  99.0000, -1088.0000, -2.0000,  102, 99, 0
L 128.0000, -1009.0000, 45.0000,  128.0000, -1019.0000, 4.0000,  153, 153, 153
L 128.0000, -1019.0000, 4.0000,  150.0000, -1019.0000, 4.0000,  153, 153, 153
L 150.0000, -1019.0000, 4.0000,  150.0000, -1059.0000, 4.0000,  153, 153, 153
L 150.0000, -1059.0000, 4.0000,  156.0000, -1059.0000, 4.0000,  153, 153, 153
L 156.0000, -1059.0000, 4.0000,  157.0000, -1067.0000, 4.0000,  153, 153, 153
L 157.0000, -1067.0000, 4.0000,  159.0000, -1067.0000, 4.0000,  153, 153, 153
L 159.0000, -1067.0000, 4.0000,  159.0000, -1013.0000, 4.0000,  153, 153, 153
L 159.0000, -1013.0000, 4.0000,  218.0000, -1013.0000, 4.0000,  153, 153, 153
L 218.0000, -1013.0000, 4.0000,  218.0000, -1067.0000, 4.0000,  153, 153, 153
L 218.0000, -1067.0000, 4.0000,  220.0000, -1067.0000, 4.0000,  153, 153, 153
L 220.0000, -1067.0000, 4.0000,  221.0000, -1060.0000, 4.0000,  153, 153, 153
L 221.0000, -1060.0000, 4.0000,  227.0000, -1060.0000, 4.0000,  153, 153, 153
L 227.0000, -1060.0000, 4.0000,  227.0000, -1019.0000, 4.0000,  153, 153, 153
L 227.0000, -1019.0000, 4.0000,  249.0000, -1019.0000, 4.0000,  153, 153, 153
L 249.0000, -1019.0000, 4.0000,  249.0000, -1009.0000, 4.0000,  153, 153, 153
L 249.0000, -1009.0000, 4.0000,  227.0000, -1009.0000, 4.0000,  153, 153, 153
L 227.0000, -1009.0000, 4.0000,  227.0000, -1003.0000, 4.0000,  153, 153, 153
L 227.0000, -1003.0000, 4.0000,  220.0000, -1003.0000, 4.0000,  153, 153, 153
L 220.0000, -1003.0000, 4.0000,  220.0000, -996.0000, 4.0000,  153, 153, 153
L 220.0000, -996.0000, 4.0000,  157.0000, -996.0000, 4.0000,  153, 153, 153
L 157.0000, -996.0000, 4.0000,  157.0000, -1002.0000, 4.0000,  153, 153, 153
L 157.0000, -1002.0000, 4.0000,  150.0000, -1002.0000, 4.0000,  153, 153, 153
L 150.0000, -1002.0000, 4.0000,  150.0000, -1009.0000, 4.0000,  153, 153, 153
L 150.0000, -1009.0000, 4.0000,  128.0000, -1009.0000, 4.0000,  153, 153, 153
L 165.0000, -1022.0000, 45.0000,  165.0000, -1065.0000, 4.0000,  153, 153, 153
L 165.0000, -1065.0000, 4.0000,  212.0000, -1065.0000, 4.0000,  153, 153, 153
L 212.0000, -1065.0000, 4.0000,  212.0000, -1022.0000, 4.0000,  153, 153, 153
L 212.0000, -1022.0000, 4.0000,  165.0000, -1022.0000, 4.0000,  153, 153, 153
L 122.0000, -1065.0000, -24.0000,  122.0000, -1075.0000, -2.0000,  0, 0, 0
L 122.0000, -1075.0000, -2.0000,  123.0000, -1075.0000, -2.0000,  0, 0, 0
L 123.0000, -1075.0000, -2.0000,  123.0000, -1065.0000, -2.0000,  0, 0, 0
L 123.0000, -1065.0000, -2.0000,  122.0000, -1065.0000, -2.0000,  0, 0, 0
L 408.0000, -641.0000, -242.0000,  403.0000, -697.0000, -16.0000,  0, 0, 255
L 403.0000, -697.0000, -16.0000,  390.0000, -711.0000, -13.0000,  0, 0, 255
L 390.0000, -711.0000, -13.0000,  310.0000, -711.0000, -15.0000,  0, 0, 255
L 310.0000, -711.0000, -15.0000,  291.0000, -723.0000, -15.0000,  0, 0, 255
L 291.0000, -723.0000, -15.0000,  291.0000, -908.0000, -15.0000,  0, 0, 255
L 291.0000, -908.0000, -15.0000,  280.0000, -934.0000, -14.0000,  0, 0, 255
L 280.0000, -934.0000, -14.0000,  112.0000, -935.0000, -15.0000,  0, 0, 255
L 112.0000, -935.0000, -15.0000,  112.0000, -935.0000, -12.0000,  0, 0, 255
L 112.0000, -935.0000, -12.0000,  110.0000, -933.0000, -11.0000,  0, 0, 255
L 110.0000, -933.0000, -11.0000,  99.0000, -923.0000, -11.0000,  0, 0, 255
L 99.0000, -923.0000, -11.0000,  99.0000, -648.0000, -14.0000,  0, 0, 255
L 99.0000, -648.0000, -14.0000,  87.0000, -628.0000, -14.0000,  0, 0, 255
L 87.0000, -628.0000, -14.0000,  -97.0000, -628.0000, -8.0000,  0, 0, 255
L -97.0000, -628.0000, -8.0000,  -110.0000, -615.0000, -14.0000,  0, 0, 255
L -110.0000, -615.0000, -14.0000,  -110.0000, -505.0000, -13.0000,  0, 0, 255
L -110.0000, -505.0000, -13.0000,  -101.0000, -494.0000, -14.0000,  0, 0, 255
L -101.0000, -494.0000, -14.0000,  133.0000, -492.0000, -14.0000,  0, 0, 255
L 133.0000, -492.0000, -14.0000,  151.0000, -482.0000, -14.0000,  0, 0, 255
L 151.0000, -482.0000, -14.0000,  155.0000, -449.0000, -13.0000,  0, 0, 255
L 155.0000, -449.0000, -13.0000,  167.0000, -437.0000, -14.0000,  0, 0, 255
L 167.0000, -437.0000, -14.0000,  248.0000, -436.0000, -15.0000,  0, 0, 255
L 248.0000, -436.0000, -15.0000,  253.0000, -352.0000, -15.0000,  0, 0, 255
L 253.0000, -352.0000, -15.0000,  241.0000, -337.0000, -17.0000,  0, 0, 255
L 241.0000, -337.0000, -17.0000,  114.0000, -334.0000, -16.0000,  0, 0, 255
L 114.0000, -334.0000, -16.0000,  99.0000, -321.0000, -7.0000,  0, 0, 255
L 99.0000, -321.0000, -7.0000,  99.0000, -226.0000, -16.0000,  0, 0, 255
L 99.0000, -226.0000, -16.0000,  86.0000, -210.0000, -15.0000,  0, 0, 255
L 86.0000, -210.0000, -15.0000,  -41.0000, -208.0000, -14.0000,  0, 0, 255
L -41.0000, -208.0000, -14.0000,  -46.0000, -195.0000, -14.0000,  0, 0, 255
L -46.0000, -195.0000, -14.0000,  -54.0000, -37.0000, -14.0000,  0, 0, 255
L -54.0000, -37.0000, -14.0000,  -63.0000, -17.0000, -14.0000,  0, 0, 255
L -63.0000, -17.0000, -14.0000,  -249.0000, -12.0000, -14.0000,  0, 0, 255
L -249.0000, -12.0000, -14.0000,  -260.0000, -2.0000, -14.0000,  0, 0, 255
L -260.0000, -2.0000, -14.0000,  -264.0000, 39.0000, -14.0000,  0, 0, 255
L -264.0000, 39.0000, -14.0000,  -274.0000, 52.0000, -14.0000,  0, 0, 255
L -274.0000, 52.0000, -14.0000,  -293.0000, 57.0000, -14.0000,  0, 0, 255
P 500.0000, -1200.0000, 0.0000,  255, 255, 0,  2,  Field_of_Bone
P 500.0000, 200.0000, 0.0000,  255, 255, 0,  2,  Swamp_of_No_Hope
P 132.0000, -419.0000, 0.0000,  255, 255, 255,  2,  Court_of_Pain
P 164.0000, -92.0000, 0.0000,  255, 255, 255,  2,  Merchant_Isle
P 193.0000, -981.0000, 0.0000,  255, 255, 255,  2,  Temple_Of_Terror
P -56.0000, -642.0000, 0.0000,  255, 255, 255,  2,  The_Block_(Bank)
P -284.0000, 47.0000, 0.0000,  255, 255, 0,  2,  West_Cabilis
P 125.0000, 521.0000, 0.0000,  255, 255, 255,  2,  Warrior_Guild
P 417.0000, -1362.0000, 0.0000,  255, 255, 255,  2,  Succor_Point
