L -34.0000, -2251.0000, 0.0000,  -32.0000, -2002.0000, 0.0000,  102, 99, 0
L -32.0000, -2002.0000, 0.0000,  116.0000, -1990.0000, 0.0000,  102, 99, 0
L 116.0000, -1990.0000, 0.0000,  158.0000, -2001.0000, 0.0000,  102, 99, 0
L 113.0000, -1990.0000, 0.0000,  171.0000, -1932.0000, 0.0000,  102, 99, 0
L 171.0000, -1932.0000, 0.0000,  167.0000, -1874.0000, 0.0000,  102, 99, 0
L -32.0000, -2002.0000, 0.0000,  -108.0000, -2001.0000, 0.0000,  102, 99, 0
L -108.0000, -2001.0000, 0.0000,  -143.0000, -1956.0000, 0.0000,  102, 99, 0
L -143.0000, -1956.0000, 0.0000,  -167.0000, -1950.0000, 0.0000,  102, 99, 0
L -167.0000, -1950.0000, 0.0000,  -175.0000, -1914.0000, 0.0000,  102, 99, 0
L -175.0000, -1914.0000, 0.0000,  -237.0000, -1872.0000, 0.0000,  102, 99, 0
L -237.0000, -1872.0000, 0.0000,  -232.0000, -1800.0000, 0.0000,  102, 99, 0
L -232.0000, -1800.0000, 0.0000,  -160.0000, -1798.0000, 0.0000,  102, 99, 0
L -160.0000, -1798.0000, 0.0000,  -105.0000, -1728.0000, 0.0000,  102, 99, 0
L -105.0000, -1728.0000, 0.0000,  -43.0000, -1732.0000, 0.0000,  102, 99, 0
L -235.0000, -1800.0000, 0.0000,  -292.0000, -1799.0000, 0.0000,  102, 99, 0
L -101.0000, -1521.0000, 0.0000,  -100.0000, -1457.0000, 0.0000,  102, 99, 0
L -100.0000, -1457.0000, 0.0000,  -142.0000, -1422.0000, 0.0000,  102, 99, 0
L -142.0000, -1422.0000, 0.0000,  -150.0000, -1393.0000, 0.0000,  102, 99, 0
L -150.0000, -1393.0000, 0.0000,  -182.0000, -1392.0000, 0.0000,  102, 99, 0
L -182.0000, -1392.0000, 0.0000,  -202.0000, -1363.0000, 0.0000,  102, 99, 0
L -202.0000, -1363.0000, 0.0000,  -233.0000, -1342.0000, 0.0000,  102, 99, 0
L -233.0000, -1342.0000, 0.0000,  -236.0000, -1076.0000, 0.0000,  102, 99, 0
L -151.0000, -132.0000, 0.0000,  -106.0000, -129.0000, 0.0000,  102, 99, 0
L -106.0000, -129.0000, 0.0000,  -92.0000, -134.0000, 0.0000,  102, 99, 0
L -92.0000, -134.0000, 0.0000,  83.0000, -132.0000, 0.0000,  102, 99, 0
L 179.0000, -65.0000, 0.0000,  240.0000, -66.0000, 0.0000,  102, 99, 0
L 240.0000, -66.0000, 0.0000,  289.0000, 2.0000, 0.0000,  102, 99, 0
L 289.0000, 2.0000, 0.0000,  502.0000, 0.0000, 0.0000,  102, 99, 0
L 502.0000, 0.0000, 0.0000,  549.0000, 57.0000, 0.0000,  102, 99, 0
L 549.0000, 57.0000, 0.0000,  579.0000, 64.0000, 0.0000,  102, 99, 0
L 579.0000, 64.0000, 0.0000,  616.0000, 122.0000, 0.0000,  102, 99, 0
L 616.0000, 122.0000, 0.0000,  646.0000, 130.0000, 0.0000,  102, 99, 0
L 646.0000, 130.0000, 0.0000,  659.0000, 159.0000, 0.0000,  102, 99, 0
L 659.0000, 159.0000, 0.0000,  702.0000, 195.0000, 0.0000,  102, 99, 0
L 702.0000, 195.0000, 0.0000,  697.0000, 673.0000, 0.0000,  102, 99, 0
L 697.0000, 673.0000, 0.0000,  727.0000, 698.0000, 0.0000,  102, 99, 0
L 727.0000, 698.0000, 0.0000,  755.0000, 735.0000, 0.0000,  102, 99, 0
L 755.0000, 735.0000, 0.0000,  838.0000, 733.0000, 0.0000,  102, 99, 0
L 838.0000, 733.0000, 0.0000,  882.0000, 790.0000, 0.0000,  102, 99, 0
L 882.0000, 790.0000, 0.0000,  911.0000, 796.0000, 0.0000,  102, 99, 0
L 911.0000, 796.0000, 0.0000,  953.0000, 857.0000, 0.0000,  102, 99, 0
L 953.0000, 857.0000, 0.0000,  979.0000, 862.0000, 0.0000,  102, 99, 0
L 979.0000, 862.0000, 0.0000,  1017.0000, 925.0000, 0.0000,  102, 99, 0
L 1017.0000, 925.0000, 0.0000,  1047.0000, 931.0000, 0.0000,  102, 99, 0
L 1047.0000, 931.0000, 0.0000,  1090.0000, 1002.0000, 0.0000,  102, 99, 0
L 1090.0000, 1002.0000, 0.0000,  1377.0000, 1000.0000, 0.0000,  102, 99, 0
L 1377.0000, 1000.0000, 0.0000,  1419.0000, 1060.0000, 0.0000,  102, 99, 0
L 1419.0000, 1060.0000, 0.0000,  1449.0000, 1064.0000, 0.0000,  102, 99, 0
L 1449.0000, 1064.0000, 0.0000,  1496.0000, 1136.0000, 0.0000,  102, 99, 0
L 1496.0000, 1136.0000, 0.0000,  1901.0000, 1133.0000, 0.0000,  102, 99, 0
L 1901.0000, 1133.0000, 0.0000,  1901.0000, 876.0000, 0.0000,  102, 99, 0
L 1900.0000, 1131.0000, 0.0000,  2045.0000, 1135.0000, 0.0000,  102, 99, 0
L 2045.0000, 1135.0000, 0.0000,  2069.0000, 1168.0000, 0.0000,  102, 99, 0
L 2069.0000, 1168.0000, 0.0000,  2103.0000, 1195.0000, 0.0000,  102, 99, 0
L 2103.0000, 1195.0000, 0.0000,  2099.0000, 1868.0000, 0.0000,  102, 99, 0
L 2099.0000, 1868.0000, 0.0000,  2182.0000, 1865.0000, 0.0000,  102, 99, 0
L 2182.0000, 1865.0000, 0.0000,  2288.0000, 1868.0000, 0.0000,  102, 99, 0
L 2288.0000, 1868.0000, 0.0000,  2304.0000, 1925.0000, 0.0000,  102, 99, 0
L 2102.0000, 1864.0000, 0.0000,  2046.0000, 1867.0000, 0.0000,  102, 99, 0
L 2046.0000, 1867.0000, 0.0000,  2030.0000, 1924.0000, 0.0000,  102, 99, 0
L 2030.0000, 1924.0000, 0.0000,  2037.0000, 1940.0000, 0.0000,  102, 99, 0
L 2037.0000, 1940.0000, 0.0000,  2028.0000, 1990.0000, 0.0000,  102, 99, 0
L 2028.0000, 1990.0000, 0.0000,  2037.0000, 2010.0000, 0.0000,  102, 99, 0
L 2037.0000, 2010.0000, 0.0000,  2033.0000, 2076.0000, 0.0000,  102, 99, 0
L 2033.0000, 2076.0000, 0.0000,  1992.0000, 2111.0000, 0.0000,  102, 99, 0
L 1992.0000, 2111.0000, 0.0000,  1962.0000, 2119.0000, 0.0000,  102, 99, 0
L 1962.0000, 2119.0000, 0.0000,  1958.0000, 2150.0000, 0.0000,  102, 99, 0
L 1958.0000, 2150.0000, 0.0000,  1912.0000, 2199.0000, 0.0000,  102, 99, 0
L 1912.0000, 2199.0000, 0.0000,  1862.0000, 2202.0000, 0.0000,  102, 99, 0
L 1862.0000, 2202.0000, 0.0000,  1694.0000, 2197.0000, 0.0000,  102, 99, 0
L 1694.0000, 2197.0000, 0.0000,  1641.0000, 2271.0000, 0.0000,  102, 99, 0
L 1641.0000, 2271.0000, 0.0000,  1157.0000, 2266.0000, 0.0000,  102, 99, 0
L 1157.0000, 2266.0000, 0.0000,  1110.0000, 2333.0000, 0.0000,  102, 99, 0
L 1110.0000, 2333.0000, 0.0000,  1036.0000, 2335.0000, 0.0000,  102, 99, 0
L 1036.0000, 2335.0000, 0.0000,  1035.0000, 2390.0000, 0.0000,  102, 99, 0
L 1036.0000, 2333.0000, 0.0000,  959.0000, 2334.0000, 0.0000,  102, 99, 0
L 959.0000, 2334.0000, 0.0000,  913.0000, 2277.0000, 0.0000,  102, 99, 0
L 913.0000, 2277.0000, 0.0000,  901.0000, 2244.0000, 0.0000,  102, 99, 0
L 901.0000, 2244.0000, 0.0000,  861.0000, 2231.0000, 0.0000,  102, 99, 0
L 861.0000, 2231.0000, 0.0000,  850.0000, 2196.0000, 0.0000,  102, 99, 0
L 850.0000, 2196.0000, 0.0000,  820.0000, 2191.0000, 0.0000,  102, 99, 0
L 820.0000, 2191.0000, 0.0000,  794.0000, 2162.0000, 0.0000,  102, 99, 0
L 794.0000, 2162.0000, 0.0000,  784.0000, 2132.0000, 0.0000,  102, 99, 0
L 784.0000, 2132.0000, 0.0000,  772.0000, 2130.0000, 0.0000,  102, 99, 0
L 772.0000, 2130.0000, 0.0000,  709.0000, 2067.0000, 0.0000,  102, 99, 0
L 709.0000, 2067.0000, 0.0000,  428.0000, 2069.0000, 0.0000,  102, 99, 0
L 428.0000, 2069.0000, 0.0000,  373.0000, 1997.0000, 0.0000,  102, 99, 0
L 373.0000, 1997.0000, 0.0000,  24.0000, 2003.0000, 0.0000,  102, 99, 0
L 24.0000, 2003.0000, 0.0000,  -21.0000, 1933.0000, 0.0000,  102, 99, 0
L -21.0000, 1933.0000, 0.0000,  -373.0000, 1932.0000, 0.0000,  102, 99, 0
L -373.0000, 1932.0000, 0.0000,  -425.0000, 2002.0000, 0.0000,  102, 99, 0
L -425.0000, 2002.0000, 0.0000,  -775.0000, 2002.0000, 0.0000,  102, 99, 0
L -775.0000, 2002.0000, 0.0000,  -807.0000, 1960.0000, 0.0000,  102, 99, 0
L -807.0000, 1960.0000, 0.0000,  -816.0000, 1930.0000, 0.0000,  102, 99, 0
L -816.0000, 1930.0000, 0.0000,  -845.0000, 1926.0000, 0.0000,  102, 99, 0
L -845.0000, 1926.0000, 0.0000,  -889.0000, 1869.0000, 0.0000,  102, 99, 0
L -889.0000, 1869.0000, 0.0000,  -961.0000, 1866.0000, 0.0000,  102, 99, 0
L -961.0000, 1866.0000, 0.0000,  -975.0000, 1537.0000, 0.0000,  102, 99, 0
L -975.0000, 1537.0000, 0.0000,  -997.0000, 1534.0000, 0.0000,  102, 99, 0
L -997.0000, 1534.0000, 0.0000,  -1044.0000, 1534.0000, 0.0000,  102, 99, 0
L -1044.0000, 1534.0000, 0.0000,  -1073.0000, 1494.0000, 0.0000,  102, 99, 0
L -1073.0000, 1494.0000, 0.0000,  -1083.0000, 1461.0000, 0.0000,  102, 99, 0
L -1083.0000, 1461.0000, 0.0000,  -1114.0000, 1458.0000, 0.0000,  102, 99, 0
L -1114.0000, 1458.0000, 0.0000,  -1155.0000, 1399.0000, 0.0000,  102, 99, 0
L -1155.0000, 1399.0000, 0.0000,  -1221.0000, 1399.0000, 0.0000,  102, 99, 0
L -967.0000, 1871.0000, 0.0000,  -1374.0000, 1869.0000, 0.0000,  102, 99, 0
L -1374.0000, 1869.0000, 0.0000,  -1423.0000, 1798.0000, 0.0000,  102, 99, 0
L -1423.0000, 1798.0000, 0.0000,  -1911.0000, 1798.0000, 0.0000,  102, 99, 0
L -1911.0000, 1798.0000, 0.0000,  -1938.0000, 1762.0000, 0.0000,  102, 99, 0
L -1938.0000, 1762.0000, 0.0000,  -1950.0000, 1728.0000, 0.0000,  102, 99, 0
L -1950.0000, 1728.0000, 0.0000,  -1981.0000, 1727.0000, 0.0000,  102, 99, 0
L -1981.0000, 1727.0000, 0.0000,  -1991.0000, 1712.0000, 0.0000,  102, 99, 0
L -1991.0000, 1712.0000, 0.0000,  -2016.0000, 1663.0000, 0.0000,  102, 99, 0
L -2016.0000, 1663.0000, 0.0000,  -2049.0000, 1659.0000, 0.0000,  102, 99, 0
L -2049.0000, 1659.0000, 0.0000,  -2090.0000, 1598.0000, 0.0000,  102, 99, 0
L -2090.0000, 1598.0000, 0.0000,  -2240.0000, 1604.0000, 0.0000,  102, 99, 0
L -2240.0000, 1604.0000, 0.0000,  -2293.0000, 1529.0000, 0.0000,  102, 99, 0
L -2293.0000, 1529.0000, 0.0000,  -2354.0000, 1531.0000, 0.0000,  102, 99, 0
L -2646.0000, 1650.0000, 0.0000,  -2619.0000, 1632.0000, 0.0000,  0, 153, 153
L -2619.0000, 1632.0000, 0.0000,  -2632.0000, 1602.0000, 0.0000,  0, 153, 153
L -2632.0000, 1602.0000, 0.0000,  -2621.0000, 1573.0000, 0.0000,  0, 153, 153
L -2621.0000, 1573.0000, 0.0000,  -2607.0000, 1581.0000, 0.0000,  0, 153, 153
L -2607.0000, 1581.0000, 0.0000,  -2497.0000, 1616.0000, 0.0000,  0, 153, 153
L -2497.0000, 1616.0000, 0.0000,  -2473.0000, 2209.0000, 0.0000,  0, 153, 153
L -2473.0000, 2209.0000, 0.0000,  -2465.0000, 2421.0000, 0.0000,  0, 153, 153
L -2465.0000, 2421.0000, 0.0000,  958.0000, 2464.0000, 0.0000,  0, 153, 153
L 958.0000, 2464.0000, 0.0000,  1027.0000, 2577.0000, 0.0000,  0, 153, 153
L 1027.0000, 2577.0000, 0.0000,  1099.0000, 2608.0000, 0.0000,  0, 153, 153
L 1099.0000, 2608.0000, 0.0000,  1099.0000, 2620.0000, 0.0000,  0, 153, 153
L 1126.0000, 2618.0000, 0.0000,  1125.0000, 2602.0000, 0.0000,  0, 153, 153
L 1125.0000, 2602.0000, 0.0000,  1051.0000, 2564.0000, 0.0000,  0, 153, 153
L 1051.0000, 2564.0000, 0.0000,  1045.0000, 2533.0000, 0.0000,  0, 153, 153
L 1045.0000, 2533.0000, 0.0000,  1196.0000, 2462.0000, 0.0000,  0, 153, 153
L 1196.0000, 2462.0000, 0.0000,  2341.0000, 2433.0000, 0.0000,  0, 153, 153
L 2341.0000, 2433.0000, 0.0000,  2389.0000, 2432.0000, 0.0000,  0, 153, 153
L 2389.0000, 2432.0000, 0.0000,  2388.0000, 2164.0000, 0.0000,  0, 153, 153
L 2388.0000, 2164.0000, 0.0000,  2363.0000, 2162.0000, 0.0000,  0, 153, 153
L 2363.0000, 2162.0000, 0.0000,  2368.0000, 2012.0000, 0.0000,  0, 153, 153
L 2368.0000, 2012.0000, 0.0000,  2355.0000, 2010.0000, 0.0000,  0, 153, 153
L 2355.0000, 2010.0000, 0.0000,  2357.0000, 2004.0000, 0.0000,  0, 153, 153
L 2357.0000, 2004.0000, 0.0000,  2399.0000, 2005.0000, 0.0000,  0, 153, 153
L 2399.0000, 2005.0000, 0.0000,  2400.0000, 2024.0000, 0.0000,  0, 153, 153
L 2400.0000, 2024.0000, 0.0000,  2510.0000, 2013.0000, 0.0000,  0, 153, 153
L 2510.0000, 2013.0000, 0.0000,  2607.0000, 2012.0000, 0.0000,  0, 153, 153
L 2607.0000, 2012.0000, 0.0000,  2607.0000, 1943.0000, 0.0000,  0, 153, 153
L 2607.0000, 1943.0000, 0.0000,  2630.0000, 1943.0000, 0.0000,  0, 153, 153
L 2630.0000, 1918.0000, 0.0000,  2582.0000, 1918.0000, 0.0000,  0, 153, 153
L 2582.0000, 1918.0000, 0.0000,  2582.0000, 1987.0000, 0.0000,  0, 153, 153
L 2582.0000, 1987.0000, 0.0000,  2509.0000, 1988.0000, 0.0000,  0, 153, 153
L 2509.0000, 1988.0000, 0.0000,  2402.0000, 1975.0000, 0.0000,  0, 153, 153
L 2402.0000, 1975.0000, 0.0000,  2402.0000, 1975.0000, 0.0000,  0, 153, 153
L 2402.0000, 1975.0000, 0.0000,  2401.0000, 1996.0000, 0.0000,  0, 153, 153
L 2401.0000, 1996.0000, 0.0000,  2401.0000, 1996.0000, 0.0000,  0, 153, 153
L 2401.0000, 1996.0000, 0.0000,  2357.0000, 1994.0000, 0.0000,  0, 153, 153
L 2357.0000, 1994.0000, 0.0000,  2357.0000, 1986.0000, 0.0000,  0, 153, 153
L 2357.0000, 1986.0000, 0.0000,  2369.0000, 1986.0000, 0.0000,  0, 153, 153
L 2369.0000, 1986.0000, 0.0000,  2370.0000, 1972.0000, 0.0000,  0, 153, 153
L 2370.0000, 1972.0000, 0.0000,  2378.0000, 1839.0000, 0.0000,  0, 153, 153
L 2378.0000, 1839.0000, 0.0000,  2385.0000, 1839.0000, 0.0000,  0, 153, 153
L 2385.0000, 1839.0000, 0.0000,  2405.0000, -2460.0000, 0.0000,  0, 153, 153
L 2405.0000, -2460.0000, 0.0000,  799.0000, -2424.0000, 0.0000,  0, 153, 153
L 799.0000, -2424.0000, 0.0000,  0.0000, -2407.0000, 0.0000,  0, 153, 153
L 0.0000, -2407.0000, 0.0000,  -4.0000, -2507.0000, 0.0000,  0, 153, 153
L -4.0000, -2507.0000, 0.0000,  72.0000, -2508.0000, 0.0000,  0, 153, 153
L 72.0000, -2508.0000, 0.0000,  72.0000, -2607.0000, 0.0000,  0, 153, 153
L 31.0000, -2607.0000, 0.0000,  31.0000, -2557.0000, 0.0000,  0, 153, 153
L 31.0000, -2557.0000, 0.0000,  -39.0000, -2556.0000, 0.0000,  0, 153, 153
L -39.0000, -2556.0000, 0.0000,  -65.0000, -2368.0000, 0.0000,  0, 153, 153
L -65.0000, -2368.0000, 0.0000,  -66.0000, -2413.0000, 0.0000,  0, 153, 153
L -66.0000, -2413.0000, 0.0000,  -1030.0000, -2423.0000, 0.0000,  0, 153, 153
L -1030.0000, -2423.0000, 0.0000,  -2475.0000, -2438.0000, 0.0000,  0, 153, 153
L -2475.0000, -2438.0000, 0.0000,  -2503.0000, 1469.0000, 0.0000,  0, 153, 153
L -2503.0000, 1469.0000, 0.0000,  -2644.0000, 1564.0000, 0.0000,  0, 153, 153
L -2644.0000, 1564.0000, 0.0000,  -2660.0000, 1599.0000, 0.0000,  0, 153, 153
L -2660.0000, 1599.0000, 0.0000,  -2643.0000, 1624.0000, 0.0000,  0, 153, 153
L -2643.0000, 1624.0000, 0.0000,  -2677.0000, 1636.0000, 0.0000,  0, 153, 153
L -213.0000, -147.0000, -1.0000,  -242.0000, -148.0000, -7.0000,  153, 153, 153
L -242.0000, -148.0000, -7.0000,  -241.0000, -126.0000, -7.0000,  153, 153, 153
L -241.0000, -126.0000, -7.0000,  -211.0000, -127.0000, -7.0000,  153, 153, 153
L -211.0000, -127.0000, -7.0000,  -213.0000, -147.0000, -2.0000,  153, 153, 153
L -271.0000, -106.0000, 770.0000,  -315.0000, -63.0000, 770.0000,  153, 153, 153
L -315.0000, -63.0000, 770.0000,  -380.0000, -62.0000, 770.0000,  153, 153, 153
L -380.0000, -62.0000, 770.0000,  -426.0000, -110.0000, 770.0000,  153, 153, 153
L -426.0000, -110.0000, 770.0000,  -426.0000, -169.0000, 770.0000,  153, 153, 153
L -426.0000, -169.0000, 770.0000,  -381.0000, -215.0000, 770.0000,  153, 153, 153
L -381.0000, -215.0000, 770.0000,  -317.0000, -215.0000, 770.0000,  153, 153, 153
L -317.0000, -215.0000, 770.0000,  -272.0000, -171.0000, 770.0000,  153, 153, 153
L -272.0000, -171.0000, 770.0000,  -273.0000, -105.0000, 770.0000,  153, 153, 153
L -286.0000, -90.0000, 770.0000,  -168.0000, 26.0000, 770.0000,  153, 153, 153
L -181.0000, 36.0000, 770.0000,  -297.0000, -78.0000, 770.0000,  153, 153, 153
L -152.0000, 8.0000, 770.0000,  -88.0000, 8.0000, 770.0000,  153, 153, 153
L -88.0000, 8.0000, 770.0000,  -44.0000, 52.0000, 770.0000,  153, 153, 153
L -44.0000, 52.0000, 770.0000,  -43.0000, 115.0000, 770.0000,  153, 153, 153
L -43.0000, 115.0000, 770.0000,  -86.0000, 160.0000, 770.0000,  153, 153, 153
L -86.0000, 160.0000, 770.0000,  -149.0000, 162.0000, 770.0000,  153, 153, 153
L -149.0000, 162.0000, 770.0000,  -195.0000, 119.0000, 770.0000,  153, 153, 153
L -195.0000, 119.0000, 770.0000,  -199.0000, 91.0000, 770.0000,  153, 153, 153
L -199.0000, 91.0000, 770.0000,  -213.0000, 104.0000, 770.0000,  153, 153, 153
L -213.0000, 104.0000, 770.0000,  -266.0000, 106.0000, 770.0000,  153, 153, 153
L -266.0000, 106.0000, 770.0000,  -282.0000, 92.0000, 770.0000,  153, 153, 153
L -282.0000, 92.0000, 770.0000,  -282.0000, 75.0000, 770.0000,  153, 153, 153
L -282.0000, 75.0000, 770.0000,  -272.0000, 64.0000, 770.0000,  153, 153, 153
L -272.0000, 64.0000, 770.0000,  -216.0000, 62.0000, 770.0000,  153, 153, 153
L -216.0000, 62.0000, 770.0000,  -201.0000, 75.0000, 770.0000,  153, 153, 153
L -201.0000, 75.0000, 770.0000,  -196.0000, 54.0000, 770.0000,  153, 153, 153
L -196.0000, 54.0000, 770.0000,  -154.0000, 10.0000, 770.0000,  153, 153, 153
L -159.0000, 155.0000, 770.0000,  -215.0000, 211.0000, 763.0000,  153, 153, 153
L -228.0000, 202.0000, 770.0000,  -172.0000, 147.0000, 764.0000,  153, 153, 153
L -217.0000, 215.0000, 770.0000,  -213.0000, 220.0000, 770.0000,  153, 153, 153
L -213.0000, 220.0000, 770.0000,  -210.0000, 250.0000, 770.0000,  153, 153, 153
L -210.0000, 250.0000, 770.0000,  -270.0000, 311.0000, 770.0000,  153, 153, 153
L -270.0000, 311.0000, 770.0000,  -302.0000, 311.0000, 770.0000,  153, 153, 153
L -302.0000, 311.0000, 770.0000,  -325.0000, 290.0000, 770.0000,  153, 153, 153
L -325.0000, 290.0000, 770.0000,  -328.0000, 261.0000, 770.0000,  153, 153, 153
L -328.0000, 261.0000, 770.0000,  -266.0000, 197.0000, 770.0000,  153, 153, 153
L -266.0000, 197.0000, 770.0000,  -237.0000, 198.0000, 770.0000,  153, 153, 153
L -237.0000, 198.0000, 770.0000,  -215.0000, 217.0000, 770.0000,  153, 153, 153
L -44.0000, 81.0000, 770.0000,  54.0000, 81.0000, 765.0000,  153, 153, 153
L 57.0000, 98.0000, 770.0000,  -40.0000, 98.0000, 765.0000,  153, 153, 153
L 59.0000, 57.0000, 770.0000,  102.0000, 11.0000, 770.0000,  153, 153, 153
L 102.0000, 11.0000, 770.0000,  165.0000, 9.0000, 770.0000,  153, 153, 153
L 165.0000, 9.0000, 770.0000,  212.0000, 54.0000, 770.0000,  153, 153, 153
L 212.0000, 54.0000, 770.0000,  228.0000, 42.0000, 757.0000,  153, 153, 153
L 228.0000, 42.0000, 757.0000,  245.0000, 42.0000, 757.0000,  153, 153, 153
L 245.0000, 42.0000, 757.0000,  258.0000, 54.0000, 757.0000,  153, 153, 153
L 258.0000, 54.0000, 757.0000,  258.0000, 71.0000, 757.0000,  153, 153, 153
L 258.0000, 71.0000, 757.0000,  246.0000, 84.0000, 757.0000,  153, 153, 153
L 246.0000, 84.0000, 757.0000,  228.0000, 83.0000, 757.0000,  153, 153, 153
L 228.0000, 83.0000, 757.0000,  214.0000, 71.0000, 769.0000,  153, 153, 153
L 214.0000, 71.0000, 769.0000,  212.0000, 98.0000, 770.0000,  153, 153, 153
L 212.0000, 98.0000, 770.0000,  227.0000, 89.0000, 757.0000,  153, 153, 153
L 227.0000, 89.0000, 757.0000,  244.0000, 88.0000, 757.0000,  153, 153, 153
L 244.0000, 88.0000, 757.0000,  256.0000, 98.0000, 757.0000,  153, 153, 153
L 256.0000, 98.0000, 757.0000,  258.0000, 115.0000, 757.0000,  153, 153, 153
L 258.0000, 115.0000, 757.0000,  246.0000, 129.0000, 757.0000,  153, 153, 153
L 246.0000, 129.0000, 757.0000,  229.0000, 130.0000, 757.0000,  153, 153, 153
L 229.0000, 130.0000, 757.0000,  215.0000, 118.0000, 757.0000,  153, 153, 153
L 215.0000, 118.0000, 757.0000,  168.0000, 161.0000, 770.0000,  153, 153, 153
L 168.0000, 161.0000, 770.0000,  108.0000, 162.0000, 770.0000,  153, 153, 153
L 108.0000, 162.0000, 770.0000,  62.0000, 122.0000, 770.0000,  153, 153, 153
L 62.0000, 122.0000, 770.0000,  58.0000, 60.0000, 770.0000,  153, 153, 153
L 120.0000, 81.0000, 770.0000,  125.0000, 99.0000, 770.0000,  153, 153, 153
L 125.0000, 99.0000, 770.0000,  145.0000, 100.0000, 770.0000,  153, 153, 153
L 145.0000, 100.0000, 770.0000,  152.0000, 82.0000, 770.0000,  153, 153, 153
L 152.0000, 82.0000, 770.0000,  137.0000, 70.0000, 770.0000,  153, 153, 153
L 137.0000, 70.0000, 770.0000,  120.0000, 81.0000, 770.0000,  153, 153, 153
L -103.0000, 93.0000, 770.0000,  -109.0000, 74.0000, 770.0000,  153, 153, 153
L -109.0000, 74.0000, 770.0000,  -129.0000, 71.0000, 770.0000,  153, 153, 153
L -129.0000, 71.0000, 770.0000,  -137.0000, 91.0000, 770.0000,  153, 153, 153
L -137.0000, 91.0000, 770.0000,  -123.0000, 103.0000, 770.0000,  153, 153, 153
L -123.0000, 103.0000, 770.0000,  -105.0000, 93.0000, 770.0000,  153, 153, 153
L -336.0000, -124.0000, 770.0000,  -331.0000, -142.0000, 770.0000,  153, 153, 153
L -331.0000, -142.0000, 770.0000,  -348.0000, -154.0000, 770.0000,  153, 153, 153
L -348.0000, -154.0000, 770.0000,  -363.0000, -142.0000, 770.0000,  153, 153, 153
L -363.0000, -142.0000, 770.0000,  -357.0000, -124.0000, 770.0000,  153, 153, 153
L -357.0000, -124.0000, 770.0000,  -337.0000, -125.0000, 770.0000,  153, 153, 153
L 80.0000, 137.0000, 770.0000,  0.0000, 220.0000, 1164.0000,  153, 153, 153
L -16.0000, 211.0000, 1175.0000,  65.0000, 129.0000, 776.0000,  153, 153, 153
L 5.0000, 233.0000, 1175.0000,  5.0000, 290.0000, 1175.0000,  153, 153, 153
L 5.0000, 290.0000, 1175.0000,  -32.0000, 333.0000, 1175.0000,  153, 153, 153
L -32.0000, 333.0000, 1175.0000,  -90.0000, 336.0000, 1175.0000,  153, 153, 153
L -90.0000, 336.0000, 1175.0000,  -106.0000, 326.0000, 1175.0000,  153, 153, 153
L -106.0000, 326.0000, 1175.0000,  -110.0000, 342.0000, 1175.0000,  153, 153, 153
L -110.0000, 342.0000, 1175.0000,  -147.0000, 383.0000, 1175.0000,  153, 153, 153
L -147.0000, 383.0000, 1175.0000,  -167.0000, 383.0000, 1175.0000,  153, 153, 153
L -167.0000, 383.0000, 1175.0000,  -179.0000, 371.0000, 1175.0000,  153, 153, 153
L -179.0000, 371.0000, 1175.0000,  -180.0000, 355.0000, 1175.0000,  153, 153, 153
L -180.0000, 355.0000, 1175.0000,  -138.0000, 314.0000, 1175.0000,  153, 153, 153
L -138.0000, 314.0000, 1175.0000,  -123.0000, 314.0000, 1175.0000,  153, 153, 153
L -123.0000, 314.0000, 1175.0000,  -133.0000, 296.0000, 1175.0000,  153, 153, 153
L -133.0000, 296.0000, 1175.0000,  -136.0000, 238.0000, 1175.0000,  153, 153, 153
L -136.0000, 238.0000, 1175.0000,  -123.0000, 220.0000, 1175.0000,  153, 153, 153
L -123.0000, 220.0000, 1175.0000,  -141.0000, 217.0000, 1175.0000,  153, 153, 153
L -141.0000, 217.0000, 1175.0000,  -153.0000, 207.0000, 1175.0000,  153, 153, 153
L -153.0000, 207.0000, 1175.0000,  -155.0000, 190.0000, 1175.0000,  153, 153, 153
L -155.0000, 190.0000, 1175.0000,  -145.0000, 177.0000, 1175.0000,  153, 153, 153
L -145.0000, 177.0000, 1175.0000,  -126.0000, 175.0000, 1175.0000,  153, 153, 153
L -126.0000, 175.0000, 1175.0000,  -114.0000, 186.0000, 1175.0000,  153, 153, 153
L -114.0000, 186.0000, 1175.0000,  -113.0000, 205.0000, 1175.0000,  153, 153, 153
L -113.0000, 205.0000, 1175.0000,  -96.0000, 195.0000, 1175.0000,  153, 153, 153
L -96.0000, 195.0000, 1175.0000,  -38.0000, 193.0000, 1175.0000,  153, 153, 153
L -38.0000, 193.0000, 1175.0000,  2.0000, 231.0000, 1175.0000,  153, 153, 153
L -51.0000, 258.0000, 1175.0000,  -67.0000, 248.0000, 1175.0000,  153, 153, 153
L -67.0000, 248.0000, 1175.0000,  -82.0000, 259.0000, 1175.0000,  153, 153, 153
L -82.0000, 259.0000, 1175.0000,  -78.0000, 277.0000, 1175.0000,  153, 153, 153
L -78.0000, 277.0000, 1175.0000,  -59.0000, 278.0000, 1175.0000,  153, 153, 153
L -59.0000, 278.0000, 1175.0000,  -52.0000, 260.0000, 1175.0000,  153, 153, 153
L -57.0000, 334.0000, 1175.0000,  -56.0000, 425.0000, 1605.0000,  153, 153, 153
L -74.0000, 426.0000, 1610.0000,  -74.0000, 338.0000, 1180.0000,  153, 153, 153
L -43.0000, 427.0000, 1610.0000,  -8.0000, 460.0000, 1610.0000,  153, 153, 153
L -8.0000, 460.0000, 1610.0000,  -6.0000, 507.0000, 1610.0000,  153, 153, 153
L -6.0000, 507.0000, 1610.0000,  -38.0000, 544.0000, 1610.0000,  153, 153, 153
L -38.0000, 544.0000, 1610.0000,  -51.0000, 546.0000, 1610.0000,  153, 153, 153
L -51.0000, 546.0000, 1610.0000,  -41.0000, 562.0000, 1610.0000,  153, 153, 153
L -41.0000, 562.0000, 1610.0000,  -41.0000, 578.0000, 1610.0000,  153, 153, 153
L -41.0000, 578.0000, 1610.0000,  -52.0000, 591.0000, 1610.0000,  153, 153, 153
L -52.0000, 591.0000, 1610.0000,  -70.0000, 593.0000, 1610.0000,  153, 153, 153
L -70.0000, 593.0000, 1610.0000,  -84.0000, 580.0000, 1610.0000,  153, 153, 153
L -84.0000, 580.0000, 1610.0000,  -83.0000, 563.0000, 1610.0000,  153, 153, 153
L -83.0000, 563.0000, 1610.0000,  -70.0000, 550.0000, 1610.0000,  153, 153, 153
L -70.0000, 550.0000, 1610.0000,  -86.0000, 545.0000, 1610.0000,  153, 153, 153
L -86.0000, 545.0000, 1610.0000,  -122.0000, 512.0000, 1610.0000,  153, 153, 153
L -122.0000, 512.0000, 1610.0000,  -124.0000, 497.0000, 1610.0000,  153, 153, 153
L -124.0000, 497.0000, 1610.0000,  -139.0000, 506.0000, 1610.0000,  153, 153, 153
L -139.0000, 506.0000, 1610.0000,  -157.0000, 506.0000, 1610.0000,  153, 153, 153
L -157.0000, 506.0000, 1610.0000,  -169.0000, 495.0000, 1610.0000,  153, 153, 153
L -169.0000, 495.0000, 1610.0000,  -171.0000, 479.0000, 1610.0000,  153, 153, 153
L -171.0000, 479.0000, 1610.0000,  -160.0000, 466.0000, 1610.0000,  153, 153, 153
L -160.0000, 466.0000, 1610.0000,  -142.0000, 464.0000, 1610.0000,  153, 153, 153
L -142.0000, 464.0000, 1610.0000,  -128.0000, 475.0000, 1610.0000,  153, 153, 153
L -128.0000, 475.0000, 1610.0000,  -125.0000, 465.0000, 1610.0000,  153, 153, 153
L -125.0000, 465.0000, 1610.0000,  -93.0000, 432.0000, 1610.0000,  153, 153, 153
L -93.0000, 432.0000, 1610.0000,  -47.0000, 428.0000, 1610.0000,  153, 153, 153
L -57.0000, 473.0000, 1610.0000,  -74.0000, 472.0000, 1610.0000,  153, 153, 153
L -74.0000, 472.0000, 1610.0000,  -82.0000, 487.0000, 1610.0000,  153, 153, 153
L -82.0000, 487.0000, 1610.0000,  -71.0000, 500.0000, 1610.0000,  153, 153, 153
L -71.0000, 500.0000, 1610.0000,  -54.0000, 493.0000, 1610.0000,  153, 153, 153
L -54.0000, 493.0000, 1610.0000,  -56.0000, 476.0000, 1610.0000,  153, 153, 153
L 140.0000, 163.0000, 770.0000,  141.0000, 264.0000, 770.0000,  153, 153, 153
L 125.0000, 265.0000, 770.0000,  124.0000, 165.0000, 769.0000,  153, 153, 153
L 163.0000, 267.0000, 770.0000,  209.0000, 310.0000, 770.0000,  153, 153, 153
L 209.0000, 310.0000, 770.0000,  210.0000, 373.0000, 770.0000,  153, 153, 153
L 210.0000, 373.0000, 770.0000,  163.0000, 419.0000, 770.0000,  153, 153, 153
L 163.0000, 419.0000, 770.0000,  103.0000, 420.0000, 770.0000,  153, 153, 153
L 103.0000, 420.0000, 770.0000,  58.0000, 376.0000, 770.0000,  153, 153, 153
L 58.0000, 376.0000, 770.0000,  55.0000, 347.0000, 770.0000,  153, 153, 153
L 55.0000, 347.0000, 770.0000,  41.0000, 359.0000, 770.0000,  153, 153, 153
L 41.0000, 359.0000, 770.0000,  23.0000, 360.0000, 770.0000,  153, 153, 153
L 23.0000, 360.0000, 770.0000,  11.0000, 348.0000, 770.0000,  153, 153, 153
L 11.0000, 348.0000, 770.0000,  10.0000, 329.0000, 770.0000,  153, 153, 153
L 10.0000, 329.0000, 770.0000,  22.0000, 318.0000, 770.0000,  153, 153, 153
L 22.0000, 318.0000, 770.0000,  40.0000, 318.0000, 772.0000,  153, 153, 153
L 40.0000, 318.0000, 772.0000,  53.0000, 329.0000, 770.0000,  153, 153, 153
L 53.0000, 329.0000, 770.0000,  57.0000, 314.0000, 770.0000,  153, 153, 153
L 57.0000, 314.0000, 770.0000,  100.0000, 267.0000, 770.0000,  153, 153, 153
L 100.0000, 267.0000, 770.0000,  162.0000, 266.0000, 770.0000,  153, 153, 153
L 146.0000, 331.0000, 770.0000,  126.0000, 329.0000, 770.0000,  153, 153, 153
L 126.0000, 329.0000, 770.0000,  117.0000, 346.0000, 770.0000,  153, 153, 153
L 117.0000, 346.0000, 770.0000,  132.0000, 360.0000, 770.0000,  153, 153, 153
L 132.0000, 360.0000, 770.0000,  148.0000, 352.0000, 770.0000,  153, 153, 153
L 148.0000, 352.0000, 770.0000,  145.0000, 332.0000, 770.0000,  153, 153, 153
L 184.0000, 285.0000, 770.0000,  241.0000, 228.0000, 768.0000,  153, 153, 153
L 254.0000, 238.0000, 771.0000,  197.0000, 295.0000, 770.0000,  153, 153, 153
L 243.0000, 226.0000, 771.0000,  242.0000, 210.0000, 771.0000,  153, 153, 153
L 242.0000, 210.0000, 771.0000,  281.0000, 169.0000, 771.0000,  153, 153, 153
L 281.0000, 169.0000, 771.0000,  300.0000, 168.0000, 771.0000,  153, 153, 153
L 300.0000, 168.0000, 771.0000,  313.0000, 181.0000, 784.0000,  153, 153, 153
L 313.0000, 181.0000, 784.0000,  313.0000, 198.0000, 771.0000,  153, 153, 153
L 313.0000, 198.0000, 771.0000,  274.0000, 238.0000, 771.0000,  153, 153, 153
L 274.0000, 238.0000, 771.0000,  253.0000, 238.0000, 771.0000,  153, 153, 153
L 253.0000, 238.0000, 771.0000,  243.0000, 226.0000, 771.0000,  153, 153, 153
L 208.0000, 332.0000, 770.0000,  329.0000, 331.0000, 1175.0000,  153, 153, 153
L 329.0000, 350.0000, 1175.0000,  211.0000, 349.0000, 772.0000,  153, 153, 153
L 330.0000, 316.0000, 1175.0000,  343.0000, 302.0000, 1175.0000,  153, 153, 153
L 343.0000, 302.0000, 1175.0000,  324.0000, 300.0000, 1175.0000,  153, 153, 153
L 324.0000, 300.0000, 1175.0000,  311.0000, 287.0000, 1175.0000,  153, 153, 153
L 311.0000, 287.0000, 1175.0000,  312.0000, 269.0000, 1175.0000,  153, 153, 153
L 312.0000, 269.0000, 1175.0000,  323.0000, 257.0000, 1175.0000,  153, 153, 153
L 323.0000, 257.0000, 1175.0000,  341.0000, 256.0000, 1175.0000,  153, 153, 153
L 341.0000, 256.0000, 1175.0000,  353.0000, 269.0000, 1175.0000,  153, 153, 153
L 353.0000, 269.0000, 1175.0000,  354.0000, 286.0000, 1175.0000,  153, 153, 153
L 354.0000, 286.0000, 1175.0000,  371.0000, 276.0000, 1175.0000,  153, 153, 153
L 371.0000, 276.0000, 1175.0000,  413.0000, 273.0000, 1175.0000,  153, 153, 153
L 413.0000, 273.0000, 1175.0000,  401.0000, 257.0000, 1175.0000,  153, 153, 153
L 401.0000, 257.0000, 1175.0000,  400.0000, 203.0000, 1175.0000,  153, 153, 153
L 400.0000, 203.0000, 1175.0000,  413.0000, 188.0000, 1175.0000,  153, 153, 153
L 413.0000, 188.0000, 1175.0000,  432.0000, 189.0000, 1175.0000,  153, 153, 153
L 432.0000, 189.0000, 1175.0000,  442.0000, 201.0000, 1175.0000,  153, 153, 153
L 442.0000, 201.0000, 1175.0000,  444.0000, 256.0000, 1175.0000,  153, 153, 153
L 444.0000, 256.0000, 1175.0000,  431.0000, 271.0000, 1175.0000,  153, 153, 153
L 431.0000, 271.0000, 1175.0000,  473.0000, 315.0000, 1175.0000,  153, 153, 153
L 473.0000, 315.0000, 1175.0000,  474.0000, 374.0000, 1175.0000,  153, 153, 153
L 474.0000, 374.0000, 1175.0000,  433.0000, 417.0000, 1175.0000,  153, 153, 153
L 433.0000, 417.0000, 1175.0000,  373.0000, 418.0000, 1175.0000,  153, 153, 153
L 373.0000, 418.0000, 1175.0000,  332.0000, 378.0000, 1175.0000,  153, 153, 153
L 332.0000, 378.0000, 1175.0000,  330.0000, 317.0000, 1175.0000,  153, 153, 153
L 384.0000, 341.0000, 1175.0000,  390.0000, 359.0000, 1175.0000,  153, 153, 153
L 390.0000, 359.0000, 1175.0000,  409.0000, 359.0000, 1175.0000,  153, 153, 153
L 409.0000, 359.0000, 1175.0000,  415.0000, 342.0000, 1175.0000,  153, 153, 153
L 415.0000, 342.0000, 1175.0000,  399.0000, 330.0000, 1175.0000,  153, 153, 153
L 399.0000, 330.0000, 1175.0000,  384.0000, 341.0000, 1175.0000,  153, 153, 153
L 446.0000, 289.0000, 1175.0000,  511.0000, 225.0000, 1611.0000,  153, 153, 153
L 525.0000, 236.0000, 1610.0000,  458.0000, 302.0000, 1175.0000,  153, 153, 153
L 506.0000, 215.0000, 1610.0000,  504.0000, 167.0000, 1610.0000,  153, 153, 153
L 504.0000, 167.0000, 1610.0000,  536.0000, 133.0000, 1610.0000,  153, 153, 153
L 536.0000, 133.0000, 1610.0000,  552.0000, 130.0000, 1610.0000,  153, 153, 153
L 552.0000, 130.0000, 1610.0000,  541.0000, 113.0000, 1610.0000,  153, 153, 153
L 541.0000, 113.0000, 1610.0000,  542.0000, 96.0000, 1610.0000,  153, 153, 153
L 542.0000, 96.0000, 1610.0000,  555.0000, 85.0000, 1610.0000,  153, 153, 153
L 555.0000, 85.0000, 1610.0000,  572.0000, 83.0000, 1610.0000,  153, 153, 153
L 572.0000, 83.0000, 1610.0000,  584.0000, 95.0000, 1610.0000,  153, 153, 153
L 584.0000, 95.0000, 1610.0000,  584.0000, 113.0000, 1610.0000,  153, 153, 153
L 584.0000, 113.0000, 1610.0000,  571.0000, 128.0000, 1610.0000,  153, 153, 153
L 571.0000, 128.0000, 1610.0000,  589.0000, 128.0000, 1609.0000,  153, 153, 153
L 589.0000, 128.0000, 1609.0000,  621.0000, 163.0000, 1610.0000,  153, 153, 153
L 621.0000, 163.0000, 1610.0000,  621.0000, 211.0000, 1610.0000,  153, 153, 153
L 621.0000, 211.0000, 1610.0000,  588.0000, 247.0000, 1610.0000,  153, 153, 153
L 588.0000, 247.0000, 1610.0000,  541.0000, 247.0000, 1610.0000,  153, 153, 153
L 541.0000, 247.0000, 1610.0000,  505.0000, 214.0000, 1610.0000,  153, 153, 153
L 545.0000, 189.0000, 1610.0000,  558.0000, 202.0000, 1610.0000,  153, 153, 153
L 558.0000, 202.0000, 1610.0000,  574.0000, 194.0000, 1610.0000,  153, 153, 153
L 574.0000, 194.0000, 1610.0000,  572.0000, 178.0000, 1610.0000,  153, 153, 153
L 572.0000, 178.0000, 1610.0000,  555.0000, 173.0000, 1610.0000,  153, 153, 153
L 555.0000, 173.0000, 1610.0000,  546.0000, 189.0000, 1610.0000,  153, 153, 153
L 569.0000, 250.0000, 1619.0000,  569.0000, 370.0000, 1610.0000,  153, 153, 153
L 552.0000, 369.0000, 1617.0000,  552.0000, 250.0000, 1608.0000,  153, 153, 153
L 583.0000, 371.0000, 1610.0000,  596.0000, 380.0000, 1610.0000,  153, 153, 153
L 596.0000, 380.0000, 1610.0000,  596.0000, 361.0000, 1610.0000,  153, 153, 153
L 596.0000, 361.0000, 1610.0000,  607.0000, 348.0000, 1610.0000,  153, 153, 153
L 607.0000, 348.0000, 1610.0000,  624.0000, 347.0000, 1610.0000,  153, 153, 153
L 624.0000, 347.0000, 1610.0000,  638.0000, 360.0000, 1610.0000,  153, 153, 153
L 638.0000, 360.0000, 1610.0000,  638.0000, 377.0000, 1610.0000,  153, 153, 153
L 638.0000, 377.0000, 1610.0000,  626.0000, 389.0000, 1610.0000,  153, 153, 153
L 626.0000, 389.0000, 1610.0000,  608.0000, 390.0000, 1610.0000,  153, 153, 153
L 608.0000, 390.0000, 1610.0000,  618.0000, 406.0000, 1610.0000,  153, 153, 153
L 618.0000, 406.0000, 1610.0000,  618.0000, 453.0000, 1610.0000,  153, 153, 153
L 618.0000, 453.0000, 1610.0000,  586.0000, 487.0000, 1610.0000,  153, 153, 153
L 586.0000, 487.0000, 1610.0000,  565.0000, 490.0000, 1610.0000,  153, 153, 153
L 565.0000, 490.0000, 1610.0000,  577.0000, 505.0000, 1610.0000,  153, 153, 153
L 577.0000, 505.0000, 1610.0000,  578.0000, 561.0000, 1610.0000,  153, 153, 153
L 578.0000, 561.0000, 1610.0000,  566.0000, 574.0000, 1610.0000,  153, 153, 153
L 566.0000, 574.0000, 1610.0000,  549.0000, 575.0000, 1610.0000,  153, 153, 153
L 549.0000, 575.0000, 1610.0000,  536.0000, 562.0000, 1610.0000,  153, 153, 153
L 536.0000, 562.0000, 1610.0000,  535.0000, 506.0000, 1610.0000,  153, 153, 153
L 535.0000, 506.0000, 1610.0000,  549.0000, 491.0000, 1610.0000,  153, 153, 153
L 549.0000, 491.0000, 1610.0000,  537.0000, 488.0000, 1610.0000,  153, 153, 153
L 537.0000, 488.0000, 1610.0000,  501.0000, 455.0000, 1610.0000,  153, 153, 153
L 501.0000, 455.0000, 1610.0000,  501.0000, 406.0000, 1610.0000,  153, 153, 153
L 501.0000, 406.0000, 1610.0000,  533.0000, 373.0000, 1610.0000,  153, 153, 153
L 533.0000, 373.0000, 1610.0000,  582.0000, 371.0000, 1610.0000,  153, 153, 153
L 567.0000, 417.0000, 1610.0000,  550.0000, 415.0000, 1610.0000,  153, 153, 153
L 550.0000, 415.0000, 1610.0000,  542.0000, 430.0000, 1610.0000,  153, 153, 153
L 542.0000, 430.0000, 1610.0000,  555.0000, 444.0000, 1610.0000,  153, 153, 153
L 555.0000, 444.0000, 1610.0000,  570.0000, 436.0000, 1610.0000,  153, 153, 153
L 570.0000, 436.0000, 1610.0000,  568.0000, 418.0000, 1610.0000,  153, 153, 153
L 500.0000, 441.0000, 1610.0000,  340.0000, 441.0000, 1608.0000,  153, 153, 153
L 337.0000, 425.0000, 1610.0000,  499.0000, 425.0000, 1613.0000,  153, 153, 153
L 337.0000, 454.0000, 1610.0000,  304.0000, 488.0000, 1610.0000,  153, 153, 153
L 304.0000, 488.0000, 1610.0000,  257.0000, 489.0000, 1610.0000,  153, 153, 153
L 257.0000, 489.0000, 1610.0000,  247.0000, 484.0000, 1610.0000,  153, 153, 153
L 247.0000, 484.0000, 1610.0000,  246.0000, 516.0000, 1610.0000,  153, 153, 153
L 246.0000, 516.0000, 1610.0000,  185.0000, 579.0000, 1610.0000,  153, 153, 153
L 185.0000, 579.0000, 1610.0000,  153.0000, 577.0000, 1610.0000,  153, 153, 153
L 153.0000, 577.0000, 1610.0000,  131.0000, 555.0000, 1610.0000,  153, 153, 153
L 131.0000, 555.0000, 1610.0000,  129.0000, 526.0000, 1610.0000,  153, 153, 153
L 129.0000, 526.0000, 1610.0000,  190.0000, 463.0000, 1610.0000,  153, 153, 153
L 190.0000, 463.0000, 1610.0000,  223.0000, 463.0000, 1643.0000,  153, 153, 153
L 223.0000, 463.0000, 1643.0000,  219.0000, 455.0000, 1610.0000,  153, 153, 153
L 219.0000, 455.0000, 1610.0000,  219.0000, 408.0000, 1610.0000,  153, 153, 153
L 219.0000, 408.0000, 1610.0000,  252.0000, 372.0000, 1610.0000,  153, 153, 153
L 252.0000, 372.0000, 1610.0000,  302.0000, 371.0000, 1610.0000,  153, 153, 153
L 302.0000, 371.0000, 1610.0000,  313.0000, 381.0000, 1610.0000,  153, 153, 153
L 313.0000, 381.0000, 1610.0000,  315.0000, 363.0000, 1610.0000,  153, 153, 153
L 315.0000, 363.0000, 1610.0000,  326.0000, 350.0000, 1610.0000,  153, 153, 153
L 326.0000, 350.0000, 1610.0000,  344.0000, 348.0000, 1610.0000,  153, 153, 153
L 344.0000, 348.0000, 1610.0000,  358.0000, 361.0000, 1610.0000,  153, 153, 153
L 358.0000, 361.0000, 1610.0000,  358.0000, 378.0000, 1610.0000,  153, 153, 153
L 358.0000, 378.0000, 1610.0000,  346.0000, 391.0000, 1610.0000,  153, 153, 153
L 346.0000, 391.0000, 1610.0000,  327.0000, 392.0000, 1610.0000,  153, 153, 153
L 327.0000, 392.0000, 1610.0000,  335.0000, 404.0000, 1610.0000,  153, 153, 153
L 335.0000, 404.0000, 1610.0000,  337.0000, 453.0000, 1610.0000,  153, 153, 153
L 290.0000, 435.0000, 1610.0000,  287.0000, 418.0000, 1610.0000,  153, 153, 153
L 287.0000, 418.0000, 1610.0000,  268.0000, 416.0000, 1610.0000,  153, 153, 153
L 268.0000, 416.0000, 1610.0000,  261.0000, 432.0000, 1610.0000,  153, 153, 153
L 261.0000, 432.0000, 1610.0000,  273.0000, 444.0000, 1610.0000,  153, 153, 153
L 273.0000, 444.0000, 1610.0000,  290.0000, 434.0000, 1610.0000,  153, 153, 153
L 141.0000, 421.0000, 770.0000,  141.0000, 470.0000, 765.0000,  153, 153, 153
L 125.0000, 473.0000, 770.0000,  125.0000, 421.0000, 770.0000,  153, 153, 153
L 141.0000, 473.0000, 770.0000,  153.0000, 485.0000, 770.0000,  153, 153, 153
L 153.0000, 485.0000, 770.0000,  154.0000, 502.0000, 770.0000,  153, 153, 153
L 154.0000, 502.0000, 770.0000,  142.0000, 516.0000, 770.0000,  153, 153, 153
L 142.0000, 516.0000, 770.0000,  125.0000, 515.0000, 770.0000,  153, 153, 153
L 125.0000, 515.0000, 770.0000,  112.0000, 504.0000, 770.0000,  153, 153, 153
L 112.0000, 504.0000, 770.0000,  111.0000, 487.0000, 770.0000,  153, 153, 153
L 111.0000, 487.0000, 770.0000,  125.0000, 472.0000, 770.0000,  153, 153, 153
L 125.0000, 472.0000, 770.0000,  141.0000, 472.0000, 770.0000,  153, 153, 153
L -425.0000, -109.0000, 771.0000,  -546.0000, -109.0000, 773.0000,  153, 153, 153
L -548.0000, -126.0000, 770.0000,  -427.0000, -126.0000, 774.0000,  153, 153, 153
L -549.0000, -106.0000, 770.0000,  -592.0000, -62.0000, 770.0000,  153, 153, 153
L -592.0000, -62.0000, 770.0000,  -654.0000, -60.0000, 770.0000,  153, 153, 153
L -654.0000, -60.0000, 770.0000,  -701.0000, -104.0000, 770.0000,  153, 153, 153
L -701.0000, -104.0000, 770.0000,  -702.0000, -168.0000, 770.0000,  153, 153, 153
L -702.0000, -168.0000, 770.0000,  -659.0000, -213.0000, 770.0000,  153, 153, 153
L -659.0000, -213.0000, 770.0000,  -617.0000, -216.0000, 770.0000,  153, 153, 153
L -617.0000, -216.0000, 770.0000,  -632.0000, -230.0000, 770.0000,  153, 153, 153
L -632.0000, -230.0000, 770.0000,  -630.0000, -248.0000, 770.0000,  153, 153, 153
L -630.0000, -248.0000, 770.0000,  -620.0000, -260.0000, 770.0000,  153, 153, 153
L -620.0000, -260.0000, 770.0000,  -602.0000, -259.0000, 770.0000,  153, 153, 153
L -602.0000, -259.0000, 770.0000,  -590.0000, -247.0000, 770.0000,  153, 153, 153
L -590.0000, -247.0000, 770.0000,  -589.0000, -232.0000, 770.0000,  153, 153, 153
L -589.0000, -232.0000, 770.0000,  -602.0000, -217.0000, 770.0000,  153, 153, 153
L -602.0000, -217.0000, 770.0000,  -596.0000, -214.0000, 770.0000,  153, 153, 153
L -596.0000, -214.0000, 770.0000,  -549.0000, -171.0000, 770.0000,  153, 153, 153
L -549.0000, -171.0000, 770.0000,  -548.0000, -106.0000, 770.0000,  153, 153, 153
L -608.0000, -134.0000, 770.0000,  -618.0000, -152.0000, 770.0000,  153, 153, 153
L -618.0000, -152.0000, 770.0000,  -636.0000, -149.0000, 770.0000,  153, 153, 153
L -636.0000, -149.0000, 770.0000,  -639.0000, -130.0000, 770.0000,  153, 153, 153
L -639.0000, -130.0000, 770.0000,  -622.0000, -121.0000, 770.0000,  153, 153, 153
L -622.0000, -121.0000, 770.0000,  -608.0000, -134.0000, 770.0000,  153, 153, 153
L -611.0000, -61.0000, 770.0000,  -611.0000, 18.0000, 1176.0000,  153, 153, 153
L -629.0000, 16.0000, 1167.0000,  -629.0000, -61.0000, 770.0000,  153, 153, 153
L -586.0000, 19.0000, 1175.0000,  -545.0000, 62.0000, 1175.0000,  153, 153, 153
L -545.0000, 62.0000, 1175.0000,  -546.0000, 122.0000, 1175.0000,  153, 153, 153
L -546.0000, 122.0000, 1175.0000,  -587.0000, 162.0000, 1175.0000,  153, 153, 153
L -587.0000, 162.0000, 1175.0000,  -613.0000, 165.0000, 1175.0000,  153, 153, 153
L -613.0000, 165.0000, 1175.0000,  -600.0000, 180.0000, 1175.0000,  153, 153, 153
L -600.0000, 180.0000, 1175.0000,  -600.0000, 197.0000, 1175.0000,  153, 153, 153
L -600.0000, 197.0000, 1175.0000,  -611.0000, 209.0000, 1175.0000,  153, 153, 153
L -611.0000, 209.0000, 1175.0000,  -630.0000, 210.0000, 1175.0000,  153, 153, 153
L -630.0000, 210.0000, 1175.0000,  -640.0000, 196.0000, 1175.0000,  153, 153, 153
L -640.0000, 196.0000, 1175.0000,  -642.0000, 180.0000, 1175.0000,  153, 153, 153
L -642.0000, 180.0000, 1175.0000,  -629.0000, 168.0000, 1175.0000,  153, 153, 153
L -629.0000, 168.0000, 1175.0000,  -645.0000, 162.0000, 1175.0000,  153, 153, 153
L -645.0000, 162.0000, 1175.0000,  -663.0000, 149.0000, 1175.0000,  153, 153, 153
L -663.0000, 149.0000, 1175.0000,  -665.0000, 169.0000, 1175.0000,  153, 153, 153
L -665.0000, 169.0000, 1175.0000,  -703.0000, 208.0000, 1175.0000,  153, 153, 153
L -703.0000, 208.0000, 1175.0000,  -721.0000, 209.0000, 1175.0000,  153, 153, 153
L -721.0000, 209.0000, 1175.0000,  -734.0000, 197.0000, 1175.0000,  153, 153, 153
L -734.0000, 197.0000, 1175.0000,  -735.0000, 181.0000, 1175.0000,  153, 153, 153
L -735.0000, 181.0000, 1175.0000,  -695.0000, 138.0000, 1175.0000,  153, 153, 153
L -695.0000, 138.0000, 1175.0000,  -677.0000, 139.0000, 1203.0000,  153, 153, 153
L -677.0000, 139.0000, 1203.0000,  -688.0000, 120.0000, 1175.0000,  153, 153, 153
L -688.0000, 120.0000, 1175.0000,  -689.0000, 64.0000, 1175.0000,  153, 153, 153
L -689.0000, 64.0000, 1175.0000,  -648.0000, 21.0000, 1175.0000,  153, 153, 153
L -648.0000, 21.0000, 1175.0000,  -589.0000, 20.0000, 1175.0000,  153, 153, 153
L -620.0000, 73.0000, 1175.0000,  -635.0000, 87.0000, 1175.0000,  153, 153, 153
L -635.0000, 87.0000, 1175.0000,  -629.0000, 106.0000, 1175.0000,  153, 153, 153
L -629.0000, 106.0000, 1175.0000,  -611.0000, 106.0000, 1175.0000,  153, 153, 153
L -611.0000, 106.0000, 1175.0000,  -605.0000, 87.0000, 1175.0000,  153, 153, 153
L -605.0000, 87.0000, 1175.0000,  -620.0000, 76.0000, 1175.0000,  153, 153, 153
L -546.0000, 85.0000, 1175.0000,  -459.0000, 85.0000, 1610.0000,  153, 153, 153
L -460.0000, 103.0000, 1610.0000,  -546.0000, 103.0000, 1175.0000,  153, 153, 153
L -459.0000, 64.0000, 1610.0000,  -425.0000, 32.0000, 1610.0000,  153, 153, 153
L -425.0000, 32.0000, 1610.0000,  -411.0000, 29.0000, 1610.0000,  153, 153, 153
L -411.0000, 29.0000, 1610.0000,  -424.0000, 15.0000, 1610.0000,  153, 153, 153
L -424.0000, 15.0000, 1610.0000,  -426.0000, -2.0000, 1610.0000,  153, 153, 153
L -426.0000, -2.0000, 1610.0000,  -413.0000, -14.0000, 1610.0000,  153, 153, 153
L -413.0000, -14.0000, 1610.0000,  -396.0000, -15.0000, 1610.0000,  153, 153, 153
L -396.0000, -15.0000, 1610.0000,  -384.0000, -3.0000, 1610.0000,  153, 153, 153
L -384.0000, -3.0000, 1610.0000,  -383.0000, 14.0000, 1610.0000,  153, 153, 153
L -383.0000, 14.0000, 1610.0000,  -396.0000, 27.0000, 1610.0000,  153, 153, 153
L -396.0000, 27.0000, 1610.0000,  -376.0000, 31.0000, 1610.0000,  153, 153, 153
L -376.0000, 31.0000, 1610.0000,  -341.0000, 65.0000, 1610.0000,  153, 153, 153
L -341.0000, 65.0000, 1610.0000,  -342.0000, 112.0000, 1610.0000,  153, 153, 153
L -342.0000, 112.0000, 1610.0000,  -373.0000, 146.0000, 1610.0000,  153, 153, 153
L -373.0000, 146.0000, 1610.0000,  -423.0000, 147.0000, 1610.0000,  153, 153, 153
L -423.0000, 147.0000, 1610.0000,  -457.0000, 113.0000, 1610.0000,  153, 153, 153
L -457.0000, 113.0000, 1610.0000,  -458.0000, 66.0000, 1610.0000,  153, 153, 153
L -417.0000, 91.0000, 1610.0000,  -405.0000, 103.0000, 1610.0000,  153, 153, 153
L -405.0000, 103.0000, 1610.0000,  -389.0000, 95.0000, 1610.0000,  153, 153, 153
L -389.0000, 95.0000, 1610.0000,  -391.0000, 77.0000, 1610.0000,  153, 153, 153
L -391.0000, 77.0000, 1610.0000,  -409.0000, 75.0000, 1610.0000,  153, 153, 153
L -409.0000, 75.0000, 1610.0000,  -417.0000, 91.0000, 1610.0000,  153, 153, 153
L -339.0000, 79.0000, 1625.0000,  -178.0000, 79.0000, 1610.0000,  153, 153, 153
L -179.0000, 95.0000, 1610.0000,  -341.0000, 97.0000, 1610.0000,  153, 153, 153
L -177.0000, 63.0000, 1610.0000,  -143.0000, 30.0000, 1610.0000,  153, 153, 153
L -143.0000, 30.0000, 1610.0000,  -127.0000, 27.0000, 1610.0000,  153, 153, 153
L -127.0000, 27.0000, 1610.0000,  -141.0000, 12.0000, 1610.0000,  153, 153, 153
L -141.0000, 12.0000, 1610.0000,  -140.0000, -42.0000, 1610.0000,  153, 153, 153
L -140.0000, -42.0000, 1610.0000,  -128.0000, -55.0000, 1610.0000,  153, 153, 153
L -128.0000, -55.0000, 1610.0000,  -111.0000, -56.0000, 1610.0000,  153, 153, 153
L -111.0000, -56.0000, 1610.0000,  -98.0000, -43.0000, 1610.0000,  153, 153, 153
L -98.0000, -43.0000, 1610.0000,  -98.0000, 12.0000, 1610.0000,  153, 153, 153
L -98.0000, 12.0000, 1610.0000,  -111.0000, 25.0000, 1610.0000,  153, 153, 153
L -111.0000, 25.0000, 1610.0000,  -94.0000, 29.0000, 1610.0000,  153, 153, 153
L -94.0000, 29.0000, 1610.0000,  -61.0000, 62.0000, 1610.0000,  153, 153, 153
L -61.0000, 62.0000, 1610.0000,  -60.0000, 111.0000, 1610.0000,  153, 153, 153
L -60.0000, 111.0000, 1610.0000,  -94.0000, 145.0000, 1610.0000,  153, 153, 153
L -94.0000, 145.0000, 1610.0000,  -140.0000, 145.0000, 1610.0000,  153, 153, 153
L -140.0000, 145.0000, 1610.0000,  -176.0000, 113.0000, 1610.0000,  153, 153, 153
L -176.0000, 113.0000, 1610.0000,  -177.0000, 65.0000, 1610.0000,  153, 153, 153
L -128.0000, 71.0000, 1610.0000,  -135.0000, 88.0000, 1610.0000,  153, 153, 153
L -135.0000, 88.0000, 1610.0000,  -122.0000, 101.0000, 1610.0000,  153, 153, 153
L -122.0000, 101.0000, 1610.0000,  -107.0000, 93.0000, 1610.0000,  153, 153, 153
L -107.0000, 93.0000, 1610.0000,  -109.0000, 76.0000, 1610.0000,  153, 153, 153
L -109.0000, 76.0000, 1610.0000,  -126.0000, 72.0000, 1610.0000,  153, 153, 153
L -391.0000, 150.0000, 1610.0000,  -390.0000, 267.0000, 1175.0000,  153, 153, 153
L -408.0000, 268.0000, 1175.0000,  -409.0000, 150.0000, 1610.0000,  153, 153, 153
L -367.0000, 267.0000, 1175.0000,  -327.0000, 309.0000, 1175.0000,  153, 153, 153
L -327.0000, 309.0000, 1175.0000,  -327.0000, 367.0000, 1175.0000,  153, 153, 153
L -327.0000, 367.0000, 1175.0000,  -366.0000, 409.0000, 1175.0000,  153, 153, 153
L -366.0000, 409.0000, 1175.0000,  -428.0000, 411.0000, 1175.0000,  153, 153, 153
L -428.0000, 411.0000, 1175.0000,  -441.0000, 398.0000, 1175.0000,  153, 153, 153
L -441.0000, 398.0000, 1175.0000,  -441.0000, 432.0000, 1175.0000,  153, 153, 153
L -441.0000, 432.0000, 1175.0000,  -503.0000, 493.0000, 1175.0000,  153, 153, 153
L -503.0000, 493.0000, 1175.0000,  -535.0000, 493.0000, 1175.0000,  153, 153, 153
L -535.0000, 493.0000, 1175.0000,  -556.0000, 471.0000, 1175.0000,  153, 153, 153
L -556.0000, 471.0000, 1175.0000,  -559.0000, 441.0000, 1175.0000,  153, 153, 153
L -559.0000, 441.0000, 1175.0000,  -496.0000, 377.0000, 1175.0000,  153, 153, 153
L -496.0000, 377.0000, 1175.0000,  -465.0000, 380.0000, 1175.0000,  153, 153, 153
L -465.0000, 380.0000, 1175.0000,  -467.0000, 369.0000, 1175.0000,  153, 153, 153
L -467.0000, 369.0000, 1175.0000,  -469.0000, 311.0000, 1175.0000,  153, 153, 153
L -469.0000, 311.0000, 1175.0000,  -457.0000, 297.0000, 1175.0000,  153, 153, 153
L -457.0000, 297.0000, 1175.0000,  -479.0000, 294.0000, 1175.0000,  153, 153, 153
L -479.0000, 294.0000, 1175.0000,  -488.0000, 284.0000, 1175.0000,  153, 153, 153
L -488.0000, 284.0000, 1175.0000,  -491.0000, 267.0000, 1175.0000,  153, 153, 153
L -491.0000, 267.0000, 1175.0000,  -479.0000, 253.0000, 1175.0000,  153, 153, 153
L -479.0000, 253.0000, 1175.0000,  -461.0000, 252.0000, 1175.0000,  153, 153, 153
L -461.0000, 252.0000, 1175.0000,  -449.0000, 264.0000, 1175.0000,  153, 153, 153
L -449.0000, 264.0000, 1175.0000,  -448.0000, 282.0000, 1175.0000,  153, 153, 153
L -448.0000, 282.0000, 1175.0000,  -429.0000, 269.0000, 1175.0000,  153, 153, 153
L -429.0000, 269.0000, 1175.0000,  -371.0000, 268.0000, 1175.0000,  153, 153, 153
L -399.0000, 321.0000, 1175.0000,  -416.0000, 335.0000, 1175.0000,  153, 153, 153
L -416.0000, 335.0000, 1175.0000,  -411.0000, 352.0000, 1175.0000,  153, 153, 153
L -411.0000, 352.0000, 1175.0000,  -391.0000, 353.0000, 1175.0000,  153, 153, 153
L -391.0000, 353.0000, 1175.0000,  -385.0000, 335.0000, 1175.0000,  153, 153, 153
L -385.0000, 335.0000, 1175.0000,  -400.0000, 324.0000, 1175.0000,  153, 153, 153
L -341.0000, 385.0000, 1175.0000,  -275.0000, 451.0000, 770.0000,  153, 153, 153
L -287.0000, 464.0000, 770.0000,  -352.0000, 399.0000, 1169.0000,  153, 153, 153
L -259.0000, 436.0000, 770.0000,  -196.0000, 436.0000, 770.0000,  153, 153, 153
L -196.0000, 436.0000, 770.0000,  -151.0000, 481.0000, 770.0000,  153, 153, 153
L -151.0000, 481.0000, 770.0000,  -150.0000, 543.0000, 770.0000,  153, 153, 153
L -150.0000, 543.0000, 770.0000,  -195.0000, 589.0000, 770.0000,  153, 153, 153
L -195.0000, 589.0000, 770.0000,  -212.0000, 590.0000, 770.0000,  153, 153, 153
L -212.0000, 590.0000, 770.0000,  -185.0000, 615.0000, 770.0000,  153, 153, 153
L -185.0000, 615.0000, 770.0000,  -186.0000, 701.0000, 770.0000,  153, 153, 153
L -186.0000, 701.0000, 770.0000,  -207.0000, 721.0000, 770.0000,  153, 153, 153
L -207.0000, 721.0000, 770.0000,  -240.0000, 723.0000, 770.0000,  153, 153, 153
L -240.0000, 723.0000, 770.0000,  -264.0000, 703.0000, 770.0000,  153, 153, 153
L -264.0000, 703.0000, 770.0000,  -264.0000, 615.0000, 770.0000,  153, 153, 153
L -264.0000, 615.0000, 770.0000,  -241.0000, 594.0000, 770.0000,  153, 153, 153
L -241.0000, 594.0000, 770.0000,  -258.0000, 590.0000, 770.0000,  153, 153, 153
L -258.0000, 590.0000, 770.0000,  -300.0000, 547.0000, 770.0000,  153, 153, 153
L -300.0000, 547.0000, 770.0000,  -303.0000, 484.0000, 770.0000,  153, 153, 153
L -303.0000, 484.0000, 770.0000,  -261.0000, 438.0000, 770.0000,  153, 153, 153
L -227.0000, 497.0000, 770.0000,  -242.0000, 508.0000, 770.0000,  153, 153, 153
L -242.0000, 508.0000, 770.0000,  -236.0000, 527.0000, 770.0000,  153, 153, 153
L -236.0000, 527.0000, 770.0000,  -217.0000, 528.0000, 770.0000,  153, 153, 153
L -217.0000, 528.0000, 770.0000,  -210.0000, 509.0000, 770.0000,  153, 153, 153
L -210.0000, 509.0000, 770.0000,  -225.0000, 497.0000, 770.0000,  153, 153, 153
L -274.0000, 575.0000, 770.0000,  -332.0000, 632.0000, 771.0000,  153, 153, 153
L -345.0000, 621.0000, 771.0000,  -288.0000, 565.0000, 768.0000,  153, 153, 153
L -332.0000, 631.0000, 769.0000,  -332.0000, 652.0000, 771.0000,  153, 153, 153
L -332.0000, 652.0000, 771.0000,  -373.0000, 692.0000, 771.0000,  153, 153, 153
L -373.0000, 692.0000, 771.0000,  -403.0000, 680.0000, 771.0000,  153, 153, 153
L -403.0000, 680.0000, 771.0000,  -403.0000, 661.0000, 771.0000,  153, 153, 153
L -403.0000, 661.0000, 771.0000,  -364.0000, 622.0000, 771.0000,  153, 153, 153
L -364.0000, 622.0000, 771.0000,  -344.0000, 621.0000, 771.0000,  153, 153, 153
L -344.0000, 621.0000, 771.0000,  -333.0000, 632.0000, 771.0000,  153, 153, 153
L -704.0000, -124.0000, 770.0000,  -753.0000, -124.0000, 770.0000,  153, 153, 153
L -755.0000, -140.0000, 770.0000,  -704.0000, -139.0000, 768.0000,  153, 153, 153
L -756.0000, -123.0000, 770.0000,  -767.0000, -112.0000, 770.0000,  153, 153, 153
L -767.0000, -112.0000, 770.0000,  -824.0000, -110.0000, 770.0000,  153, 153, 153
L -824.0000, -110.0000, 770.0000,  -837.0000, -122.0000, 770.0000,  153, 153, 153
L -837.0000, -122.0000, 770.0000,  -838.0000, -140.0000, 770.0000,  153, 153, 153
L -838.0000, -140.0000, 770.0000,  -826.0000, -153.0000, 770.0000,  153, 153, 153
L -826.0000, -153.0000, 770.0000,  -770.0000, -154.0000, 770.0000,  153, 153, 153
L -770.0000, -154.0000, 770.0000,  -755.0000, -140.0000, 770.0000,  153, 153, 153
L -755.0000, -140.0000, 770.0000,  -755.0000, -124.0000, 770.0000,  153, 153, 153
L -656.0000, -213.0000, 770.0000,  -655.0000, -335.0000, 1168.0000,  153, 153, 153
L -637.0000, -338.0000, 1175.0000,  -637.0000, -214.0000, 770.0000,  153, 153, 153
L -656.0000, -338.0000, 1175.0000,  -698.0000, -381.0000, 1175.0000,  153, 153, 153
L -698.0000, -381.0000, 1175.0000,  -697.0000, -438.0000, 1175.0000,  153, 153, 153
L -697.0000, -438.0000, 1175.0000,  -683.0000, -455.0000, 1175.0000,  153, 153, 153
L -683.0000, -455.0000, 1175.0000,  -701.0000, -459.0000, 1175.0000,  153, 153, 153
L -701.0000, -459.0000, 1175.0000,  -714.0000, -470.0000, 1175.0000,  153, 153, 153
L -714.0000, -470.0000, 1175.0000,  -715.0000, -488.0000, 1175.0000,  153, 153, 153
L -715.0000, -488.0000, 1175.0000,  -703.0000, -500.0000, 1175.0000,  153, 153, 153
L -703.0000, -500.0000, 1175.0000,  -685.0000, -501.0000, 1175.0000,  153, 153, 153
L -685.0000, -501.0000, 1175.0000,  -673.0000, -490.0000, 1175.0000,  153, 153, 153
L -673.0000, -490.0000, 1175.0000,  -671.0000, -469.0000, 1175.0000,  153, 153, 153
L -671.0000, -469.0000, 1175.0000,  -655.0000, -482.0000, 1175.0000,  153, 153, 153
L -655.0000, -482.0000, 1175.0000,  -598.0000, -481.0000, 1175.0000,  153, 153, 153
L -598.0000, -481.0000, 1175.0000,  -556.0000, -442.0000, 1175.0000,  153, 153, 153
L -556.0000, -442.0000, 1175.0000,  -554.0000, -384.0000, 1175.0000,  153, 153, 153
L -554.0000, -384.0000, 1175.0000,  -594.0000, -341.0000, 1175.0000,  153, 153, 153
L -594.0000, -341.0000, 1175.0000,  -653.0000, -338.0000, 1175.0000,  153, 153, 153
L -637.0000, -394.0000, 1175.0000,  -619.0000, -396.0000, 1175.0000,  153, 153, 153
L -619.0000, -396.0000, 1175.0000,  -613.0000, -414.0000, 1175.0000,  153, 153, 153
L -613.0000, -414.0000, 1175.0000,  -628.0000, -426.0000, 1175.0000,  153, 153, 153
L -628.0000, -426.0000, 1175.0000,  -644.0000, -414.0000, 1175.0000,  153, 153, 153
L -644.0000, -414.0000, 1175.0000,  -636.0000, -396.0000, 1175.0000,  153, 153, 153
L -555.0000, -419.0000, 1175.0000,  -410.0000, -420.0000, 1609.0000,  153, 153, 153
L -408.0000, -400.0000, 1610.0000,  -554.0000, -401.0000, 1175.0000,  153, 153, 153
L -408.0000, -437.0000, 1610.0000,  -375.0000, -469.0000, 1610.0000,  153, 153, 153
L -375.0000, -469.0000, 1610.0000,  -326.0000, -471.0000, 1610.0000,  153, 153, 153
L -326.0000, -471.0000, 1610.0000,  -291.0000, -438.0000, 1610.0000,  153, 153, 153
L -291.0000, -438.0000, 1610.0000,  -288.0000, -418.0000, 1610.0000,  153, 153, 153
L -288.0000, -418.0000, 1610.0000,  -273.0000, -432.0000, 1610.0000,  153, 153, 153
L -273.0000, -432.0000, 1610.0000,  -217.0000, -432.0000, 1610.0000,  153, 153, 153
L -217.0000, -432.0000, 1610.0000,  -204.0000, -418.0000, 1610.0000,  153, 153, 153
L -204.0000, -418.0000, 1610.0000,  -206.0000, -401.0000, 1610.0000,  153, 153, 153
L -206.0000, -401.0000, 1610.0000,  -215.0000, -390.0000, 1610.0000,  153, 153, 153
L -215.0000, -390.0000, 1610.0000,  -272.0000, -389.0000, 1610.0000,  153, 153, 153
L -272.0000, -389.0000, 1610.0000,  -287.0000, -402.0000, 1610.0000,  153, 153, 153
L -287.0000, -402.0000, 1610.0000,  -290.0000, -387.0000, 1610.0000,  153, 153, 153
L -290.0000, -387.0000, 1610.0000,  -323.0000, -354.0000, 1610.0000,  153, 153, 153
L -323.0000, -354.0000, 1610.0000,  -340.0000, -352.0000, 1610.0000,  153, 153, 153
L -340.0000, -352.0000, 1610.0000,  -329.0000, -336.0000, 1610.0000,  153, 153, 153
L -329.0000, -336.0000, 1610.0000,  -327.0000, -320.0000, 1610.0000,  153, 153, 153
L -327.0000, -320.0000, 1610.0000,  -339.0000, -308.0000, 1610.0000,  153, 153, 153
L -339.0000, -308.0000, 1610.0000,  -356.0000, -306.0000, 1610.0000,  153, 153, 153
L -356.0000, -306.0000, 1610.0000,  -369.0000, -320.0000, 1610.0000,  153, 153, 153
L -369.0000, -320.0000, 1610.0000,  -370.0000, -336.0000, 1610.0000,  153, 153, 153
L -370.0000, -336.0000, 1610.0000,  -358.0000, -349.0000, 1610.0000,  153, 153, 153
L -358.0000, -349.0000, 1610.0000,  -371.0000, -354.0000, 1610.0000,  153, 153, 153
L -371.0000, -354.0000, 1610.0000,  -405.0000, -386.0000, 1610.0000,  153, 153, 153
L -405.0000, -386.0000, 1610.0000,  -407.0000, -433.0000, 1610.0000,  153, 153, 153
L -360.0000, -427.0000, 1610.0000,  -366.0000, -412.0000, 1610.0000,  153, 153, 153
L -366.0000, -412.0000, 1610.0000,  -354.0000, -398.0000, 1610.0000,  153, 153, 153
L -354.0000, -398.0000, 1610.0000,  -337.0000, -406.0000, 1610.0000,  153, 153, 153
L -337.0000, -406.0000, 1610.0000,  -339.0000, -424.0000, 1610.0000,  153, 153, 153
L -339.0000, -424.0000, 1610.0000,  -357.0000, -427.0000, 1610.0000,  153, 153, 153
L -407.0000, -401.0000, 1610.0000,  -552.0000, -401.0000, 1175.0000,  153, 153, 153
L -396.0000, -450.0000, 1610.0000,  -509.0000, -562.0000, 1606.0000,  153, 153, 153
L -499.0000, -576.0000, 1610.0000,  -384.0000, -461.0000, 1612.0000,  153, 153, 153
L -531.0000, -544.0000, 1610.0000,  -579.0000, -542.0000, 1610.0000,  153, 153, 153
L -579.0000, -542.0000, 1610.0000,  -614.0000, -576.0000, 1610.0000,  153, 153, 153
L -614.0000, -576.0000, 1610.0000,  -617.0000, -597.0000, 1610.0000,  153, 153, 153
L -617.0000, -597.0000, 1610.0000,  -632.0000, -583.0000, 1610.0000,  153, 153, 153
L -632.0000, -583.0000, 1610.0000,  -687.0000, -582.0000, 1610.0000,  153, 153, 153
L -687.0000, -582.0000, 1610.0000,  -700.0000, -594.0000, 1610.0000,  153, 153, 153
L -700.0000, -594.0000, 1610.0000,  -700.0000, -611.0000, 1610.0000,  153, 153, 153
L -700.0000, -611.0000, 1610.0000,  -689.0000, -624.0000, 1610.0000,  153, 153, 153
L -689.0000, -624.0000, 1610.0000,  -633.0000, -625.0000, 1610.0000,  153, 153, 153
L -633.0000, -625.0000, 1610.0000,  -618.0000, -612.0000, 1610.0000,  153, 153, 153
L -618.0000, -612.0000, 1610.0000,  -615.0000, -625.0000, 1610.0000,  153, 153, 153
L -615.0000, -625.0000, 1610.0000,  -582.0000, -660.0000, 1610.0000,  153, 153, 153
L -582.0000, -660.0000, 1610.0000,  -533.0000, -661.0000, 1610.0000,  153, 153, 153
L -533.0000, -661.0000, 1610.0000,  -499.0000, -628.0000, 1610.0000,  153, 153, 153
L -499.0000, -628.0000, 1610.0000,  -497.0000, -579.0000, 1610.0000,  153, 153, 153
L -497.0000, -579.0000, 1610.0000,  -529.0000, -546.0000, 1610.0000,  153, 153, 153
L -550.0000, -588.0000, 1610.0000,  -542.0000, -603.0000, 1610.0000,  153, 153, 153
L -542.0000, -603.0000, 1610.0000,  -552.0000, -619.0000, 1610.0000,  153, 153, 153
L -552.0000, -619.0000, 1610.0000,  -569.0000, -613.0000, 1610.0000,  153, 153, 153
L -569.0000, -613.0000, 1610.0000,  -569.0000, -596.0000, 1610.0000,  153, 153, 153
L -569.0000, -596.0000, 1610.0000,  -552.0000, -590.0000, 1610.0000,  153, 153, 153
L -367.0000, -471.0000, 1610.0000,  -366.0000, -522.0000, 1608.0000,  153, 153, 153
L -351.0000, -525.0000, 1610.0000,  -350.0000, -472.0000, 1610.0000,  153, 153, 153
L -391.0000, -525.0000, 1610.0000,  -426.0000, -558.0000, 1610.0000,  153, 153, 153
L -426.0000, -558.0000, 1610.0000,  -428.0000, -609.0000, 1610.0000,  153, 153, 153
L -428.0000, -609.0000, 1610.0000,  -448.0000, -612.0000, 1610.0000,  153, 153, 153
L -448.0000, -612.0000, 1610.0000,  -488.0000, -650.0000, 1610.0000,  153, 153, 153
L -488.0000, -650.0000, 1610.0000,  -489.0000, -667.0000, 1610.0000,  153, 153, 153
L -489.0000, -667.0000, 1610.0000,  -478.0000, -679.0000, 1610.0000,  153, 153, 153
L -478.0000, -679.0000, 1610.0000,  -460.0000, -681.0000, 1610.0000,  153, 153, 153
L -460.0000, -681.0000, 1610.0000,  -419.0000, -642.0000, 1610.0000,  153, 153, 153
L -419.0000, -642.0000, 1610.0000,  -418.0000, -622.0000, 1610.0000,  153, 153, 153
L -418.0000, -622.0000, 1610.0000,  -394.0000, -641.0000, 1610.0000,  153, 153, 153
L -394.0000, -641.0000, 1610.0000,  -346.0000, -642.0000, 1610.0000,  153, 153, 153
L -346.0000, -642.0000, 1610.0000,  -311.0000, -609.0000, 1610.0000,  153, 153, 153
L -311.0000, -609.0000, 1610.0000,  -308.0000, -591.0000, 1610.0000,  153, 153, 153
L -308.0000, -591.0000, 1610.0000,  -294.0000, -603.0000, 1610.0000,  153, 153, 153
L -294.0000, -603.0000, 1610.0000,  -278.0000, -604.0000, 1610.0000,  153, 153, 153
L -278.0000, -604.0000, 1610.0000,  -263.0000, -592.0000, 1610.0000,  153, 153, 153
L -263.0000, -592.0000, 1610.0000,  -263.0000, -575.0000, 1610.0000,  153, 153, 153
L -263.0000, -575.0000, 1610.0000,  -274.0000, -563.0000, 1610.0000,  153, 153, 153
L -274.0000, -563.0000, 1610.0000,  -293.0000, -561.0000, 1610.0000,  153, 153, 153
L -293.0000, -561.0000, 1610.0000,  -305.0000, -574.0000, 1610.0000,  153, 153, 153
L -305.0000, -574.0000, 1610.0000,  -310.0000, -560.0000, 1610.0000,  153, 153, 153
L -310.0000, -560.0000, 1610.0000,  -343.0000, -525.0000, 1610.0000,  153, 153, 153
L -343.0000, -525.0000, 1610.0000,  -391.0000, -524.0000, 1610.0000,  153, 153, 153
L -380.0000, -576.0000, 1610.0000,  -364.0000, -571.0000, 1610.0000,  153, 153, 153
L -364.0000, -571.0000, 1610.0000,  -354.0000, -587.0000, 1610.0000,  153, 153, 153
L -354.0000, -587.0000, 1610.0000,  -364.0000, -600.0000, 1610.0000,  153, 153, 153
L -364.0000, -600.0000, 1610.0000,  -381.0000, -595.0000, 1610.0000,  153, 153, 153
L -381.0000, -595.0000, 1610.0000,  -380.0000, -576.0000, 1610.0000,  153, 153, 153
L -356.0000, -216.0000, 770.0000,  -356.0000, -334.0000, 766.0000,  153, 153, 153
L -340.0000, -338.0000, 770.0000,  -340.0000, -216.0000, 770.0000,  153, 153, 153
L -380.0000, -338.0000, 770.0000,  -424.0000, -380.0000, 770.0000,  153, 153, 153
L -424.0000, -380.0000, 770.0000,  -428.0000, -406.0000, 770.0000,  153, 153, 153
L -428.0000, -406.0000, 770.0000,  -444.0000, -393.0000, 770.0000,  153, 153, 153
L -444.0000, -393.0000, 770.0000,  -461.0000, -392.0000, 770.0000,  153, 153, 153
L -461.0000, -392.0000, 770.0000,  -473.0000, -403.0000, 770.0000,  153, 153, 153
L -473.0000, -403.0000, 770.0000,  -474.0000, -420.0000, 770.0000,  153, 153, 153
L -474.0000, -420.0000, 770.0000,  -462.0000, -434.0000, 770.0000,  153, 153, 153
L -462.0000, -434.0000, 770.0000,  -445.0000, -435.0000, 770.0000,  153, 153, 153
L -445.0000, -435.0000, 770.0000,  -430.0000, -421.0000, 770.0000,  153, 153, 153
L -430.0000, -421.0000, 770.0000,  -427.0000, -445.0000, 770.0000,  153, 153, 153
L -427.0000, -445.0000, 770.0000,  -384.0000, -489.0000, 770.0000,  153, 153, 153
L -384.0000, -489.0000, 770.0000,  -319.0000, -490.0000, 770.0000,  153, 153, 153
L -319.0000, -490.0000, 770.0000,  -276.0000, -448.0000, 770.0000,  153, 153, 153
L -276.0000, -448.0000, 770.0000,  -274.0000, -385.0000, 770.0000,  153, 153, 153
L -274.0000, -385.0000, 770.0000,  -289.0000, -367.0000, 770.0000,  153, 153, 153
L -289.0000, -367.0000, 770.0000,  -268.0000, -365.0000, 770.0000,  153, 153, 153
L -268.0000, -365.0000, 770.0000,  -229.0000, -327.0000, 770.0000,  153, 153, 153
L -229.0000, -327.0000, 770.0000,  -228.0000, -308.0000, 770.0000,  153, 153, 153
L -228.0000, -308.0000, 770.0000,  -239.0000, -296.0000, 770.0000,  153, 153, 153
L -239.0000, -296.0000, 770.0000,  -258.0000, -295.0000, 770.0000,  153, 153, 153
L -258.0000, -295.0000, 770.0000,  -298.0000, -335.0000, 770.0000,  153, 153, 153
L -298.0000, -335.0000, 770.0000,  -298.0000, -354.0000, 770.0000,  153, 153, 153
L -298.0000, -354.0000, 770.0000,  -319.0000, -338.0000, 770.0000,  153, 153, 153
L -319.0000, -338.0000, 770.0000,  -379.0000, -337.0000, 770.0000,  153, 153, 153
L -354.0000, -395.0000, 770.0000,  -335.0000, -406.0000, 770.0000,  153, 153, 153
L -335.0000, -406.0000, 770.0000,  -338.0000, -425.0000, 770.0000,  153, 153, 153
L -338.0000, -425.0000, 770.0000,  -359.0000, -428.0000, 770.0000,  153, 153, 153
L -359.0000, -428.0000, 770.0000,  -366.0000, -409.0000, 770.0000,  153, 153, 153
L -366.0000, -409.0000, 770.0000,  -352.0000, -396.0000, 770.0000,  153, 153, 153
L -339.0000, -493.0000, 770.0000,  -339.0000, -655.0000, 770.0000,  153, 153, 153
L -322.0000, -654.0000, 770.0000,  -322.0000, -491.0000, 770.0000,  153, 153, 153
L -381.0000, -654.0000, 770.0000,  -427.0000, -699.0000, 770.0000,  153, 153, 153
L -427.0000, -699.0000, 770.0000,  -430.0000, -728.0000, 760.0000,  153, 153, 153
L -430.0000, -728.0000, 760.0000,  -444.0000, -713.0000, 760.0000,  153, 153, 153
L -444.0000, -713.0000, 760.0000,  -499.0000, -713.0000, 760.0000,  153, 153, 153
L -499.0000, -713.0000, 760.0000,  -512.0000, -726.0000, 760.0000,  153, 153, 153
L -512.0000, -726.0000, 760.0000,  -512.0000, -742.0000, 760.0000,  153, 153, 153
L -512.0000, -742.0000, 760.0000,  -501.0000, -755.0000, 760.0000,  153, 153, 153
L -501.0000, -755.0000, 760.0000,  -445.0000, -756.0000, 760.0000,  153, 153, 153
L -445.0000, -756.0000, 760.0000,  -431.0000, -743.0000, 760.0000,  153, 153, 153
L -431.0000, -743.0000, 760.0000,  -427.0000, -762.0000, 770.0000,  153, 153, 153
L -427.0000, -762.0000, 770.0000,  -385.0000, -805.0000, 770.0000,  153, 153, 153
L -385.0000, -805.0000, 770.0000,  -321.0000, -808.0000, 770.0000,  153, 153, 153
L -321.0000, -808.0000, 770.0000,  -274.0000, -763.0000, 770.0000,  153, 153, 153
L -274.0000, -763.0000, 770.0000,  -274.0000, -701.0000, 770.0000,  153, 153, 153
L -274.0000, -701.0000, 770.0000,  -317.0000, -656.0000, 770.0000,  153, 153, 153
L -317.0000, -656.0000, 770.0000,  -380.0000, -654.0000, 770.0000,  153, 153, 153
L -347.0000, -715.0000, 770.0000,  -333.0000, -729.0000, 770.0000,  153, 153, 153
L -333.0000, -729.0000, 770.0000,  -342.0000, -746.0000, 770.0000,  153, 153, 153
L -342.0000, -746.0000, 770.0000,  -361.0000, -743.0000, 770.0000,  153, 153, 153
L -361.0000, -743.0000, 770.0000,  -363.0000, -722.0000, 770.0000,  153, 153, 153
L -363.0000, -722.0000, 770.0000,  -346.0000, -715.0000, 770.0000,  153, 153, 153
L -409.0000, -781.0000, 770.0000,  -513.0000, -886.0000, 1175.0000,  153, 153, 153
L -501.0000, -897.0000, 1175.0000,  -396.0000, -792.0000, 770.0000,  153, 153, 153
L -532.0000, -868.0000, 1175.0000,  -590.0000, -867.0000, 1175.0000,  153, 153, 153
L -590.0000, -867.0000, 1175.0000,  -633.0000, -908.0000, 1175.0000,  153, 153, 153
L -633.0000, -908.0000, 1175.0000,  -636.0000, -934.0000, 1175.0000,  153, 153, 153
L -636.0000, -934.0000, 1175.0000,  -651.0000, -921.0000, 1175.0000,  153, 153, 153
L -651.0000, -921.0000, 1175.0000,  -667.0000, -920.0000, 1175.0000,  153, 153, 153
L -667.0000, -920.0000, 1175.0000,  -680.0000, -932.0000, 1175.0000,  153, 153, 153
L -680.0000, -932.0000, 1175.0000,  -680.0000, -949.0000, 1175.0000,  153, 153, 153
L -680.0000, -949.0000, 1175.0000,  -669.0000, -962.0000, 1175.0000,  153, 153, 153
L -669.0000, -962.0000, 1175.0000,  -653.0000, -963.0000, 1175.0000,  153, 153, 153
L -653.0000, -963.0000, 1175.0000,  -638.0000, -951.0000, 1175.0000,  153, 153, 153
L -638.0000, -951.0000, 1175.0000,  -634.0000, -966.0000, 1175.0000,  153, 153, 153
L -634.0000, -966.0000, 1175.0000,  -592.0000, -1010.0000, 1175.0000,  153, 153, 153
L -592.0000, -1010.0000, 1175.0000,  -613.0000, -1034.0000, 1175.0000,  153, 153, 153
L -613.0000, -1034.0000, 1175.0000,  -614.0000, -1122.0000, 1175.0000,  153, 153, 153
L -614.0000, -1122.0000, 1175.0000,  -592.0000, -1143.0000, 1175.0000,  153, 153, 153
L -592.0000, -1143.0000, 1175.0000,  -562.0000, -1144.0000, 1175.0000,  153, 153, 153
L -562.0000, -1144.0000, 1175.0000,  -539.0000, -1125.0000, 1175.0000,  153, 153, 153
L -539.0000, -1125.0000, 1175.0000,  -537.0000, -1037.0000, 1175.0000,  153, 153, 153
L -537.0000, -1037.0000, 1175.0000,  -559.0000, -1016.0000, 1175.0000,  153, 153, 153
L -559.0000, -1016.0000, 1175.0000,  -535.0000, -1009.0000, 1175.0000,  153, 153, 153
L -535.0000, -1009.0000, 1175.0000,  -494.0000, -970.0000, 1175.0000,  153, 153, 153
L -494.0000, -970.0000, 1175.0000,  -491.0000, -912.0000, 1175.0000,  153, 153, 153
L -491.0000, -912.0000, 1175.0000,  -532.0000, -868.0000, 1175.0000,  153, 153, 153
L -555.0000, -922.0000, 1175.0000,  -550.0000, -942.0000, 1175.0000,  153, 153, 153
L -550.0000, -942.0000, 1175.0000,  -567.0000, -955.0000, 1175.0000,  153, 153, 153
L -567.0000, -955.0000, 1175.0000,  -581.0000, -943.0000, 1175.0000,  153, 153, 153
L -581.0000, -943.0000, 1175.0000,  -575.0000, -926.0000, 1175.0000,  153, 153, 153
L -575.0000, -926.0000, 1175.0000,  -556.0000, -925.0000, 1175.0000,  153, 153, 153
L -272.0000, -740.0000, 770.0000,  -152.0000, -740.0000, 770.0000,  153, 153, 153
L -151.0000, -725.0000, 770.0000,  -270.0000, -725.0000, 764.0000,  153, 153, 153
L -107.0000, -806.0000, 770.0000,  -101.0000, -808.0000, 770.0000,  153, 153, 153
L -101.0000, -808.0000, 770.0000,  -112.0000, -823.0000, 770.0000,  153, 153, 153
L -112.0000, -823.0000, 770.0000,  -114.0000, -878.0000, 770.0000,  153, 153, 153
L -114.0000, -878.0000, 770.0000,  -102.0000, -891.0000, 770.0000,  153, 153, 153
L -102.0000, -891.0000, 770.0000,  -85.0000, -893.0000, 770.0000,  153, 153, 153
L -85.0000, -893.0000, 770.0000,  -71.0000, -880.0000, 770.0000,  153, 153, 153
L -71.0000, -880.0000, 770.0000,  -70.0000, -824.0000, 770.0000,  153, 153, 153
L -70.0000, -824.0000, 770.0000,  -83.0000, -810.0000, 770.0000,  153, 153, 153
L -83.0000, -810.0000, 770.0000,  -44.0000, -806.0000, 770.0000,  153, 153, 153
L -44.0000, -806.0000, 770.0000,  0.0000, -763.0000, 770.0000,  153, 153, 153
L 0.0000, -763.0000, 770.0000,  1.0000, -703.0000, 770.0000,  153, 153, 153
L 1.0000, -703.0000, 770.0000,  -38.0000, -658.0000, 770.0000,  153, 153, 153
L -38.0000, -658.0000, 770.0000,  -78.0000, -654.0000, 770.0000,  153, 153, 153
L -78.0000, -654.0000, 770.0000,  -70.0000, -638.0000, 770.0000,  153, 153, 153
L -70.0000, -638.0000, 770.0000,  -68.0000, -623.0000, 770.0000,  153, 153, 153
L -68.0000, -623.0000, 770.0000,  -78.0000, -609.0000, 770.0000,  153, 153, 153
L -78.0000, -609.0000, 770.0000,  -95.0000, -608.0000, 770.0000,  153, 153, 153
L -95.0000, -608.0000, 770.0000,  -109.0000, -619.0000, 770.0000,  153, 153, 153
L -109.0000, -619.0000, 770.0000,  -109.0000, -636.0000, 770.0000,  153, 153, 153
L -109.0000, -636.0000, 770.0000,  -96.0000, -650.0000, 770.0000,  153, 153, 153
L -96.0000, -650.0000, 770.0000,  -105.0000, -653.0000, 770.0000,  153, 153, 153
L -105.0000, -653.0000, 770.0000,  -148.0000, -697.0000, 770.0000,  153, 153, 153
L -148.0000, -697.0000, 770.0000,  -150.0000, -760.0000, 770.0000,  153, 153, 153
L -150.0000, -760.0000, 770.0000,  -108.0000, -804.0000, 770.0000,  153, 153, 153
L -84.0000, -742.0000, 770.0000,  -87.0000, -722.0000, 770.0000,  153, 153, 153
L -87.0000, -722.0000, 770.0000,  -71.0000, -714.0000, 770.0000,  153, 153, 153
L -71.0000, -714.0000, 770.0000,  -56.0000, -727.0000, 770.0000,  153, 153, 153
L -56.0000, -727.0000, 770.0000,  -65.0000, -745.0000, 770.0000,  153, 153, 153
L -65.0000, -745.0000, 770.0000,  -84.0000, -742.0000, 770.0000,  153, 153, 153
L -138.0000, -777.0000, 770.0000,  -172.0000, -812.0000, 765.0000,  153, 153, 153
L -162.0000, -823.0000, 769.0000,  -128.0000, -788.0000, 769.0000,  153, 153, 153
L -191.0000, -798.0000, 770.0000,  -254.0000, -798.0000, 770.0000,  153, 153, 153
L -254.0000, -798.0000, 770.0000,  -297.0000, -841.0000, 770.0000,  153, 153, 153
L -297.0000, -841.0000, 770.0000,  -299.0000, -904.0000, 770.0000,  153, 153, 153
L -299.0000, -904.0000, 770.0000,  -286.0000, -920.0000, 770.0000,  153, 153, 153
L -286.0000, -920.0000, 770.0000,  -306.0000, -923.0000, 771.0000,  153, 153, 153
L -306.0000, -923.0000, 771.0000,  -345.0000, -963.0000, 771.0000,  153, 153, 153
L -345.0000, -963.0000, 771.0000,  -346.0000, -981.0000, 771.0000,  153, 153, 153
L -346.0000, -981.0000, 771.0000,  -334.0000, -993.0000, 771.0000,  153, 153, 153
L -334.0000, -993.0000, 771.0000,  -315.0000, -993.0000, 771.0000,  153, 153, 153
L -315.0000, -993.0000, 771.0000,  -277.0000, -954.0000, 771.0000,  153, 153, 153
L -277.0000, -954.0000, 771.0000,  -276.0000, -935.0000, 771.0000,  153, 153, 153
L -276.0000, -935.0000, 771.0000,  -256.0000, -949.0000, 770.0000,  153, 153, 153
L -256.0000, -949.0000, 770.0000,  -191.0000, -951.0000, 770.0000,  153, 153, 153
L -191.0000, -951.0000, 770.0000,  -181.0000, -941.0000, 770.0000,  153, 153, 153
L -181.0000, -941.0000, 770.0000,  -177.0000, -959.0000, 770.0000,  153, 153, 153
L -177.0000, -959.0000, 770.0000,  -166.0000, -971.0000, 770.0000,  153, 153, 153
L -166.0000, -971.0000, 770.0000,  -148.0000, -973.0000, 770.0000,  153, 153, 153
L -148.0000, -973.0000, 770.0000,  -136.0000, -961.0000, 770.0000,  153, 153, 153
L -136.0000, -961.0000, 770.0000,  -136.0000, -944.0000, 770.0000,  153, 153, 153
L -136.0000, -944.0000, 770.0000,  -146.0000, -932.0000, 770.0000,  153, 153, 153
L -146.0000, -932.0000, 770.0000,  -166.0000, -930.0000, 770.0000,  153, 153, 153
L -166.0000, -930.0000, 770.0000,  -149.0000, -908.0000, 770.0000,  153, 153, 153
L -149.0000, -908.0000, 770.0000,  -146.0000, -846.0000, 770.0000,  153, 153, 153
L -146.0000, -846.0000, 770.0000,  -189.0000, -799.0000, 770.0000,  153, 153, 153
L -211.0000, -859.0000, 770.0000,  -207.0000, -880.0000, 770.0000,  153, 153, 153
L -207.0000, -880.0000, 770.0000,  -222.0000, -890.0000, 770.0000,  153, 153, 153
L -222.0000, -890.0000, 770.0000,  -238.0000, -879.0000, 770.0000,  153, 153, 153
L -238.0000, -879.0000, 770.0000,  -232.0000, -861.0000, 770.0000,  153, 153, 153
L -232.0000, -861.0000, 770.0000,  -214.0000, -859.0000, 770.0000,  153, 153, 153
L -210.0000, -982.0000, -294.0000,  -210.0000, -995.0000, -218.0000,  153, 153, 153
L -210.0000, -995.0000, -218.0000,  -229.0000, -995.0000, -219.0000,  153, 153, 153
L -229.0000, -995.0000, -219.0000,  -232.0000, -981.0000, -283.0000,  153, 153, 153
L -232.0000, -981.0000, -283.0000,  -211.0000, -981.0000, -300.0000,  153, 153, 153
L 127.0000, -49.0000, 0.0000,  126.0000, -20.0000, -7.0000,  153, 153, 153
L 126.0000, -20.0000, -7.0000,  148.0000, -20.0000, -7.0000,  153, 153, 153
L 148.0000, -20.0000, -7.0000,  148.0000, -49.0000, -3.0000,  153, 153, 153
L 148.0000, -49.0000, -3.0000,  128.0000, -50.0000, 0.0000,  153, 153, 153
L 601.0000, 1967.0000, 135.0000,  540.0000, 1939.0000, 93.0000,  153, 153, 153
L 540.0000, 1939.0000, 93.0000,  509.0000, 2003.0000, -7.0000,  153, 153, 153
L 509.0000, 2003.0000, -7.0000,  576.0000, 2033.0000, 2.0000,  153, 153, 153
L 576.0000, 2033.0000, 2.0000,  601.0000, 1968.0000, 134.0000,  153, 153, 153
L 446.0000, 1897.0000, 66.0000,  384.0000, 1869.0000, 95.0000,  153, 153, 153
L 384.0000, 1869.0000, 95.0000,  354.0000, 1932.0000, 56.0000,  153, 153, 153
L 354.0000, 1932.0000, 56.0000,  420.0000, 1962.0000, 0.0000,  153, 153, 153
L 420.0000, 1962.0000, 0.0000,  447.0000, 1898.0000, 64.0000,  153, 153, 153
L 473.0000, 2085.0000, -7.0000,  444.0000, 2151.0000, 6.0000,  153, 153, 153
L 444.0000, 2151.0000, 6.0000,  510.0000, 2179.0000, 51.0000,  153, 153, 153
L 510.0000, 2179.0000, 51.0000,  541.0000, 2115.0000, -7.0000,  153, 153, 153
L 541.0000, 2115.0000, -7.0000,  475.0000, 2084.0000, -7.0000,  153, 153, 153
L 351.0000, 2111.0000, -2.0000,  381.0000, 2044.0000, 10.0000,  153, 153, 153
L 381.0000, 2044.0000, 10.0000,  317.0000, 2015.0000, 39.0000,  153, 153, 153
L 317.0000, 2015.0000, 39.0000,  284.0000, 2081.0000, -1.0000,  153, 153, 153
L 284.0000, 2081.0000, -1.0000,  350.0000, 2111.0000, -2.0000,  153, 153, 153
L 414.0000, -451.0000, -7.0000,  409.0000, -443.0000, -7.0000,  153, 153, 153
L 409.0000, -443.0000, -7.0000,  418.0000, -438.0000, -7.0000,  153, 153, 153
L 418.0000, -438.0000, -7.0000,  423.0000, -446.0000, -7.0000,  153, 153, 153
L 423.0000, -446.0000, -7.0000,  414.0000, -451.0000, -7.0000,  153, 153, 153
L 417.0000, -456.0000, -7.0000,  426.0000, -451.0000, -7.0000,  153, 153, 153
L 426.0000, -451.0000, -7.0000,  431.0000, -460.0000, -7.0000,  153, 153, 153
L 431.0000, -460.0000, -7.0000,  422.0000, -465.0000, -7.0000,  153, 153, 153
L 422.0000, -465.0000, -7.0000,  418.0000, -455.0000, -7.0000,  153, 153, 153
L 402.0000, -473.0000, -7.0000,  386.0000, -482.0000, -7.0000,  153, 153, 153
L 386.0000, -482.0000, -7.0000,  377.0000, -466.0000, -7.0000,  153, 153, 153
L 377.0000, -466.0000, -7.0000,  393.0000, -457.0000, -7.0000,  153, 153, 153
L 393.0000, -457.0000, -7.0000,  401.0000, -474.0000, -7.0000,  153, 153, 153
L 413.0000, -487.0000, -7.0000,  419.0000, -496.0000, -7.0000,  153, 153, 153
L 419.0000, -496.0000, -7.0000,  409.0000, -501.0000, -7.0000,  153, 153, 153
L 409.0000, -501.0000, -7.0000,  405.0000, -491.0000, -7.0000,  153, 153, 153
L 405.0000, -491.0000, -7.0000,  414.0000, -487.0000, -7.0000,  153, 153, 153
L 400.0000, -494.0000, -7.0000,  405.0000, -505.0000, -7.0000,  153, 153, 153
L 405.0000, -505.0000, -7.0000,  396.0000, -508.0000, -7.0000,  153, 153, 153
L 396.0000, -508.0000, -7.0000,  391.0000, -500.0000, -7.0000,  153, 153, 153
L 391.0000, -500.0000, -7.0000,  400.0000, -495.0000, -7.0000,  153, 153, 153
L 370.0000, -498.0000, -7.0000,  360.0000, -502.0000, -7.0000,  153, 153, 153
L 360.0000, -502.0000, -7.0000,  356.0000, -493.0000, -7.0000,  153, 153, 153
L 356.0000, -493.0000, -7.0000,  365.0000, -488.0000, -7.0000,  153, 153, 153
L 365.0000, -488.0000, -7.0000,  370.0000, -498.0000, -7.0000,  153, 153, 153
L 361.0000, -484.0000, -7.0000,  352.0000, -489.0000, -7.0000,  153, 153, 153
L 352.0000, -489.0000, -7.0000,  348.0000, -480.0000, -7.0000,  153, 153, 153
L 348.0000, -480.0000, -7.0000,  357.0000, -476.0000, -7.0000,  153, 153, 153
L 357.0000, -476.0000, -7.0000,  361.0000, -485.0000, -7.0000,  153, 153, 153
L 360.0000, -449.0000, -7.0000,  355.0000, -439.0000, -7.0000,  153, 153, 153
L 355.0000, -439.0000, -7.0000,  364.0000, -436.0000, -7.0000,  153, 153, 153
L 364.0000, -436.0000, -7.0000,  369.0000, -445.0000, -7.0000,  153, 153, 153
L 369.0000, -445.0000, -7.0000,  360.0000, -450.0000, -7.0000,  153, 153, 153
L 374.0000, -441.0000, -7.0000,  369.0000, -433.0000, -7.0000,  153, 153, 153
L 369.0000, -433.0000, -7.0000,  377.0000, -428.0000, -7.0000,  153, 153, 153
L 377.0000, -428.0000, -7.0000,  383.0000, -436.0000, -7.0000,  153, 153, 153
L 383.0000, -436.0000, -7.0000,  374.0000, -442.0000, -7.0000,  153, 153, 153
P 739.6215, 1179.8239, -3.8417,  127, 64, 0,  2,  Knowledge_Portal
P 739.6215, 1179.8239, -3.8417,  127, 0, 0,  2,  Bandit_Camp
P -33.0000, -2366.0000, 0.0000,  255, 255, 255,  2,  Crushbone
P -223.0000, -986.0000, 0.0000,  255, 255, 255,  2,  Orc
P -236.0000, -138.0000, 0.0000,  255, 255, 255,  2,  PoD
P 135.0000, -26.0000, 0.0000,  255, 255, 255,  2,  First
P 2369.0000, 2000.0000, 0.0000,  255, 255, 255,  2,  Felwithe
P 459.0000, 2040.0000, 0.0000,  255, 255, 255,  2,  Wizard
P -2528.0000, 1538.0000, 0.0000,  255, 255, 255,  2,  Butcherblock
P -83.0000, 478.0000, 0.0000,  255, 255, 255,  2,  Fier`Dal
P -670.0000, 144.0000, 0.0000,  255, 255, 255,  2,  Bank
P -225.0000, 594.0000, 0.0000,  255, 255, 255,  2,  Druid
P -451.0000, 387.0000, 0.0000,  255, 255, 255,  2,  Ranger
P -220.0000, 205.0000, 0.0000,  255, 255, 255,  2,  Bard
P 1046.0000, 2462.0000, 0.0000,  255, 255, 255,  2,  Lesser
P 372.0000, -523.0000, 0.0000,  255, 255, 255,  2,  Druid
P -10.0000, 20.0000, 0.0000,  255, 255, 255,  2,  Succor
