L -633, -2911, -32, -788, -2911, -36, 255, 255, 255
L -788, -2911, -36, -788, -2781, -37, 255, 255, 255
L -788, -2781, -37, -769, -2763, -36, 255, 255, 255
L -769, -2763, -36, -768, -2763, -36, 255, 255, 255
L -768, -2763, -36, -716, -2763, -25, 255, 255, 255
L -716, -2763, -25, -716, -2765, -25, 255, 255, 255
L -716, -2765, -25, -715, -2766, -25, 255, 255, 255
L -715, -2766, -25, -714, -2767, -25, 255, 255, 255
L -714, -2767, -25, -712, -2767, -27, 255, 255, 255
L -712, -2767, -27, -708, -2766, -27, 255, 255, 255
L -708, -2766, -27, -706, -2766, -27, 255, 255, 255
L -706, -2766, -27, -707, -2758, -27, 255, 255, 255
L -707, -2758, -27, -708, -2732, -18, 255, 255, 255
L -708, -2732, -18, -708, -2731, -17, 255, 255, 255
L -708, -2731, -17, -708, -2716, -11, 255, 255, 255
L -708, -2716, -11, -709, -2703, -1, 255, 255, 255
L -709, -2703, -1, -709, -2702, -1, 255, 255, 255
L -709, -2702, -1, -709, -2689, 3, 255, 255, 255
L -709, -2689, 3, -709, -2687, 3, 255, 255, 255
L -709, -2687, 3, -710, -2673, 9, 255, 255, 255
L -710, -2673, 9, -710, -2672, 11, 255, 255, 255
L -710, -2672, 11, -710, -2669, 15, 255, 255, 255
L -710, -2669, 15, -712, -2670, 15, 255, 255, 255
L -712, -2670, 15, -720, -2670, 15, 255, 255, 255
L -720, -2670, 15, -721, -2670, 15, 255, 255, 255
L -721, -2670, 15, -722, -2670, 15, 255, 255, 255
L -722, -2670, 15, -748, -2657, 20, 255, 255, 255
L -748, -2657, 20, -777, -2602, 20, 255, 255, 255
L -777, -2602, 20, -794, -2518, 20, 255, 255, 255
L -794, -2518, 20, -776, -2474, 20, 255, 255, 255
L -776, -2474, 20, -764, -2447, 10, 255, 255, 255
L -764, -2447, 10, -757, -2429, 10, 255, 255, 255
L -757, -2429, 10, -703, -2399, 10, 255, 255, 255
L -703, -2399, 10, -701, -2399, 10, 255, 255, 255
L -701, -2399, 10, -670, -2399, 20, 255, 255, 255
L -670, -2399, 20, -670, -2399, 20, 255, 255, 255
L -600, -2399, 20, -559, -2399, 20, 255, 255, 255
L -559, -2399, 20, -494, -2446, 20, 255, 255, 255
L -494, -2446, 20, -494, -2456, 20, 255, 255, 255
L -508, -2527, 12, -503, -2525, 12, 255, 255, 255
L -503, -2525, 12, -501, -2525, 12, 255, 255, 255
L -501, -2525, 12, -494, -2525, 9, 255, 255, 255
L -494, -2525, 9, -494, -2515, 9, 255, 255, 255
L -494, -2515, 9, -494, -2513, 9, 255, 255, 255
L -494, -2513, 9, -495, -2513, 9, 255, 255, 255
L -495, -2513, 9, -497, -2512, 10, 255, 255, 255
L -497, -2512, 10, -497, -2511, 10, 255, 255, 255
L -497, -2511, 10, -496, -2507, 10, 255, 255, 255
L -496, -2507, 10, -496, -2504, 10, 255, 255, 255
L -496, -2504, 10, -496, -2503, 9, 255, 255, 255
L -496, -2503, 9, -495, -2501, 9, 255, 255, 255
L -495, -2501, 9, -493, -2502, 9, 255, 255, 255
L -493, -2502, 9, -492, -2502, 9, 255, 255, 255
L -492, -2502, 9, -490, -2503, 6, 255, 255, 255
L -490, -2503, 6, -489, -2503, 6, 255, 255, 255
L -489, -2503, 6, -479, -2504, 2, 255, 255, 255
L -479, -2504, 2, -479, -2502, 0, 255, 255, 255
L -479, -2502, 0, -479, -2475, 0, 255, 255, 255
L -479, -2475, 0, -479, -2475, 0, 255, 255, 255
L -479, -2475, 0, -499, -2474, 10, 255, 255, 255
L -499, -2474, 10, -498, -2474, 10, 255, 255, 255
L -498, -2474, 10, -497, -2473, 10, 255, 255, 255
L -497, -2473, 10, -497, -2472, 10, 255, 255, 255
L -497, -2472, 10, -496, -2469, 10, 255, 255, 255
L -496, -2469, 10, -494, -2468, 9, 255, 255, 255
L -494, -2468, 9, -494, -2467, 9, 255, 255, 255
L -494, -2467, 9, -494, -2466, 9, 255, 255, 255
L -494, -2466, 9, -494, -2456, 9, 255, 255, 255
L -508, -2527, 10, -505, -2532, 10, 255, 255, 255
L -505, -2532, 10, -512, -2608, 10, 255, 255, 255
L -512, -2608, 10, -550, -2650, 10, 255, 255, 255
L -550, -2650, 10, -606, -2676, 10, 255, 255, 255
L -606, -2676, 10, -608, -2676, 12, 255, 255, 255
L -608, -2676, 12, -656, -2675, 20, 255, 255, 255
L -656, -2675, 20, -656, -2674, 20, 255, 255, 255
L -730, -2662, 18, -730, -2665, 16, 255, 255, 255
L -658, -2675, 13, -671, -2675, 13, 255, 255, 255
L -671, -2675, 13, -672, -2676, 13, 255, 255, 255
L -672, -2676, 13, -672, -2677, 11, 255, 255, 255
L -672, -2677, 11, -672, -2679, 11, 255, 255, 255
L -672, -2679, 11, -673, -2681, 11, 255, 255, 255
L -673, -2681, 11, -678, -2681, 11, 255, 255, 255
L -678, -2681, 11, -678, -2682, 10, 255, 255, 255
L -678, -2682, 10, -679, -2687, 7, 255, 255, 255
L -679, -2687, 7, -679, -2689, 7, 255, 255, 255
L -679, -2689, 7, -679, -2693, 5, 255, 255, 255
L -679, -2693, 5, -679, -2694, 5, 255, 255, 255
L -679, -2694, 5, -680, -2699, 3, 255, 255, 255
L -680, -2699, 3, -680, -2701, 1, 255, 255, 255
L -680, -2701, 1, -680, -2704, -1, 255, 255, 255
L -680, -2704, -1, -680, -2706, -1, 255, 255, 255
L -680, -2706, -1, -681, -2710, -3, 255, 255, 255
L -681, -2710, -3, -681, -2712, -5, 255, 255, 255
L -681, -2712, -5, -681, -2718, -7, 255, 255, 255
L -681, -2718, -7, -681, -2720, -9, 255, 255, 255
L -681, -2720, -9, -681, -2732, -15, 255, 255, 255
L -681, -2732, -15, -681, -2734, -17, 255, 255, 255
L -681, -2734, -17, -680, -2751, -25, 255, 255, 255
L -680, -2751, -25, -680, -2768, -25, 255, 255, 255
L -680, -2768, -25, -678, -2767, -25, 255, 255, 255
L -678, -2767, -25, -677, -2767, -27, 255, 255, 255
L -677, -2767, -27, -675, -2767, -27, 255, 255, 255
L -675, -2767, -27, -669, -2766, -26, 255, 255, 255
L -669, -2766, -26, -667, -2766, -26, 255, 255, 255
L -667, -2766, -26, -658, -2764, -23, 255, 255, 255
L -658, -2764, -23, -649, -2764, -23, 255, 255, 255
L -649, -2764, -23, -649, -2764, -23, 255, 255, 255
L -649, -2764, -23, -633, -2782, -23, 255, 255, 255
L -633, -2782, -23, -633, -2820, -23, 255, 255, 255
L -633, -2820, -23, -633, -2820, -23, 255, 255, 255
L -633, -2825, -32, -633, -2827, -32, 255, 255, 255
L -633, -2795, -32, -633, -2911, -32, 255, 255, 255
L -750, -2763, -23, -750, -2865, -23, 255, 255, 255
L -750, -2865, -23, -703, -2865, -23, 255, 255, 255
L -703, -2865, -23, -702, -2821, -23, 255, 255, 255
L -702, -2821, -23, -700, -2820, -23, 255, 255, 255
L -700, -2820, -23, -695, -2820, -23, 255, 255, 255
L -695, -2820, -23, -688, -2820, -23, 255, 255, 255
L -688, -2820, -23, -686, -2820, -23, 255, 255, 255
L -686, -2820, -23, -668, -2821, -30, 255, 255, 255
L -668, -2821, -30, -667, -2821, -30, 255, 255, 255
L -604, -2388, 5, -613, -2388, 5, 255, 255, 255
L -613, -2388, 5, -613, -2389, 5, 255, 255, 255
L -613, -2389, 5, -613, -2392, 6, 255, 255, 255
L -613, -2392, 6, -614, -2392, 7, 255, 255, 255
L -614, -2392, 7, -619, -2392, 7, 255, 255, 255
L -619, -2392, 7, -619, -2391, 7, 255, 255, 255
L -619, -2391, 7, -620, -2389, 5, 255, 255, 255
L -620, -2389, 5, -620, -2388, 3, 255, 255, 255
L -620, -2388, 3, -620, -2375, 3, 255, 255, 255
L -620, -2375, 3, -621, -2362, 5, 255, 255, 255
L -621, -2362, 5, -623, -2305, 5, 255, 255, 255
L -623, -2305, 5, -624, -2167, 5, 255, 255, 255
L -624, -2167, 5, -654, -2167, 5, 255, 255, 255
L -654, -2167, 5, -680, -2168, 5, 255, 255, 255
L -680, -2168, 5, -689, -2168, 5, 255, 255, 255
L -689, -2168, 5, -708, -2167, 4, 255, 255, 255
L -708, -2167, 4, -710, -2169, 4, 255, 255, 255
L -710, -2169, 4, -711, -2169, 3, 255, 255, 255
L -711, -2169, 3, -713, -2169, 3, 255, 255, 255
L -713, -2169, 3, -742, -2169, 8, 255, 255, 255
L -742, -2169, 8, -805, -2167, 34, 255, 255, 255
L -805, -2167, 34, -804, -2167, 35, 255, 255, 255
L -804, -2167, 35, -795, -2163, 35, 255, 255, 255
L -795, -2163, 35, -794, -2161, 35, 255, 255, 255
L -794, -2161, 35, -793, -2160, 36, 255, 255, 255
L -793, -2160, 36, -792, -2158, 36, 255, 255, 255
L -792, -2158, 36, -792, -2139, 36, 255, 255, 255
L -792, -2139, 36, -810, -2123, 36, 255, 255, 255
L -810, -2123, 36, -838, -2123, 36, 255, 255, 255
L -838, -2123, 36, -838, -2125, 36, 255, 255, 255
L -838, -2125, 36, -839, -2126, 36, 255, 255, 255
L -839, -2126, 36, -840, -2127, 36, 255, 255, 255
L -840, -2127, 36, -842, -2127, 36, 255, 255, 255
L -842, -2127, 36, -844, -2126, 36, 255, 255, 255
L -844, -2126, 36, -846, -2125, 35, 255, 255, 255
L -846, -2125, 35, -846, -2123, 35, 255, 255, 255
L -846, -2123, 35, -846, -2121, 34, 255, 255, 255
L -846, -2121, 34, -846, -2114, 31, 255, 255, 255
L -846, -2114, 31, -845, -2113, 31, 255, 255, 255
L -845, -2113, 31, -845, -2110, 29, 255, 255, 255
L -845, -2110, 29, -845, -2109, 29, 255, 255, 255
L -845, -2109, 29, -845, -2106, 27, 255, 255, 255
L -845, -2106, 27, -844, -2104, 25, 255, 255, 255
L -844, -2104, 25, -845, -2086, 15, 255, 255, 255
L -845, -2086, 15, -845, -2084, 15, 255, 255, 255
L -845, -2084, 15, -845, -2071, 7, 255, 255, 255
L -845, -2071, 7, -845, -2069, 7, 255, 255, 255
L -845, -2069, 7, -846, -2053, 2, 255, 255, 255
L -846, -2053, 2, -846, -2051, 2, 255, 255, 255
L -846, -2051, 2, -846, -2031, 4, 255, 255, 255
L -846, -2031, 4, -847, -2008, 5, 255, 255, 255
L -847, -2008, 5, -847, -1986, 3, 255, 255, 255
L -847, -1986, 3, -847, -1984, 3, 255, 255, 255
L -847, -1984, 3, -847, -1978, 7, 255, 255, 255
L -847, -1978, 7, -847, -1979, 7, 255, 255, 255
L -847, -1979, 7, -845, -1981, 5, 255, 255, 255
L -845, -1981, 5, -843, -1981, 5, 255, 255, 255
L -843, -1981, 5, -840, -1982, 5, 255, 255, 255
L -840, -1982, 5, -839, -1983, 5, 255, 255, 255
L -839, -1983, 5, -838, -1983, 5, 255, 255, 255
L -838, -1983, 5, -831, -1983, 5, 255, 255, 255
L -831, -1983, 5, -831, -1982, 5, 255, 255, 255
L -831, -1982, 5, -830, -1973, 9, 255, 255, 255
L -830, -1973, 9, -829, -1972, 5, 255, 255, 255
L -829, -1972, 5, -829, -1972, 5, 255, 255, 255
L -829, -1972, 5, -822, -1971, 5, 255, 255, 255
L -822, -1971, 5, -822, -1969, 5, 255, 255, 255
L -822, -1969, 5, -820, -1969, 5, 255, 255, 255
L -820, -1969, 5, -819, -1969, 5, 255, 255, 255
L -819, -1969, 5, -817, -1968, 5, 255, 255, 255
L -817, -1968, 5, -810, -1969, 5, 255, 255, 255
L -810, -1969, 5, -809, -1972, 5, 255, 255, 255
L -809, -1972, 5, -790, -1972, 5, 255, 255, 255
L -790, -1972, 5, -784, -1972, 5, 255, 255, 255
L -784, -1972, 5, -784, -1967, 5, 255, 255, 255
L -784, -1967, 5, -783, -1967, 5, 255, 255, 255
L -783, -1967, 5, -775, -1968, 5, 255, 255, 255
L -775, -1968, 5, -775, -1972, 5, 255, 255, 255
L -775, -1972, 5, -756, -1972, 5, 255, 255, 255
L -756, -1972, 5, -722, -1971, 5, 255, 255, 255
L -722, -1971, 5, -722, -1729, 5, 255, 255, 255
L -722, -1729, 5, -773, -1729, 5, 255, 255, 255
L -773, -1729, 5, -774, -1730, 5, 255, 255, 255
L -774, -1730, 5, -774, -1731, 5, 255, 255, 255
L -774, -1731, 5, -775, -1732, 5, 255, 255, 255
L -775, -1732, 5, -776, -1732, 5, 255, 255, 255
L -776, -1732, 5, -780, -1732, 5, 255, 255, 255
L -780, -1732, 5, -782, -1731, 5, 255, 255, 255
L -782, -1731, 5, -782, -1729, 5, 255, 255, 255
L -782, -1729, 5, -783, -1729, 5, 255, 255, 255
L -783, -1729, 5, -808, -1729, 5, 255, 255, 255
L -808, -1729, 5, -808, -1730, 5, 255, 255, 255
L -808, -1730, 5, -809, -1732, 5, 255, 255, 255
L -809, -1732, 5, -810, -1733, 5, 255, 255, 255
L -810, -1733, 5, -813, -1732, 5, 255, 255, 255
L -813, -1732, 5, -814, -1732, 5, 255, 255, 255
L -814, -1732, 5, -815, -1730, 5, 255, 255, 255
L -815, -1730, 5, -816, -1729, 5, 255, 255, 255
L -816, -1729, 5, -830, -1729, 5, 255, 255, 255
L -830, -1729, 5, -831, -1727, 9, 255, 255, 255
L -831, -1727, 9, -831, -1726, 9, 255, 255, 255
L -831, -1726, 9, -831, -1717, 5, 255, 255, 255
L -831, -1717, 5, -835, -1717, 5, 255, 255, 255
L -835, -1717, 5, -839, -1717, 5, 255, 255, 255
L -839, -1717, 5, -840, -1719, 5, 255, 255, 255
L -840, -1719, 5, -839, -1722, 5, 255, 255, 255
L -839, -1722, 5, -839, -1723, 6, 255, 255, 255
L -839, -1723, 6, -840, -1724, 7, 255, 255, 255
L -840, -1724, 7, -842, -1724, 7, 255, 255, 255
L -842, -1724, 7, -843, -1724, 7, 255, 255, 255
L -843, -1724, 7, -844, -1722, 7, 255, 255, 255
L -844, -1722, 7, -845, -1721, 7, 255, 255, 255
L -845, -1721, 7, -846, -1721, 5, 255, 255, 255
L -846, -1721, 5, -847, -1718, 3, 255, 255, 255
L -847, -1718, 3, -847, -1717, 3, 255, 255, 255
L -847, -1717, 3, -847, -1677, 5, 255, 255, 255
L -847, -1677, 5, -847, -1496, 3, 255, 255, 255
L -847, -1496, 3, -894, -1497, 4, 255, 255, 255
L -894, -1497, 4, -978, -1498, 5, 255, 255, 255
L -978, -1498, 5, -979, -1498, 4, 255, 255, 255
L -979, -1498, 4, -981, -1498, 5, 255, 255, 255
L -981, -1498, 5, -992, -1498, 5, 255, 255, 255
L -992, -1498, 5, -993, -1497, 4, 255, 255, 255
L -993, -1497, 4, -995, -1493, 3, 255, 255, 255
L -995, -1493, 3, -998, -1490, 3, 255, 255, 255
L -998, -1490, 3, -999, -1489, 3, 255, 255, 255
L -999, -1489, 3, -1007, -1489, 5, 255, 255, 255
L -1007, -1489, 5, -1008, -1488, 5, 255, 255, 255
L -1008, -1488, 5, -1009, -1487, 5, 255, 255, 255
L -1009, -1487, 5, -1008, -1456, 4, 255, 255, 255
L -1008, -1456, 4, -1009, -1385, 3, 255, 255, 255
L -1009, -1385, 3, -1008, -1338, 3, 255, 255, 255
L -1008, -1338, 3, -1008, -1336, 3, 255, 255, 255
L -1008, -1336, 3, -1008, -1331, 2, 255, 255, 255
L -1008, -1331, 2, -1008, -1329, 2, 255, 255, 255
L -1008, -1329, 2, -1007, -1326, 5, 255, 255, 255
L -1007, -1326, 5, -1006, -1325, 5, 255, 255, 255
L -1006, -1325, 5, -1001, -1325, 5, 255, 255, 255
L -1001, -1325, 5, -997, -1327, 5, 255, 255, 255
L -997, -1327, 5, -992, -1327, 5, 255, 255, 255
L -992, -1327, 5, -992, -1325, 5, 255, 255, 255
L -992, -1325, 5, -991, -1317, 9, 255, 255, 255
L -991, -1317, 9, -991, -1316, 5, 255, 255, 255
L -991, -1316, 5, -989, -1316, 5, 255, 255, 255
L -989, -1316, 5, -916, -1316, 5, 255, 255, 255
L -916, -1316, 5, -881, -1264, 5, 255, 255, 255
L -881, -1264, 5, -880, -1219, 5, 255, 255, 255
L -880, -1219, 5, -879, -1218, 9, 255, 255, 255
L -879, -1218, 9, -877, -1218, 7, 255, 255, 255
L -877, -1218, 7, -869, -1218, 5, 255, 255, 255
L -869, -1218, 5, -869, -1209, 5, 255, 255, 255
L -869, -1209, 5, -871, -1209, 5, 255, 255, 255
L -871, -1209, 5, -871, -1208, 5, 255, 255, 255
L -871, -1208, 5, -872, -1206, 5, 255, 255, 255
L -872, -1206, 5, -871, -1203, 5, 255, 255, 255
L -871, -1203, 5, -870, -1202, 4, 255, 255, 255
L -870, -1202, 4, -869, -1202, 3, 255, 255, 255
L -869, -1202, 3, -859, -1202, 2, 255, 255, 255
L -859, -1202, 2, -840, -1202, 5, 255, 255, 255
L -840, -1202, 5, -804, -1203, 3, 255, 255, 255
L -804, -1203, 3, -769, -1203, 4, 255, 255, 255
L -769, -1203, 4, -740, -1203, 4, 255, 255, 255
L -740, -1203, 4, -702, -1203, 4, 255, 255, 255
L -702, -1203, 4, -700, -1202, 5, 255, 255, 255
L -700, -1202, 5, -696, -1202, 5, 255, 255, 255
L -696, -1202, 5, -695, -1204, 4, 255, 255, 255
L -695, -1204, 4, -687, -1211, 5, 255, 255, 255
L -687, -1211, 5, -681, -1216, 5, 255, 255, 255
L -681, -1216, 5, -681, -1217, 5, 255, 255, 255
L -681, -1217, 5, -679, -1364, 5, 255, 255, 255
L -679, -1364, 5, -678, -1364, 5, 255, 255, 255
L -678, -1364, 5, -590, -1365, 4, 255, 255, 255
L -590, -1365, 4, -562, -1364, 5, 255, 255, 255
L -562, -1364, 5, -544, -1364, 3, 255, 255, 255
L -544, -1364, 3, -543, -1365, 3, 255, 255, 255
L -543, -1365, 3, -519, -1366, -8, 255, 255, 255
L -519, -1366, -8, -512, -1366, -13, 255, 255, 255
L -512, -1366, -13, -503, -1367, -15, 255, 255, 255
L -503, -1367, -15, -484, -1367, -12, 255, 255, 255
L -484, -1367, -12, -474, -1367, -4, 255, 255, 255
L -474, -1367, -4, -446, -1366, 3, 255, 255, 255
L -446, -1366, 3, -402, -1365, 15, 255, 255, 255
L -402, -1365, 15, -394, -1365, 15, 255, 255, 255
L -394, -1365, 15, -375, -1364, 16, 255, 255, 255
L -375, -1364, 16, -342, -1365, 15, 255, 255, 255
L -342, -1365, 15, -341, -1366, 13, 255, 255, 255
L -341, -1366, 13, -340, -1367, 9, 255, 255, 255
L -340, -1367, 9, -338, -1369, 15, 255, 255, 255
L -338, -1369, 15, -339, -1375, 15, 255, 255, 255
L -339, -1375, 15, -340, -1376, 15, 255, 255, 255
L -340, -1376, 15, -342, -1376, 15, 255, 255, 255
L -342, -1376, 15, -343, -1376, 15, 255, 255, 255
L -343, -1376, 15, -343, -1377, 15, 255, 255, 255
L -343, -1377, 15, -343, -1393, 31, 255, 255, 255
L -343, -1393, 31, -302, -1452, 31, 255, 255, 255
L -302, -1452, 31, -234, -1477, 31, 255, 255, 255
L -234, -1477, 31, -160, -1468, 31, 255, 255, 255
L -160, -1468, 31, -114, -1428, 31, 255, 255, 255
L -114, -1428, 31, -95, -1379, 31, 255, 255, 255
L -95, -1379, 31, -95, -1333, 31, 255, 255, 255
L -95, -1333, 31, -115, -1277, 31, 255, 255, 255
L -115, -1277, 31, -159, -1240, 31, 255, 255, 255
L -159, -1240, 31, -232, -1226, 31, 255, 255, 255
L -232, -1226, 31, -300, -1253, 31, 255, 255, 255
L -300, -1253, 31, -343, -1313, 31, 255, 255, 255
L -343, -1313, 31, -343, -1317, 31, 255, 255, 255
L -343, -1317, 31, -335, -1318, 31, 255, 255, 255
L -335, -1318, 31, -327, -1322, 31, 255, 255, 255
L -327, -1322, 31, -320, -1328, 31, 255, 255, 255
L -343, -1386, 31, -335, -1386, 31, 255, 255, 255
L -335, -1386, 31, -329, -1389, 31, 255, 255, 255
L -329, -1389, 31, -321, -1396, 31, 255, 255, 255
L -321, -1396, 31, -317, -1400, 31, 255, 255, 255
L -317, -1400, 31, -310, -1405, 31, 255, 255, 255
L -310, -1405, 31, -309, -1406, 31, 255, 255, 255
L -309, -1406, 31, -306, -1409, 31, 255, 255, 255
L -343, -1337, 15, -363, -1336, 16, 255, 255, 255
L -363, -1336, 16, -390, -1336, 16, 255, 255, 255
L -390, -1336, 16, -418, -1335, 13, 255, 255, 255
L -418, -1335, 13, -453, -1334, 2, 255, 255, 255
L -453, -1334, 2, -486, -1333, -6, 255, 255, 255
L -486, -1333, -6, -495, -1333, -12, 255, 255, 255
L -495, -1333, -12, -497, -1334, -13, 255, 255, 255
L -497, -1334, -13, -519, -1334, -13, 255, 255, 255
L -519, -1334, -13, -547, -1333, 3, 255, 255, 255
L -547, -1333, 3, -586, -1333, 4, 255, 255, 255
L -586, -1333, 4, -587, -1334, 4, 255, 255, 255
L -587, -1334, 4, -588, -1334, 4, 255, 255, 255
L -588, -1334, 4, -597, -1334, 5, 255, 255, 255
L -597, -1334, 5, -634, -1333, 4, 255, 255, 255
L -634, -1333, 4, -634, -1333, 4, 255, 255, 255
L -634, -1333, 4, -650, -1314, 5, 255, 255, 255
L -650, -1314, 5, -649, -1272, 4, 255, 255, 255
L -649, -1272, 4, -650, -1170, 3, 255, 255, 255
L -650, -1170, 3, -651, -1170, 3, 255, 255, 255
L -651, -1170, 3, -670, -1170, 3, 255, 255, 255
L -670, -1170, 3, -700, -1170, 3, 255, 255, 255
L -700, -1170, 3, -771, -1170, 3, 255, 255, 255
L -771, -1170, 3, -773, -1171, 3, 255, 255, 255
L -773, -1171, 3, -776, -1171, 3, 255, 255, 255
L -776, -1171, 3, -800, -1171, 4, 255, 255, 255
L -800, -1171, 4, -809, -1171, 3, 255, 255, 255
L -809, -1171, 3, -824, -1170, 4, 255, 255, 255
L -824, -1170, 4, -851, -1171, 4, 255, 255, 255
L -851, -1171, 4, -853, -1172, 2, 255, 255, 255
L -853, -1172, 2, -863, -1171, 1, 255, 255, 255
L -863, -1171, 1, -873, -1171, 4, 255, 255, 255
L -873, -1171, 4, -872, -1169, 5, 255, 255, 255
L -872, -1169, 5, -872, -1168, 5, 255, 255, 255
L -872, -1168, 5, -872, -1166, 5, 255, 255, 255
L -872, -1166, 5, -871, -1165, 5, 255, 255, 255
L -871, -1165, 5, -869, -1164, 5, 255, 255, 255
L -869, -1164, 5, -869, -1162, 5, 255, 255, 255
L -869, -1162, 5, -869, -1161, 5, 255, 255, 255
L -869, -1161, 5, -869, -1156, 5, 255, 255, 255
L -869, -1156, 5, -870, -1156, 5, 255, 255, 255
L -870, -1156, 5, -880, -1155, 9, 255, 255, 255
L -880, -1155, 9, -881, -1154, 5, 255, 255, 255
L -881, -1154, 5, -881, -1084, 5, 255, 255, 255
L -881, -1084, 5, -933, -1050, 5, 255, 255, 255
L -933, -1050, 5, -935, -1050, 5, 255, 255, 255
L -935, -1050, 5, -992, -1050, 9, 255, 255, 255
L -992, -1050, 9, -993, -1048, 9, 255, 255, 255
L -993, -1048, 9, -993, -1047, 9, 255, 255, 255
L -993, -1047, 9, -993, -1038, 5, 255, 255, 255
L -993, -1038, 5, -1002, -1038, 5, 255, 255, 255
L -1002, -1038, 5, -1002, -1040, 5, 255, 255, 255
L -1002, -1040, 5, -1004, -1041, 5, 255, 255, 255
L -1004, -1041, 5, -1005, -1041, 5, 255, 255, 255
L -1005, -1041, 5, -1006, -1041, 5, 255, 255, 255
L -1006, -1041, 5, -1008, -1040, 5, 255, 255, 255
L -1008, -1040, 5, -1009, -1039, 4, 255, 255, 255
L -1009, -1039, 4, -1009, -1037, 4, 255, 255, 255
L -1009, -1037, 4, -1009, -916, 5, 255, 255, 255
L -1009, -916, 5, -1008, -915, 5, 255, 255, 255
L -1008, -915, 5, -1006, -915, 5, 255, 255, 255
L -1006, -915, 5, -1002, -915, 5, 255, 255, 255
L -1002, -915, 5, -1002, -917, 5, 255, 255, 255
L -1002, -917, 5, -1001, -917, 5, 255, 255, 255
L -1001, -917, 5, -993, -917, 5, 255, 255, 255
L -993, -917, 5, -993, -915, 5, 255, 255, 255
L -993, -915, 5, -992, -907, 9, 255, 255, 255
L -992, -907, 9, -991, -906, 5, 255, 255, 255
L -991, -906, 5, -989, -906, 5, 255, 255, 255
L -989, -906, 5, -884, -906, 5, 255, 255, 255
L -884, -906, 5, -884, -663, 5, 255, 255, 255
L -884, -663, 5, -992, -662, 5, 255, 255, 255
L -992, -662, 5, -993, -661, 8, 255, 255, 255
L -993, -661, 8, -993, -659, 9, 255, 255, 255
L -993, -659, 9, -993, -651, 5, 255, 255, 255
L -993, -651, 5, -1002, -651, 5, 255, 255, 255
L -1002, -651, 5, -1002, -653, 5, 255, 255, 255
L -1002, -653, 5, -1003, -654, 5, 255, 255, 255
L -1003, -654, 5, -1005, -654, 5, 255, 255, 255
L -1005, -654, 5, -1008, -653, 5, 255, 255, 255
L -1008, -653, 5, -1009, -652, 3, 255, 255, 255
L -1009, -652, 3, -1009, -650, 3, 255, 255, 255
L -1009, -650, 3, -1011, -650, 3, 255, 255, 255
L -1011, -650, 3, -1012, -650, 3, 255, 255, 255
L -1012, -650, 3, -1041, -650, -3, 255, 255, 255
L -1041, -650, -3, -1041, -652, -4, 255, 255, 255
L -1041, -652, -4, -1040, -653, 0, 255, 255, 255
L -1040, -653, 0, -1042, -654, 5, 255, 255, 255
L -1042, -654, 5, -1044, -654, 5, 255, 255, 255
L -1044, -654, 5, -1046, -653, 5, 255, 255, 255
L -1046, -653, 5, -1047, -652, 5, 255, 255, 255
L -1047, -652, 5, -1047, -651, 5, 255, 255, 255
L -1047, -651, 5, -1055, -651, 5, 255, 255, 255
L -1055, -651, 5, -1055, -652, 5, 255, 255, 255
L -1055, -652, 5, -1055, -660, 9, 255, 255, 255
L -1055, -658, 7, -1056, -662, 9, 255, 255, 255
L -1056, -662, 9, -1058, -663, 5, 255, 255, 255
L -1058, -663, 5, -1135, -663, 5, 255, 255, 255
L -1135, -663, 5, -1135, -906, 5, 255, 255, 255
L -1135, -906, 5, -1056, -907, 5, 255, 255, 255
L -1056, -907, 5, -1055, -908, 7, 255, 255, 255
L -1055, -908, 7, -1055, -910, 9, 255, 255, 255
L -1055, -910, 9, -1055, -918, 5, 255, 255, 255
L -1055, -918, 5, -1046, -918, 5, 255, 255, 255
L -1046, -918, 5, -1046, -917, 5, 255, 255, 255
L -1046, -917, 5, -1045, -915, 5, 255, 255, 255
L -1045, -915, 5, -1039, -915, 5, 255, 255, 255
L -1039, -915, 5, -1039, -916, 4, 255, 255, 255
L -1039, -916, 4, -1040, -927, 1, 255, 255, 255
L -1040, -927, 1, -1040, -929, 1, 255, 255, 255
L -1040, -929, 1, -1040, -950, 4, 255, 255, 255
L -1040, -950, 4, -1040, -1020, 4, 255, 255, 255
L -1040, -1020, 4, -1039, -1021, 5, 255, 255, 255
L -1039, -1021, 5, -1039, -1023, 3, 255, 255, 255
L -1039, -1023, 3, -1039, -1041, 5, 255, 255, 255
L -1039, -1041, 5, -1040, -1041, 5, 255, 255, 255
L -1040, -1041, 5, -1047, -1041, 5, 255, 255, 255
L -1047, -1041, 5, -1047, -1039, 5, 255, 255, 255
L -1047, -1039, 5, -1047, -1038, 5, 255, 255, 255
L -1047, -1038, 5, -1055, -1038, 5, 255, 255, 255
L -1055, -1038, 5, -1055, -1039, 5, 255, 255, 255
L -1055, -1039, 5, -1056, -1050, 9, 255, 255, 255
L -1056, -1050, 9, -1057, -1050, 5, 255, 255, 255
L -1057, -1050, 5, -1058, -1050, 5, 255, 255, 255
L -1058, -1050, 5, -1060, -1050, 5, 255, 255, 255
L -1060, -1050, 5, -1073, -1050, 5, 255, 255, 255
L -1073, -1050, 5, -1125, -1085, 5, 255, 255, 255
L -1125, -1085, 5, -1126, -1155, 5, 255, 255, 255
L -1126, -1155, 5, -1127, -1156, 6, 255, 255, 255
L -1127, -1156, 6, -1129, -1156, 6, 255, 255, 255
L -1129, -1156, 6, -1132, -1156, 7, 255, 255, 255
L -1132, -1156, 7, -1137, -1156, 5, 255, 255, 255
L -1137, -1156, 5, -1137, -1158, 5, 255, 255, 255
L -1137, -1158, 5, -1137, -1165, 5, 255, 255, 255
L -1137, -1165, 5, -1135, -1165, 5, 255, 255, 255
L -1135, -1165, 5, -1134, -1166, 5, 255, 255, 255
L -1134, -1166, 5, -1134, -1168, 5, 255, 255, 255
L -1134, -1168, 5, -1135, -1171, 5, 255, 255, 255
L -1135, -1171, 5, -1137, -1172, 3, 255, 255, 255
L -1137, -1172, 3, -1138, -1172, 2, 255, 255, 255
L -1138, -1172, 2, -1160, -1171, 2, 255, 255, 255
L -1160, -1171, 2, -1160, -1172, 4, 255, 255, 255
L -1160, -1172, 4, -1160, -1204, 3, 255, 255, 255
L -1160, -1204, 3, -1159, -1204, 3, 255, 255, 255
L -1159, -1204, 3, -1155, -1204, 3, 255, 255, 255
L -1155, -1204, 3, -1154, -1203, 4, 255, 255, 255
L -1154, -1203, 4, -1153, -1202, 4, 255, 255, 255
L -1153, -1202, 4, -1151, -1202, 4, 255, 255, 255
L -1151, -1202, 4, -1145, -1201, 3, 255, 255, 255
L -1145, -1201, 3, -1144, -1202, 3, 255, 255, 255
L -1144, -1202, 3, -1135, -1203, 5, 255, 255, 255
L -1135, -1203, 5, -1134, -1205, 5, 255, 255, 255
L -1134, -1205, 5, -1135, -1209, 5, 255, 255, 255
L -1135, -1209, 5, -1136, -1209, 5, 255, 255, 255
L -1136, -1209, 5, -1136, -1211, 5, 255, 255, 255
L -1136, -1211, 5, -1136, -1218, 5, 255, 255, 255
L -1136, -1218, 5, -1134, -1218, 5, 255, 255, 255
L -1134, -1218, 5, -1126, -1219, 9, 255, 255, 255
L -1126, -1219, 9, -1125, -1220, 5, 255, 255, 255
L -1125, -1220, 5, -1125, -1264, 5, 255, 255, 255
L -1125, -1264, 5, -1090, -1316, 5, 255, 255, 255
L -1090, -1316, 5, -1056, -1316, 5, 255, 255, 255
L -1056, -1316, 5, -1054, -1317, 9, 255, 255, 255
L -1054, -1317, 9, -1054, -1319, 9, 255, 255, 255
L -1054, -1319, 9, -1054, -1328, 5, 255, 255, 255
L -1054, -1328, 5, -1045, -1328, 5, 255, 255, 255
L -1045, -1328, 5, -1045, -1327, 5, 255, 255, 255
L -1045, -1327, 5, -1044, -1325, 5, 255, 255, 255
L -1044, -1325, 5, -1038, -1325, 5, 255, 255, 255
L -1038, -1325, 5, -1038, -1327, 4, 255, 255, 255
L -1038, -1327, 4, -1038, -1342, 2, 255, 255, 255
L -1038, -1342, 2, -1038, -1344, 2, 255, 255, 255
L -1038, -1344, 2, -1039, -1357, 5, 255, 255, 255
L -1039, -1357, 5, -1039, -1377, 5, 255, 255, 255
L -1039, -1377, 5, -1040, -1489, 4, 255, 255, 255
L -1040, -1489, 4, -1040, -1529, 3, 255, 255, 255
L -1040, -1529, 3, -1039, -1529, 3, 255, 255, 255
L -1039, -1529, 3, -1002, -1529, 4, 255, 255, 255
L -1002, -1529, 4, -970, -1530, 4, 255, 255, 255
L -970, -1530, 4, -897, -1529, 4, 255, 255, 255
L -897, -1529, 4, -879, -1527, 5, 255, 255, 255
L -879, -1527, 5, -878, -1530, 5, 255, 255, 255
L -878, -1530, 5, -878, -1532, 5, 255, 255, 255
L -878, -1532, 5, -877, -1543, 5, 255, 255, 255
L -877, -1543, 5, -877, -1546, 5, 255, 255, 255
L -877, -1546, 5, -876, -1561, 5, 255, 255, 255
L -876, -1561, 5, -875, -1687, 5, 255, 255, 255
L -875, -1687, 5, -875, -1719, 5, 255, 255, 255
L -875, -1719, 5, -878, -1719, 5, 255, 255, 255
L -878, -1719, 5, -880, -1720, 5, 255, 255, 255
L -880, -1720, 5, -882, -1720, 5, 255, 255, 255
L -882, -1720, 5, -883, -1720, 5, 255, 255, 255
L -883, -1720, 5, -884, -1719, 5, 255, 255, 255
L -884, -1719, 5, -889, -1718, 5, 255, 255, 255
L -889, -1718, 5, -891, -1717, 5, 255, 255, 255
L -891, -1717, 5, -892, -1717, 5, 255, 255, 255
L -892, -1717, 5, -893, -1718, 5, 255, 255, 255
L -893, -1718, 5, -893, -1720, 5, 255, 255, 255
L -893, -1720, 5, -894, -1728, 9, 255, 255, 255
L -894, -1728, 9, -894, -1729, 5, 255, 255, 255
L -894, -1729, 5, -896, -1729, 5, 255, 255, 255
L -896, -1729, 5, -900, -1729, 5, 255, 255, 255
L -900, -1729, 5, -906, -1729, 5, 255, 255, 255
L -906, -1729, 5, -906, -1730, 5, 255, 255, 255
L -906, -1730, 5, -907, -1732, 5, 255, 255, 255
L -907, -1732, 5, -908, -1732, 5, 255, 255, 255
L -908, -1732, 5, -910, -1731, 5, 255, 255, 255
L -910, -1731, 5, -912, -1731, 5, 255, 255, 255
L -912, -1731, 5, -917, -1729, 5, 255, 255, 255
L -917, -1729, 5, -940, -1729, 5, 255, 255, 255
L -940, -1729, 5, -940, -1730, 5, 255, 255, 255
L -940, -1730, 5, -941, -1732, 5, 255, 255, 255
L -941, -1732, 5, -943, -1732, 5, 255, 255, 255
L -943, -1732, 5, -948, -1731, 5, 255, 255, 255
L -948, -1731, 5, -948, -1730, 5, 255, 255, 255
L -948, -1730, 5, -948, -1729, 5, 255, 255, 255
L -948, -1729, 5, -973, -1729, 5, 255, 255, 255
L -973, -1729, 5, -973, -1796, 5, 255, 255, 255
L -973, -1796, 5, -960, -1796, 5, 255, 255, 255
L -960, -1796, 5, -959, -1797, 5, 255, 255, 255
L -959, -1797, 5, -959, -1798, 5, 255, 255, 255
L -959, -1798, 5, -959, -1802, 5, 255, 255, 255
L -959, -1802, 5, -961, -1803, 5, 255, 255, 255
L -961, -1803, 5, -962, -1803, 5, 255, 255, 255
L -962, -1803, 5, -972, -1803, 5, 255, 255, 255
L -972, -1803, 5, -973, -1803, 5, 255, 255, 255
L -973, -1803, 5, -973, -1821, 5, 255, 255, 255
L -973, -1821, 5, -960, -1821, 5, 255, 255, 255
L -960, -1821, 5, -958, -1822, 5, 255, 255, 255
L -958, -1822, 5, -959, -1823, 5, 255, 255, 255
L -959, -1823, 5, -959, -1828, 5, 255, 255, 255
L -959, -1828, 5, -960, -1830, 5, 255, 255, 255
L -960, -1830, 5, -961, -1830, 5, 255, 255, 255
L -961, -1830, 5, -969, -1828, 5, 255, 255, 255
L -969, -1828, 5, -973, -1828, 5, 255, 255, 255
L -973, -1828, 5, -973, -1857, 5, 255, 255, 255
L -973, -1857, 5, -960, -1857, 5, 255, 255, 255
L -960, -1857, 5, -959, -1858, 5, 255, 255, 255
L -959, -1858, 5, -959, -1860, 5, 255, 255, 255
L -959, -1860, 5, -959, -1865, 5, 255, 255, 255
L -959, -1865, 5, -960, -1866, 5, 255, 255, 255
L -960, -1866, 5, -967, -1864, 5, 255, 255, 255
L -967, -1864, 5, -973, -1864, 5, 255, 255, 255
L -973, -1864, 5, -973, -1906, 5, 255, 255, 255
L -973, -1906, 5, -960, -1906, 5, 255, 255, 255
L -960, -1906, 5, -958, -1906, 5, 255, 255, 255
L -958, -1906, 5, -956, -1907, 5, 255, 255, 255
L -956, -1907, 5, -959, -1915, 5, 255, 255, 255
L -959, -1915, 5, -968, -1913, 5, 255, 255, 255
L -968, -1913, 5, -973, -1913, 5, 255, 255, 255
L -973, -1913, 5, -973, -1932, 5, 255, 255, 255
L -973, -1932, 5, -959, -1932, 5, 255, 255, 255
L -959, -1932, 5, -957, -1933, 5, 255, 255, 255
L -957, -1933, 5, -957, -1935, 5, 255, 255, 255
L -957, -1935, 5, -960, -1945, 5, 255, 255, 255
L -960, -1945, 5, -970, -1941, 5, 255, 255, 255
L -970, -1941, 5, -973, -1940, 5, 255, 255, 255
L -973, -1940, 5, -973, -1972, 5, 255, 255, 255
L -973, -1972, 5, -946, -1972, 5, 255, 255, 255
L -946, -1972, 5, -946, -1971, 5, 255, 255, 255
L -946, -1971, 5, -946, -1969, 5, 255, 255, 255
L -946, -1969, 5, -945, -1969, 5, 255, 255, 255
L -945, -1969, 5, -938, -1969, 5, 255, 255, 255
L -938, -1969, 5, -937, -1971, 5, 255, 255, 255
L -937, -1971, 5, -938, -1972, 5, 255, 255, 255
L -938, -1972, 5, -912, -1972, 5, 255, 255, 255
L -912, -1972, 5, -912, -1970, 5, 255, 255, 255
L -912, -1970, 5, -911, -1969, 5, 255, 255, 255
L -911, -1969, 5, -910, -1968, 5, 255, 255, 255
L -910, -1968, 5, -909, -1968, 5, 255, 255, 255
L -909, -1968, 5, -911, -1969, 5, 255, 255, 255
L -911, -1969, 5, -906, -1969, 5, 255, 255, 255
L -906, -1969, 5, -904, -1970, 5, 255, 255, 255
L -904, -1970, 5, -904, -1971, 5, 255, 255, 255
L -904, -1971, 5, -902, -1972, 5, 255, 255, 255
L -902, -1972, 5, -901, -1972, 5, 255, 255, 255
L -901, -1972, 5, -894, -1973, 5, 255, 255, 255
L -894, -1973, 5, -893, -1975, 9, 255, 255, 255
L -893, -1975, 9, -893, -1976, 7, 255, 255, 255
L -893, -1976, 7, -893, -1984, 5, 255, 255, 255
L -893, -1984, 5, -884, -1984, 5, 255, 255, 255
L -884, -1984, 5, -884, -1983, 5, 255, 255, 255
L -884, -1983, 5, -884, -1980, 5, 255, 255, 255
L -884, -1980, 5, -882, -1980, 5, 255, 255, 255
L -882, -1980, 5, -875, -1981, 5, 255, 255, 255
L -875, -1981, 5, -876, -2002, 4, 255, 255, 255
L -876, -2002, 4, -876, -2004, 5, 255, 255, 255
L -876, -2004, 5, -877, -2025, 5, 255, 255, 255
L -877, -2025, 5, -877, -2038, 4, 255, 255, 255
L -877, -2038, 4, -875, -2038, 4, 255, 255, 255
L -875, -2038, 4, -874, -2039, 4, 255, 255, 255
L -874, -2039, 4, -874, -2040, 4, 255, 255, 255
L -874, -2040, 4, -874, -2060, 2, 255, 255, 255
L -874, -2060, 2, -875, -2062, 2, 255, 255, 255
L -875, -2062, 2, -875, -2082, 13, 255, 255, 255
L -875, -2082, 13, -875, -2083, 13, 255, 255, 255
L -875, -2083, 13, -875, -2103, 25, 255, 255, 255
L -875, -2103, 25, -876, -2105, 25, 255, 255, 255
L -876, -2105, 25, -876, -2132, 34, 255, 255, 255
L -876, -2132, 34, -878, -2131, 34, 255, 255, 255
L -878, -2131, 34, -879, -2130, 34, 255, 255, 255
L -879, -2130, 34, -882, -2127, 35, 255, 255, 255
L -882, -2127, 35, -887, -2124, 35, 255, 255, 255
L -887, -2124, 35, -888, -2124, 35, 255, 255, 255
L -888, -2124, 35, -903, -2124, 35, 255, 255, 255
L -903, -2124, 35, -903, -2126, 36, 255, 255, 255
L -903, -2126, 36, -903, -2241, 36, 255, 255, 255
L -903, -2241, 36, -810, -2241, 36, 255, 255, 255
L -810, -2241, 36, -791, -2222, 36, 255, 255, 255
L -791, -2222, 36, -791, -2205, 36, 255, 255, 255
L -791, -2205, 36, -793, -2205, 36, 255, 255, 255
L -793, -2205, 36, -794, -2204, 36, 255, 255, 255
L -794, -2204, 36, -795, -2202, 36, 255, 255, 255
L -795, -2202, 36, -794, -2199, 36, 255, 255, 255
L -794, -2199, 36, -792, -2197, 36, 255, 255, 255
L -792, -2197, 36, -791, -2197, 36, 255, 255, 255
L -791, -2197, 36, -775, -2198, 27, 255, 255, 255
L -775, -2198, 27, -766, -2198, 23, 255, 255, 255
L -766, -2198, 23, -757, -2198, 19, 255, 255, 255
L -757, -2198, 19, -748, -2198, 13, 255, 255, 255
L -748, -2198, 13, -669, -2197, 5, 255, 255, 255
L -669, -2197, 5, -668, -2198, 4, 255, 255, 255
L -668, -2198, 4, -651, -2218, 4, 255, 255, 255
L -651, -2218, 4, -649, -2340, 5, 255, 255, 255
L -649, -2340, 5, -649, -2389, 5, 255, 255, 255
L -649, -2389, 5, -651, -2390, 5, 255, 255, 255
L -651, -2390, 5, -656, -2390, 5, 255, 255, 255
L -656, -2390, 5, -665, -2387, 5, 255, 255, 255
L -665, -2387, 5, -666, -2388, 5, 255, 255, 255
L -666, -2388, 5, -666, -2390, 5, 255, 255, 255
L -666, -2390, 5, -667, -2398, 9, 255, 255, 255
L -667, -2398, 9, -669, -2399, 9, 255, 255, 255
L -669, -2399, 9, -670, -2399, 20, 255, 255, 255
L -603, -2398, 9, -604, -2388, 5, 255, 255, 255
L -343, -1313, 112, -343, -1393, 112, 255, 255, 255
L -343, -1393, 112, -302, -1452, 112, 255, 255, 255
L -302, -1452, 112, -234, -1477, 112, 255, 255, 255
L -234, -1477, 112, -160, -1468, 112, 255, 255, 255
L -160, -1468, 112, -114, -1428, 111, 255, 255, 255
L -114, -1428, 111, -114, -1426, 111, 255, 255, 255
L -114, -1426, 111, -95, -1380, 103, 255, 255, 255
L -95, -1380, 103, -96, -1378, 103, 255, 255, 255
L -96, -1378, 103, -96, -1376, 103, 255, 255, 255
L -96, -1376, 103, -95, -1373, 103, 255, 255, 255
L -95, -1373, 103, -93, -1372, 102, 255, 255, 255
L -93, -1372, 102, -92, -1372, 103, 255, 255, 255
L -92, -1372, 103, -83, -1372, 101, 255, 255, 255
L -83, -1372, 101, -37, -1372, 103, 255, 255, 255
L -37, -1372, 103, -17, -1372, 102, 255, 255, 255
L -17, -1372, 102, -15, -1373, 101, 255, 255, 255
L -15, -1373, 101, -9, -1374, 100, 255, 255, 255
L -9, -1374, 100, -10, -1375, 101, 255, 255, 255
L -10, -1375, 101, -10, -1377, 101, 255, 255, 255
L -10, -1377, 101, -10, -1379, 102, 255, 255, 255
L -10, -1379, 102, -13, -1382, 102, 255, 255, 255
L -13, -1382, 102, -13, -1399, 103, 255, 255, 255
L -13, -1399, 103, 104, -1399, 108, 255, 255, 255
L 104, -1399, 108, 104, -1292, 108, 255, 255, 255
L 104, -1292, 108, 85, -1274, 108, 255, 255, 255
L 85, -1274, 108, 84, -1274, 107, 255, 255, 255
L 84, -1274, 107, 69, -1274, 107, 255, 255, 255
L 69, -1274, 107, 69, -1276, 107, 255, 255, 255
L 69, -1276, 107, 68, -1277, 107, 255, 255, 255
L 68, -1277, 107, 66, -1278, 107, 255, 255, 255
L 66, -1278, 107, 64, -1278, 107, 255, 255, 255
L 64, -1278, 107, 62, -1277, 107, 255, 255, 255
L 62, -1277, 107, 61, -1276, 107, 255, 255, 255
L 61, -1276, 107, 60, -1274, 107, 255, 255, 255
L 60, -1274, 107, 60, -1216, 108, 255, 255, 255
L 60, -1216, 108, 60, -1214, 106, 255, 255, 255
L 60, -1214, 106, 60, -1176, 93, 255, 255, 255
L 60, -1176, 93, 60, -1174, 92, 255, 255, 255
L 60, -1174, 92, 61, -1164, 85, 255, 255, 255
L 61, -1164, 85, 61, -1153, 78, 255, 255, 255
L 61, -1153, 78, 62, -1142, 72, 255, 255, 255
L 62, -1142, 72, 62, -1130, 68, 255, 255, 255
L 62, -1130, 68, 62, -1128, 67, 255, 255, 255
L 62, -1128, 67, 63, -1118, 60, 255, 255, 255
L 63, -1118, 60, 64, -1094, 47, 255, 255, 255
L 64, -1094, 47, 65, -1066, 32, 255, 255, 255
L 65, -1066, 32, 66, -1052, 32, 255, 255, 255
L 66, -1052, 32, 66, -1051, 32, 255, 255, 255
L 66, -1051, 32, 66, -1038, 32, 255, 255, 255
L 66, -1038, 32, 66, -1037, 32, 255, 255, 255
L 66, -1037, 32, 67, -1024, 32, 255, 255, 255
L 67, -1024, 32, 67, -1023, 32, 255, 255, 255
L 67, -1023, 32, 67, -1008, 32, 255, 255, 255
L 67, -1008, 32, 68, -971, 18, 255, 255, 255
L 68, -971, 18, 69, -951, 14, 255, 255, 255
L 69, -951, 14, 69, -927, 14, 255, 255, 255
L 69, -927, 14, 69, -923, 14, 255, 255, 255
L 69, -923, 14, 68, -923, 14, 255, 255, 255
L 68, -923, 14, 60, -922, 19, 255, 255, 255
L 60, -922, 19, 60, -899, 20, 255, 255, 255
L 60, -899, 20, 61, -898, 19, 255, 255, 255
L 61, -898, 19, 62, -898, 20, 255, 255, 255
L 62, -898, 20, 76, -899, 20, 255, 255, 255
L 76, -899, 20, 76, -897, 20, 255, 255, 255
L 76, -897, 20, 77, -890, 24, 255, 255, 255
L 77, -890, 24, 79, -889, 20, 255, 255, 255
L 79, -889, 20, 136, -889, 20, 255, 255, 255
L 136, -889, 20, 171, -837, 20, 255, 255, 255
L 171, -837, 20, 171, -835, 20, 255, 255, 255
L 171, -835, 20, 172, -792, 22, 255, 255, 255
L 172, -792, 22, 173, -791, 24, 255, 255, 255
L 173, -791, 24, 174, -791, 24, 255, 255, 255
L 174, -791, 24, 175, -791, 22, 255, 255, 255
L 175, -791, 22, 183, -791, 20, 255, 255, 255
L 183, -791, 20, 183, -782, 20, 255, 255, 255
L 183, -782, 20, 180, -782, 20, 255, 255, 255
L 180, -782, 20, 180, -781, 20, 255, 255, 255
L 180, -781, 20, 180, -776, 20, 255, 255, 255
L 180, -776, 20, 181, -775, 19, 255, 255, 255
L 181, -775, 19, 183, -775, 18, 255, 255, 255
L 183, -775, 18, 193, -776, 16, 255, 255, 255
L 193, -776, 16, 212, -776, 19, 255, 255, 255
L 212, -776, 19, 222, -776, 19, 255, 255, 255
L 222, -776, 19, 238, -776, 19, 255, 255, 255
L 238, -776, 19, 240, -776, 17, 255, 255, 255
L 240, -776, 17, 241, -776, 17, 255, 255, 255
L 241, -776, 17, 283, -776, 28, 255, 255, 255
L 283, -776, 28, 343, -776, 45, 255, 255, 255
L 343, -776, 45, 344, -776, 44, 255, 255, 255
L 344, -776, 44, 362, -776, 44, 255, 255, 255
L 362, -776, 44, 371, -776, 46, 255, 255, 255
L 371, -776, 46, 401, -777, 61, 255, 255, 255
L 401, -777, 61, 487, -777, 60, 255, 255, 255
L 487, -777, 60, 487, -616, 60, 255, 255, 255
L 487, -616, 60, 489, -616, 60, 255, 255, 255
L 489, -616, 60, 580, -616, 84, 255, 255, 255
L 580, -616, 84, 591, -617, 84, 255, 255, 255
L 591, -617, 84, 602, -618, 85, 255, 255, 255
L 602, -618, 85, 615, -621, 86, 255, 255, 255
L 615, -621, 86, 616, -622, 86, 255, 255, 255
L 616, -622, 86, 616, -624, 86, 255, 255, 255
L 616, -624, 86, 615, -625, 86, 255, 255, 255
L 615, -625, 86, 614, -627, 86, 255, 255, 255
L 614, -627, 86, 613, -628, 86, 255, 255, 255
L 613, -628, 86, 611, -629, 87, 255, 255, 255
L 611, -629, 87, 610, -629, 87, 255, 255, 255
L 610, -629, 87, 609, -630, 87, 255, 255, 255
L 609, -630, 87, 607, -630, 87, 255, 255, 255
L 607, -630, 87, 597, -631, 87, 255, 255, 255
L 597, -631, 87, 597, -632, 88, 255, 255, 255
L 597, -632, 88, 597, -641, 88, 255, 255, 255
L 597, -641, 88, 616, -659, 89, 255, 255, 255
L 616, -659, 89, 676, -659, 90, 255, 255, 255
L 676, -659, 90, 676, -658, 91, 255, 255, 255
L 676, -658, 91, 676, -646, 92, 255, 255, 255
L 676, -646, 92, 677, -645, 92, 255, 255, 255
L 677, -645, 92, 681, -643, 92, 255, 255, 255
L 681, -643, 92, 683, -644, 92, 255, 255, 255
L 683, -644, 92, 685, -645, 93, 255, 255, 255
L 685, -645, 93, 686, -646, 93, 255, 255, 255
L 686, -646, 93, 686, -648, 93, 255, 255, 255
L 686, -648, 93, 683, -657, 93, 255, 255, 255
L 683, -657, 93, 683, -659, 93, 255, 255, 255
L 683, -659, 93, 685, -659, 93, 255, 255, 255
L 685, -659, 93, 709, -659, 93, 255, 255, 255
L 709, -659, 93, 709, -542, 93, 255, 255, 255
L 709, -542, 93, 688, -542, 93, 255, 255, 255
L 688, -542, 93, 688, -555, 93, 255, 255, 255
L 688, -555, 93, 680, -561, 93, 255, 255, 255
L 680, -561, 93, 678, -560, 93, 255, 255, 255
L 678, -560, 93, 676, -558, 93, 255, 255, 255
L 676, -558, 93, 670, -551, 93, 255, 255, 255
L 670, -551, 93, 670, -550, 93, 255, 255, 255
L 670, -550, 93, 670, -548, 93, 255, 255, 255
L 670, -548, 93, 671, -546, 93, 255, 255, 255
L 671, -546, 93, 672, -543, 93, 255, 255, 255
L 672, -543, 93, 674, -540, 93, 255, 255, 255
L 674, -540, 93, 675, -539, 91, 255, 255, 255
L 675, -539, 91, 676, -538, 91, 255, 255, 255
L 676, -538, 91, 676, -536, 90, 255, 255, 255
L 676, -536, 90, 682, -529, 85, 255, 255, 255
L 682, -529, 85, 683, -527, 82, 255, 255, 255
L 683, -527, 82, 682, -521, 81, 255, 255, 255
L 682, -521, 81, 682, -518, 80, 255, 255, 255
L 682, -518, 80, 682, -516, 80, 255, 255, 255
L 682, -516, 80, 681, -514, 78, 255, 255, 255
L 681, -514, 78, 681, -512, 78, 255, 255, 255
L 681, -512, 78, 681, -509, 76, 255, 255, 255
L 681, -509, 76, 680, -508, 76, 255, 255, 255
L 680, -508, 76, 680, -505, 72, 255, 255, 255
L 680, -505, 72, 678, -505, 72, 255, 255, 255
L 678, -505, 72, 677, -505, 73, 255, 255, 255
L 677, -505, 73, 676, -505, 73, 255, 255, 255
L 676, -505, 73, 674, -505, 73, 255, 255, 255
L 674, -505, 73, 665, -505, 74, 255, 255, 255
L 665, -505, 74, 655, -505, 74, 255, 255, 255
L 655, -505, 74, 649, -506, 70, 255, 255, 255
L 649, -506, 70, 650, -506, 70, 255, 255, 255
L 650, -506, 70, 650, -508, 70, 255, 255, 255
L 650, -508, 70, 651, -518, 80, 255, 255, 255
L 651, -518, 80, 651, -520, 81, 255, 255, 255
L 651, -520, 81, 650, -526, 84, 255, 255, 255
L 650, -526, 84, 650, -528, 84, 255, 255, 255
L 650, -528, 84, 650, -529, 84, 255, 255, 255
L 650, -529, 84, 649, -535, 85, 255, 255, 255
L 649, -535, 85, 649, -537, 85, 255, 255, 255
L 649, -537, 85, 649, -544, 84, 255, 255, 255
L 649, -544, 84, 647, -545, 84, 255, 255, 255
L 647, -545, 84, 645, -545, 84, 255, 255, 255
L 645, -545, 84, 643, -545, 84, 255, 255, 255
L 643, -545, 84, 642, -544, 84, 255, 255, 255
L 642, -544, 84, 639, -543, 85, 255, 255, 255
L 639, -543, 85, 638, -541, 84, 255, 255, 255
L 638, -541, 84, 636, -541, 84, 255, 255, 255
L 636, -541, 84, 635, -541, 84, 255, 255, 255
L 635, -541, 84, 616, -541, 84, 255, 255, 255
L 616, -541, 84, 614, -542, 84, 255, 255, 255
L 614, -542, 84, 598, -557, 85, 255, 255, 255
L 598, -557, 85, 598, -559, 84, 255, 255, 255
L 598, -559, 84, 598, -577, 84, 255, 255, 255
L 598, -577, 84, 599, -578, 79, 255, 255, 255
L 599, -578, 79, 600, -580, 77, 255, 255, 255
L 600, -580, 77, 600, -582, 77, 255, 255, 255
L 600, -582, 77, 601, -583, 80, 255, 255, 255
L 601, -583, 80, 601, -585, 86, 255, 255, 255
L 601, -585, 86, 602, -587, 87, 255, 255, 255
L 602, -587, 87, 600, -588, 87, 255, 255, 255
L 600, -588, 87, 599, -588, 87, 255, 255, 255
L 599, -588, 87, 597, -589, 87, 255, 255, 255
L 597, -589, 87, 595, -589, 87, 255, 255, 255
L 595, -589, 87, 577, -588, 82, 255, 255, 255
L 577, -588, 82, 569, -588, 78, 255, 255, 255
L 569, -588, 78, 560, -587, 72, 255, 255, 255
L 560, -587, 72, 531, -587, 60, 255, 255, 255
L 531, -587, 60, 518, -587, 60, 255, 255, 255
L 518, -587, 60, 489, -565, 60, 255, 255, 255
L 489, -565, 60, 487, -488, 62, 255, 255, 255
L 487, -488, 62, 487, -371, 62, 255, 255, 255
L 487, -371, 62, 488, -370, 61, 255, 255, 255
L 488, -370, 61, 509, -354, 58, 255, 255, 255
L 509, -354, 58, 511, -353, 58, 255, 255, 255
L 511, -353, 58, 520, -353, 58, 255, 255, 255
L 520, -353, 58, 529, -352, 59, 255, 255, 255
L 529, -352, 59, 566, -351, 60, 255, 255, 255
L 566, -351, 60, 590, -351, 60, 255, 255, 255
L 590, -351, 60, 653, -351, 58, 255, 255, 255
L 653, -351, 58, 653, -350, 58, 255, 255, 255
L 653, -350, 58, 652, -337, 60, 255, 255, 255
L 652, -337, 60, 651, -305, 60, 255, 255, 255
L 651, -305, 60, 650, -148, 61, 255, 255, 255
L 650, -148, 61, 649, -147, 61, 255, 255, 255
L 649, -147, 61, 649, -146, 62, 255, 255, 255
L 649, -146, 62, 648, -144, 62, 255, 255, 255
L 648, -144, 62, 648, -129, 62, 255, 255, 255
L 648, -129, 62, 648, -128, 62, 255, 255, 255
L 648, -128, 62, 649, -128, 60, 255, 255, 255
L 649, -128, 60, 650, -127, 60, 255, 255, 255
L 650, -127, 60, 651, -126, 60, 255, 255, 255
L 651, -126, 60, 652, -126, 60, 255, 255, 255
L 652, -126, 60, 660, -124, 64, 255, 255, 255
L 660, -124, 64, 661, -125, 64, 255, 255, 255
L 661, -125, 64, 661, -128, 62, 255, 255, 255
L 661, -128, 62, 665, -128, 62, 255, 255, 255
L 665, -128, 62, 665, -126, 62, 255, 255, 255
L 665, -126, 62, 666, -118, 66, 255, 255, 255
L 666, -118, 66, 668, -117, 62, 255, 255, 255
L 668, -117, 62, 774, -117, 62, 255, 255, 255
L 774, -117, 62, 774, -50, 62, 255, 255, 255
L 774, -50, 62, 761, -50, 62, 255, 255, 255
L 761, -50, 62, 760, -48, 62, 255, 255, 255
L 760, -48, 62, 760, -43, 62, 255, 255, 255
L 760, -43, 62, 761, -41, 62, 255, 255, 255
L 761, -41, 62, 763, -40, 62, 255, 255, 255
L 763, -40, 62, 770, -43, 62, 255, 255, 255
L 770, -43, 62, 774, -43, 62, 255, 255, 255
L 774, -43, 62, 774, -24, 62, 255, 255, 255
L 774, -24, 62, 761, -24, 62, 255, 255, 255
L 761, -24, 62, 760, -23, 62, 255, 255, 255
L 760, -23, 62, 760, -18, 62, 255, 255, 255
L 760, -18, 62, 761, -16, 62, 255, 255, 255
L 761, -16, 62, 763, -17, 62, 255, 255, 255
L 763, -17, 62, 774, -17, 62, 255, 255, 255
L 774, -17, 62, 774, 12, 62, 255, 255, 255
L 774, 12, 62, 761, 12, 62, 255, 255, 255
L 761, 12, 62, 760, 14, 62, 255, 255, 255
L 760, 14, 62, 760, 15, 62, 255, 255, 255
L 760, 15, 62, 760, 18, 62, 255, 255, 255
L 760, 18, 62, 762, 19, 62, 255, 255, 255
L 762, 19, 62, 774, 19, 62, 255, 255, 255
L 774, 19, 62, 774, 61, 62, 255, 255, 255
L 774, 61, 62, 761, 61, 62, 255, 255, 255
L 761, 61, 62, 759, 62, 62, 255, 255, 255
L 759, 62, 62, 760, 63, 62, 255, 255, 255
L 760, 63, 62, 760, 64, 62, 255, 255, 255
L 760, 64, 62, 760, 68, 62, 255, 255, 255
L 760, 68, 62, 761, 69, 62, 255, 255, 255
L 761, 69, 62, 763, 69, 62, 255, 255, 255
L 763, 69, 62, 764, 68, 62, 255, 255, 255
L 764, 68, 62, 774, 68, 62, 255, 255, 255
L 774, 68, 62, 774, 87, 62, 255, 255, 255
L 774, 87, 62, 760, 87, 62, 255, 255, 255
L 760, 87, 62, 759, 88, 62, 255, 255, 255
L 759, 88, 62, 759, 90, 62, 255, 255, 255
L 759, 90, 62, 760, 94, 62, 255, 255, 255
L 760, 94, 62, 761, 94, 61, 255, 255, 255
L 761, 94, 61, 763, 94, 62, 255, 255, 255
L 763, 94, 62, 773, 94, 62, 255, 255, 255
L 773, 94, 62, 774, 95, 62, 255, 255, 255
L 774, 95, 62, 774, 158, 62, 255, 255, 255
L 774, 158, 62, 772, 158, 62, 255, 255, 255
L 772, 158, 62, 759, 157, 62, 255, 255, 255
L 759, 157, 62, 758, 158, 62, 255, 255, 255
L 758, 158, 62, 758, 160, 62, 255, 255, 255
L 758, 160, 62, 757, 167, 62, 255, 255, 255
L 757, 167, 62, 756, 168, 62, 255, 255, 255
L 756, 168, 62, 627, 168, 62, 255, 255, 255
L 627, 168, 62, 627, 166, 62, 255, 255, 255
L 627, 166, 62, 626, 152, 62, 255, 255, 255
L 626, 152, 62, 625, 151, 62, 255, 255, 255
L 625, 151, 62, 624, 151, 62, 255, 255, 255
L 624, 151, 62, 622, 152, 62, 255, 255, 255
L 622, 152, 62, 620, 152, 62, 255, 255, 255
L 620, 152, 62, 616, 156, 62, 255, 255, 255
L 616, 156, 62, 620, 160, 62, 255, 255, 255
L 620, 160, 62, 619, 168, 62, 255, 255, 255
L 619, 168, 62, 601, 168, 62, 255, 255, 255
L 601, 168, 62, 601, 167, 62, 255, 255, 255
L 601, 167, 62, 601, 153, 62, 255, 255, 255
L 601, 153, 62, 600, 151, 62, 255, 255, 255
L 600, 151, 62, 598, 152, 62, 255, 255, 255
L 598, 152, 62, 596, 152, 62, 255, 255, 255
L 596, 152, 62, 595, 152, 62, 255, 255, 255
L 595, 152, 62, 590, 156, 62, 255, 255, 255
L 590, 156, 62, 591, 157, 62, 255, 255, 255
L 591, 157, 62, 594, 162, 62, 255, 255, 255
L 594, 162, 62, 594, 168, 62, 255, 255, 255
L 594, 168, 62, 565, 168, 62, 255, 255, 255
L 565, 168, 62, 565, 166, 62, 255, 255, 255
L 565, 166, 62, 565, 152, 62, 255, 255, 255
L 565, 152, 62, 564, 151, 62, 255, 255, 255
L 564, 151, 62, 563, 152, 62, 255, 255, 255
L 563, 152, 62, 561, 152, 62, 255, 255, 255
L 561, 152, 62, 559, 152, 62, 255, 255, 255
L 559, 152, 62, 558, 152, 62, 255, 255, 255
L 558, 152, 62, 556, 154, 62, 255, 255, 255
L 556, 154, 62, 557, 155, 62, 255, 255, 255
L 557, 155, 62, 558, 157, 62, 255, 255, 255
L 558, 157, 62, 558, 168, 62, 255, 255, 255
L 558, 168, 62, 516, 168, 62, 255, 255, 255
L 516, 168, 62, 517, 167, 62, 255, 255, 255
L 517, 167, 62, 516, 152, 62, 255, 255, 255
L 516, 152, 62, 514, 149, 62, 255, 255, 255
L 514, 149, 62, 509, 153, 62, 255, 255, 255
L 509, 153, 62, 510, 155, 62, 255, 255, 255
L 510, 155, 62, 510, 168, 62, 255, 255, 255
L 510, 168, 62, 496, 168, 62, 255, 255, 255
L 496, 168, 62, 496, -117, 55, 255, 255, 255
L 496, -117, 55, 602, -118, 55, 255, 255, 255
L 602, -118, 55, 603, -119, 56, 255, 255, 255
L 603, -119, 56, 603, -129, 62, 255, 255, 255
L 603, -129, 62, 612, -129, 62, 255, 255, 255
L 612, -129, 62, 612, -128, 62, 255, 255, 255
L 612, -128, 62, 612, -122, 64, 255, 255, 255
L 612, -122, 64, 614, -122, 64, 255, 255, 255
L 614, -122, 64, 620, -123, 64, 255, 255, 255
L 620, -123, 64, 620, -123, 64, 255, 255, 255
L 620, -123, 64, 619, -134, 60, 255, 255, 255
L 619, -134, 60, 619, -148, 60, 255, 255, 255
L 619, -148, 60, 619, -150, 61, 255, 255, 255
L 619, -150, 61, 618, -196, 61, 255, 255, 255
L 618, -196, 61, 615, -298, 59, 255, 255, 255
L 615, -298, 59, 615, -299, 59, 255, 255, 255
L 615, -299, 59, 614, -300, 58, 255, 255, 255
L 614, -300, 58, 598, -315, 60, 255, 255, 255
L 598, -315, 60, 454, -315, 58, 255, 255, 255
L 454, -315, 58, 454, -584, 62, 255, 255, 255
L 454, -584, 62, 454, -586, 62, 255, 255, 255
L 454, -586, 62, 455, -615, 62, 255, 255, 255
L 455, -615, 62, 455, -633, 61, 255, 255, 255
L 455, -633, 61, 456, -721, 61, 255, 255, 255
L 456, -721, 61, 457, -722, 62, 255, 255, 255
L 457, -722, 62, 457, -724, 62, 255, 255, 255
L 457, -724, 62, 458, -735, 62, 255, 255, 255
L 458, -735, 62, 458, -737, 62, 255, 255, 255
L 458, -737, 62, 457, -738, 62, 255, 255, 255
L 457, -738, 62, 454, -740, 62, 255, 255, 255
L 454, -740, 62, 452, -740, 62, 255, 255, 255
L 452, -740, 62, 450, -741, 62, 255, 255, 255
L 450, -741, 62, 443, -742, 61, 255, 255, 255
L 443, -742, 61, 435, -743, 60, 255, 255, 255
L 435, -743, 60, 426, -744, 61, 255, 255, 255
L 426, -744, 61, 395, -745, 61, 255, 255, 255
L 395, -745, 61, 367, -745, 50, 255, 255, 255
L 367, -745, 50, 285, -747, 29, 255, 255, 255
L 285, -747, 29, 247, -747, 19, 255, 255, 255
L 247, -747, 19, 229, -747, 20, 255, 255, 255
L 229, -747, 20, 178, -746, 21, 255, 255, 255
L 178, -746, 21, 177, -745, 22, 255, 255, 255
L 177, -745, 22, 177, -743, 22, 255, 255, 255
L 177, -743, 22, 177, -739, 22, 255, 255, 255
L 177, -739, 22, 179, -739, 21, 255, 255, 255
L 179, -739, 21, 180, -739, 20, 255, 255, 255
L 180, -739, 20, 181, -738, 20, 255, 255, 255
L 181, -738, 20, 182, -735, 20, 255, 255, 255
L 182, -735, 20, 183, -734, 20, 255, 255, 255
L 183, -734, 20, 183, -732, 20, 255, 255, 255
L 183, -732, 20, 183, -731, 20, 255, 255, 255
L 183, -731, 20, 183, -729, 20, 255, 255, 255
L 183, -729, 20, 181, -729, 20, 255, 255, 255
L 181, -729, 20, 172, -728, 24, 255, 255, 255
L 172, -728, 24, 171, -728, 20, 255, 255, 255
L 171, -728, 20, 171, -726, 20, 255, 255, 255
L 171, -726, 20, 171, -675, 20, 255, 255, 255
L 171, -675, 20, 123, -642, 20, 255, 255, 255
L 123, -642, 20, 124, -652, 20, 255, 255, 255
L 124, -652, 20, 123, -654, 20, 255, 255, 255
L 123, -654, 20, 120, -657, 20, 255, 255, 255
L 120, -657, 20, 115, -652, 20, 255, 255, 255
L 115, -652, 20, 116, -651, 20, 255, 255, 255
L 116, -651, 20, 116, -640, 20, 255, 255, 255
L 116, -640, 20, 77, -640, 20, 255, 255, 255
L 77, -640, 20, 76, -639, 22, 255, 255, 255
L 76, -639, 22, 75, -637, 24, 255, 255, 255
L 75, -637, 24, 75, -628, 20, 255, 255, 255
L 75, -628, 20, 66, -628, 20, 255, 255, 255
L 66, -628, 20, 66, -629, 20, 255, 255, 255
L 66, -629, 20, 66, -631, 20, 255, 255, 255
L 66, -631, 20, 58, -630, 20, 255, 255, 255
L 58, -630, 20, 58, -630, 20, 255, 255, 255
L 58, -630, 20, 58, -626, 18, 255, 255, 255
L 58, -626, 18, 58, -625, 18, 255, 255, 255
L 58, -625, 18, 60, -620, 15, 255, 255, 255
L 60, -620, 15, 61, -618, 13, 255, 255, 255
L 61, -618, 13, 61, -616, 13, 255, 255, 255
L 61, -616, 13, 60, -597, 19, 255, 255, 255
L 60, -597, 19, 60, -587, 19, 255, 255, 255
L 60, -587, 19, 59, -587, 19, 255, 255, 255
L 59, -587, 19, 22, -589, 15, 255, 255, 255
L 22, -589, 15, 22, -590, 15, 255, 255, 255
L 22, -590, 15, 23, -610, 16, 255, 255, 255
L 23, -610, 16, 23, -610, 16, 255, 255, 255
L 23, -610, 16, 30, -611, 20, 255, 255, 255
L 30, -611, 20, 30, -612, 20, 255, 255, 255
L 30, -612, 20, 30, -621, 18, 255, 255, 255
L 30, -621, 18, 30, -622, 18, 255, 255, 255
L 30, -622, 18, 31, -630, 20, 255, 255, 255
L 31, -630, 20, 29, -630, 20, 255, 255, 255
L 29, -630, 20, 27, -631, 20, 255, 255, 255
L 27, -631, 20, 25, -631, 20, 255, 255, 255
L 25, -631, 20, 22, -631, 20, 255, 255, 255
L 22, -631, 20, 21, -630, 20, 255, 255, 255
L 21, -630, 20, 20, -629, 20, 255, 255, 255
L 20, -629, 20, 19, -628, 20, 255, 255, 255
L 19, -628, 20, 13, -628, 20, 255, 255, 255
L 13, -628, 20, 13, -630, 20, 255, 255, 255
L 13, -630, 20, 12, -639, 20, 255, 255, 255
L 12, -639, 20, 11, -640, 20, 255, 255, 255
L 11, -640, 20, 10, -640, 20, 255, 255, 255
L 10, -640, 20, -4, -640, 20, 255, 255, 255
L -4, -640, 20, -46, -675, 20, 255, 255, 255
L -46, -675, 20, -46, -676, 20, 255, 255, 255
L -46, -676, 20, -46, -694, 14, 255, 255, 255
L -46, -694, 14, -45, -695, 11, 255, 255, 255
L -45, -695, 11, -43, -696, 9, 255, 255, 255
L -43, -696, 9, -42, -696, 9, 255, 255, 255
L -42, -696, 9, -40, -698, 20, 255, 255, 255
L -40, -698, 20, -41, -710, 20, 255, 255, 255
L -41, -710, 20, -43, -711, 20, 255, 255, 255
L -43, -711, 20, -45, -710, 20, 255, 255, 255
L -45, -710, 20, -46, -711, 20, 255, 255, 255
L -46, -711, 20, -46, -712, 20, 255, 255, 255
L -46, -712, 20, -47, -728, 21, 255, 255, 255
L -47, -728, 21, -48, -729, 24, 255, 255, 255
L -48, -729, 24, -49, -729, 24, 255, 255, 255
L -49, -729, 24, -58, -729, 20, 255, 255, 255
L -58, -729, 20, -58, -738, 20, 255, 255, 255
L -58, -738, 20, -57, -738, 20, 255, 255, 255
L -57, -738, 20, -52, -738, 22, 255, 255, 255
L -52, -738, 22, -51, -740, 22, 255, 255, 255
L -51, -740, 22, -51, -741, 22, 255, 255, 255
L -51, -741, 22, -51, -746, 22, 255, 255, 255
L -51, -746, 22, -52, -746, 22, 255, 255, 255
L -52, -746, 22, -62, -745, 18, 255, 255, 255
L -62, -745, 18, -70, -745, 18, 255, 255, 255
L -70, -745, 18, -89, -745, 20, 255, 255, 255
L -89, -745, 20, -99, -745, 20, 255, 255, 255
L -99, -745, 20, -127, -746, 17, 255, 255, 255
L -127, -746, 17, -161, -747, 33, 255, 255, 255
L -161, -747, 33, -170, -747, 35, 255, 255, 255
L -170, -747, 35, -187, -747, 45, 255, 255, 255
L -187, -747, 45, -198, -748, 50, 255, 255, 255
L -198, -748, 50, -197, -736, 50, 255, 255, 255
L -197, -736, 50, -196, -735, 50, 255, 255, 255
L -196, -735, 50, -195, -734, 50, 255, 255, 255
L -195, -734, 50, -195, -715, 50, 255, 255, 255
L -195, -715, 50, -213, -699, 50, 255, 255, 255
L -213, -699, 50, -241, -699, 50, 255, 255, 255
L -241, -699, 50, -241, -700, 50, 255, 255, 255
L -241, -700, 50, -241, -703, 50, 255, 255, 255
L -241, -703, 50, -243, -704, 50, 255, 255, 255
L -243, -704, 50, -245, -703, 50, 255, 255, 255
L -245, -703, 50, -248, -702, 50, 255, 255, 255
L -248, -702, 50, -250, -701, 50, 255, 255, 255
L -250, -701, 50, -250, -700, 50, 255, 255, 255
L -250, -700, 50, -250, -508, 18, 255, 255, 255
L -250, -508, 18, -249, -508, 18, 255, 255, 255
L -249, -508, 18, -232, -495, 14, 255, 255, 255
L -232, -495, 14, -213, -494, 15, 255, 255, 255
L -213, -494, 15, -197, -494, 15, 255, 255, 255
L -197, -494, 15, -110, -494, 15, 255, 255, 255
L -110, -494, 15, -82, -494, 13, 255, 255, 255
L -82, -494, 13, -82, -493, 13, 255, 255, 255
L -82, -493, 13, -83, -453, 16, 255, 255, 255
L -83, -453, 16, -83, -411, 16, 255, 255, 255
L -83, -411, 16, -84, -209, 16, 255, 255, 255
L -84, -209, 16, -85, -209, 17, 255, 255, 255
L -85, -209, 17, -86, -207, 17, 255, 255, 255
L -86, -207, 17, -86, -187, 18, 255, 255, 255
L -86, -187, 18, -79, -187, 18, 255, 255, 255
L -79, -187, 18, -79, -189, 18, 255, 255, 255
L -79, -189, 18, -79, -190, 18, 255, 255, 255
L -79, -190, 18, -78, -191, 18, 255, 255, 255
L -78, -191, 18, -70, -191, 18, 255, 255, 255
L -70, -191, 18, -70, -181, 18, 255, 255, 255
L -70, -181, 18, -69, -181, 18, 255, 255, 255
L -69, -181, 18, -67, -181, 18, 255, 255, 255
L -67, -181, 18, 122, -181, 18, 255, 255, 255
L 122, -181, 18, 122, -92, 18, 255, 255, 255
L 122, -92, 18, 109, -92, 18, 255, 255, 255
L 109, -92, 18, 108, -90, 18, 255, 255, 255
L 108, -90, 18, 108, -89, 18, 255, 255, 255
L 108, -89, 18, 109, -85, 18, 255, 255, 255
L 109, -85, 18, 110, -84, 18, 255, 255, 255
L 110, -84, 18, 112, -85, 18, 255, 255, 255
L 112, -85, 18, 122, -85, 18, 255, 255, 255
L 122, -85, 18, 122, -66, 18, 255, 255, 255
L 122, -66, 18, 109, -66, 18, 255, 255, 255
L 109, -66, 18, 108, -65, 18, 255, 255, 255
L 108, -65, 18, 108, -64, 18, 255, 255, 255
L 108, -64, 18, 108, -63, 18, 255, 255, 255
L 108, -63, 18, 108, -62, 18, 255, 255, 255
L 108, -62, 18, 109, -59, 18, 255, 255, 255
L 109, -59, 18, 110, -59, 18, 255, 255, 255
L 110, -59, 18, 122, -59, 18, 255, 255, 255
L 122, -59, 18, 122, -31, 18, 255, 255, 255
L 122, -31, 18, 109, -31, 18, 255, 255, 255
L 109, -31, 18, 108, -30, 18, 255, 255, 255
L 108, -30, 18, 107, -29, 18, 255, 255, 255
L 107, -29, 18, 108, -28, 18, 255, 255, 255
L 108, -28, 18, 108, -27, 18, 255, 255, 255
L 108, -27, 18, 109, -24, 18, 255, 255, 255
L 109, -24, 18, 110, -22, 18, 255, 255, 255
L 110, -22, 18, 111, -23, 18, 255, 255, 255
L 111, -23, 18, 113, -24, 18, 255, 255, 255
L 113, -24, 18, 122, -24, 18, 255, 255, 255
L 122, -24, 18, 122, 17, 18, 255, 255, 255
L 122, 17, 18, 109, 17, 18, 255, 255, 255
L 109, 17, 18, 108, 18, 18, 255, 255, 255
L 108, 18, 18, 107, 20, 18, 255, 255, 255
L 107, 20, 18, 108, 21, 18, 255, 255, 255
L 108, 21, 18, 108, 22, 18, 255, 255, 255
L 108, 22, 18, 108, 24, 18, 255, 255, 255
L 108, 24, 18, 109, 25, 18, 255, 255, 255
L 109, 25, 18, 111, 28, 18, 255, 255, 255
L 111, 28, 18, 112, 27, 18, 255, 255, 255
L 112, 27, 18, 117, 25, 18, 255, 255, 255
L 117, 25, 18, 122, 25, 18, 255, 255, 255
L 122, 25, 18, 122, 44, 18, 255, 255, 255
L 122, 44, 18, 108, 44, 18, 255, 255, 255
L 108, 44, 18, 107, 45, 18, 255, 255, 255
L 107, 45, 18, 106, 46, 18, 255, 255, 255
L 106, 46, 18, 106, 47, 18, 255, 255, 255
L 106, 47, 18, 107, 49, 18, 255, 255, 255
L 107, 49, 18, 107, 51, 18, 255, 255, 255
L 107, 51, 18, 109, 52, 18, 255, 255, 255
L 109, 52, 18, 111, 51, 18, 255, 255, 255
L 111, 51, 18, 122, 51, 18, 255, 255, 255
L 122, 51, 18, 122, 53, 18, 255, 255, 255
L 122, 53, 18, 122, 87, 18, 255, 255, 255
L 122, 87, 18, 121, 87, 18, 255, 255, 255
L 121, 87, 18, 120, 86, 18, 255, 255, 255
L 120, 86, 18, 120, 74, 18, 255, 255, 255
L 120, 74, 18, 119, 73, 18, 255, 255, 255
L 119, 73, 18, 118, 74, 18, 255, 255, 255
L 118, 74, 18, 116, 74, 18, 255, 255, 255
L 116, 74, 18, 114, 74, 18, 255, 255, 255
L 114, 74, 18, 111, 76, 18, 255, 255, 255
L 111, 76, 18, 111, 78, 18, 255, 255, 255
L 111, 78, 18, 112, 79, 18, 255, 255, 255
L 112, 79, 18, 113, 81, 18, 255, 255, 255
L 113, 81, 18, 112, 87, 18, 255, 255, 255
L 112, 87, 18, 94, 87, 18, 255, 255, 255
L 94, 87, 18, 94, 75, 18, 255, 255, 255
L 94, 75, 18, 93, 73, 18, 255, 255, 255
L 93, 73, 18, 92, 73, 18, 255, 255, 255
L 92, 73, 18, 91, 74, 18, 255, 255, 255
L 91, 74, 18, 88, 74, 18, 255, 255, 255
L 88, 74, 18, 87, 75, 18, 255, 255, 255
L 87, 75, 18, 87, 77, 18, 255, 255, 255
L 87, 77, 18, 87, 78, 18, 255, 255, 255
L 87, 78, 18, 87, 87, 18, 255, 255, 255
L 87, 87, 18, 59, 87, 18, 255, 255, 255
L 59, 87, 18, 59, 74, 18, 255, 255, 255
L 59, 74, 18, 57, 73, 18, 255, 255, 255
L 57, 73, 18, 57, 74, 18, 255, 255, 255
L 57, 74, 18, 56, 74, 18, 255, 255, 255
L 56, 74, 18, 54, 74, 18, 255, 255, 255
L 54, 74, 18, 52, 74, 18, 255, 255, 255
L 52, 74, 18, 52, 76, 18, 255, 255, 255
L 52, 76, 18, 52, 77, 18, 255, 255, 255
L 52, 77, 18, 52, 87, 18, 255, 255, 255
L 52, 87, 18, 11, 87, 18, 255, 255, 255
L 11, 87, 18, 10, 74, 18, 255, 255, 255
L 10, 74, 18, 9, 73, 18, 255, 255, 255
L 9, 73, 18, 8, 73, 18, 255, 255, 255
L 8, 73, 18, 7, 74, 18, 255, 255, 255
L 7, 74, 18, 6, 74, 18, 255, 255, 255
L 6, 74, 18, 5, 74, 18, 255, 255, 255
L 5, 74, 18, 3, 75, 18, 255, 255, 255
L 3, 75, 18, 0, 78, 18, 255, 255, 255
L 0, 78, 18, 0, 79, 18, 255, 255, 255
L 0, 79, 18, 1, 81, 18, 255, 255, 255
L 1, 81, 18, 3, 83, 18, 255, 255, 255
L 3, 83, 18, 4, 84, 18, 255, 255, 255
L 4, 84, 18, 4, 86, 18, 255, 255, 255
L 4, 86, 18, 3, 87, 18, 255, 255, 255
L 3, 87, 18, -25, 87, 18, 255, 255, 255
L -25, 87, 18, -25, 74, 18, 255, 255, 255
L -25, 74, 18, -27, 74, 18, 255, 255, 255
L -27, 74, 18, -28, 74, 18, 255, 255, 255
L -28, 74, 18, -30, 74, 18, 255, 255, 255
L -30, 74, 18, -32, 75, 18, 255, 255, 255
L -32, 75, 18, -32, 87, 18, 255, 255, 255
L -32, 87, 18, -50, 87, 18, 255, 255, 255
L -50, 87, 18, -50, 75, 18, 255, 255, 255
L -50, 75, 18, -52, 73, 18, 255, 255, 255
L -52, 73, 18, -53, 73, 18, 255, 255, 255
L -53, 73, 18, -54, 74, 18, 255, 255, 255
L -54, 74, 18, -55, 74, 18, 255, 255, 255
L -55, 74, 18, -57, 74, 18, 255, 255, 255
L -57, 74, 18, -58, 75, 18, 255, 255, 255
L -58, 75, 18, -59, 76, 18, 255, 255, 255
L -59, 76, 18, -58, 77, 18, 255, 255, 255
L -58, 77, 18, -58, 79, 18, 255, 255, 255
L -58, 79, 18, -58, 87, 18, 255, 255, 255
L -58, 87, 18, -86, 87, 18, 255, 255, 255
L -86, 87, 18, -86, 74, 18, 255, 255, 255
L -86, 74, 18, -88, 72, 18, 255, 255, 255
L -88, 72, 18, -88, 72, 18, 255, 255, 255
L -88, 72, 18, -91, 73, 18, 255, 255, 255
L -91, 73, 18, -89, 73, 18, 255, 255, 255
L -89, 73, 18, -92, 73, 18, 255, 255, 255
L -92, 73, 18, -93, 74, 18, 255, 255, 255
L -93, 74, 18, -94, 75, 18, 255, 255, 255
L -94, 75, 18, -93, 77, 18, 255, 255, 255
L -93, 77, 18, -93, 78, 18, 255, 255, 255
L -93, 78, 18, -93, 86, 18, 255, 255, 255
L -93, 86, 18, -94, 87, 18, 255, 255, 255
L -94, 87, 18, -95, 87, 18, 255, 255, 255
L -95, 87, 18, -135, 87, 18, 255, 255, 255
L -135, 87, 18, -135, 74, 18, 255, 255, 255
L -135, 74, 18, -137, 71, 18, 255, 255, 255
L -137, 71, 18, -138, 71, 18, 255, 255, 255
L -138, 71, 18, -140, 73, 18, 255, 255, 255
L -140, 73, 18, -142, 73, 18, 255, 255, 255
L -142, 73, 18, -143, 74, 18, 255, 255, 255
L -143, 74, 18, -143, 76, 18, 255, 255, 255
L -143, 76, 18, -142, 77, 18, 255, 255, 255
L -142, 77, 18, -142, 78, 18, 255, 255, 255
L -142, 78, 18, -142, 87, 18, 255, 255, 255
L -142, 87, 18, -161, 87, 18, 255, 255, 255
L -161, 87, 18, -161, 73, 18, 255, 255, 255
L -161, 73, 18, -163, 72, 18, 255, 255, 255
L -163, 72, 18, -164, 72, 18, 255, 255, 255
L -164, 72, 18, -166, 73, 18, 255, 255, 255
L -166, 73, 18, -167, 73, 18, 255, 255, 255
L -167, 73, 18, -169, 74, 18, 255, 255, 255
L -169, 74, 18, -171, 76, 18, 255, 255, 255
L -171, 76, 18, -170, 77, 18, 255, 255, 255
L -170, 77, 18, -169, 79, 18, 255, 255, 255
L -169, 79, 18, -168, 80, 18, 255, 255, 255
L -168, 80, 18, -168, 87, 18, 255, 255, 255
L -168, 87, 18, -278, 87, 18, 255, 255, 255
L -278, 87, 18, -278, 45, 18, 255, 255, 255
L -278, 45, 18, -266, 45, 18, 255, 255, 255
L -266, 45, 18, -265, 44, 18, 255, 255, 255
L -265, 44, 18, -264, 42, 18, 255, 255, 255
L -264, 42, 18, -265, 41, 18, 255, 255, 255
L -265, 41, 18, -265, 40, 18, 255, 255, 255
L -265, 40, 18, -265, 39, 18, 255, 255, 255
L -265, 39, 18, -266, 37, 18, 255, 255, 255
L -266, 37, 18, -267, 35, 18, 255, 255, 255
L -267, 35, 18, -269, 35, 18, 255, 255, 255
L -269, 35, 18, -272, 37, 18, 255, 255, 255
L -272, 37, 18, -278, 37, 18, 255, 255, 255
L -278, 37, 18, -278, -4, 18, 255, 255, 255
L -278, -4, 18, -266, -4, 18, 255, 255, 255
L -266, -4, 18, -265, -5, 18, 255, 255, 255
L -265, -5, 18, -263, -6, 18, 255, 255, 255
L -263, -6, 18, -263, -7, 18, 255, 255, 255
L -263, -7, 18, -266, -11, 18, 255, 255, 255
L -266, -11, 18, -268, -11, 18, 255, 255, 255
L -268, -11, 18, -278, -11, 18, 255, 255, 255
L -278, -11, 18, -278, -40, 18, 255, 255, 255
L -278, -40, 18, -266, -40, 18, 255, 255, 255
L -266, -40, 18, -262, -43, 18, 255, 255, 255
L -262, -43, 18, -263, -45, 18, 255, 255, 255
L -263, -45, 18, -264, -46, 18, 255, 255, 255
L -264, -46, 18, -265, -44, 18, 255, 255, 255
L -265, -44, 18, -265, -40, 18, 255, 255, 255
L -265, -40, 18, -266, -39, 18, 255, 255, 255
L -266, -39, 18, -265, -41, 18, 255, 255, 255
L -265, -41, 18, -265, -42, 18, 255, 255, 255
L -265, -42, 18, -265, -46, 18, 255, 255, 255
L -265, -46, 18, -266, -47, 18, 255, 255, 255
L -266, -47, 18, -267, -47, 18, 255, 255, 255
L -267, -47, 18, -269, -47, 18, 255, 255, 255
L -269, -47, 18, -278, -47, 18, 255, 255, 255
L -278, -47, 18, -278, -65, 18, 255, 255, 255
L -278, -65, 18, -266, -65, 18, 255, 255, 255
L -266, -65, 18, -265, -66, 18, 255, 255, 255
L -265, -66, 18, -264, -67, 18, 255, 255, 255
L -264, -67, 18, -264, -68, 18, 255, 255, 255
L -264, -68, 18, -265, -69, 18, 255, 255, 255
L -265, -69, 18, -265, -71, 18, 255, 255, 255
L -265, -71, 18, -265, -72, 18, 255, 255, 255
L -265, -72, 18, -267, -74, 18, 255, 255, 255
L -267, -74, 18, -271, -72, 18, 255, 255, 255
L -271, -72, 18, -278, -72, 18, 255, 255, 255
L -278, -72, 18, -278, -74, 18, 255, 255, 255
L -278, -74, 18, -278, -101, 18, 255, 255, 255
L -278, -101, 18, -266, -101, 18, 255, 255, 255
L -266, -101, 18, -265, -101, 18, 255, 255, 255
L -265, -101, 18, -262, -104, 18, 255, 255, 255
L -262, -104, 18, -268, -112, 18, 255, 255, 255
L -268, -112, 18, -270, -112, 18, 255, 255, 255
L -270, -112, 18, -271, -111, 18, 255, 255, 255
L -271, -111, 18, -275, -108, 18, 255, 255, 255
L -275, -108, 18, -278, -108, 18, 255, 255, 255
L -278, -108, 18, -278, -150, 18, 255, 255, 255
L -278, -150, 18, -266, -150, 18, 255, 255, 255
L -266, -150, 18, -265, -151, 18, 255, 255, 255
L -265, -151, 18, -264, -152, 18, 255, 255, 255
L -264, -152, 18, -265, -153, 18, 255, 255, 255
L -265, -153, 18, -265, -155, 18, 255, 255, 255
L -265, -155, 18, -266, -157, 18, 255, 255, 255
L -266, -157, 18, -278, -157, 18, 255, 255, 255
L -278, -157, 18, -278, -176, 18, 255, 255, 255
L -278, -176, 18, -264, -176, 18, 255, 255, 255
L -264, -176, 18, -262, -177, 18, 255, 255, 255
L -262, -177, 18, -262, -178, 18, 255, 255, 255
L -262, -178, 18, -263, -179, 18, 255, 255, 255
L -263, -179, 18, -263, -180, 18, 255, 255, 255
L -263, -180, 18, -263, -181, 18, 255, 255, 255
L -263, -181, 18, -133, -181, 18, 255, 255, 255
L -133, -181, 18, -131, -183, 18, 255, 255, 255
L -131, -183, 18, -132, -184, 18, 255, 255, 255
L -132, -184, 18, -132, -185, 18, 255, 255, 255
L -132, -185, 18, -132, -186, 18, 255, 255, 255
L -132, -186, 18, -132, -191, 18, 255, 255, 255
L -132, -191, 18, -123, -191, 18, 255, 255, 255
L -123, -191, 18, -123, -190, 18, 255, 255, 255
L -123, -190, 18, -123, -188, 18, 255, 255, 255
L -123, -188, 18, -115, -188, 18, 255, 255, 255
L -115, -188, 18, -118, -438, 16, 255, 255, 255
L -118, -438, 16, -119, -439, 16, 255, 255, 255
L -119, -439, 16, -135, -455, 15, 255, 255, 255
L -135, -455, 15, -136, -457, 16, 255, 255, 255
L -136, -457, 16, -282, -458, 14, 255, 255, 255
L -282, -458, 14, -282, -459, 14, 255, 255, 255
L -282, -459, 14, -282, -478, 15, 255, 255, 255
L -282, -478, 15, -281, -479, 15, 255, 255, 255
L -281, -479, 15, -281, -481, 15, 255, 255, 255
L -281, -481, 15, -280, -588, 17, 255, 255, 255
L -280, -588, 17, -279, -618, 16, 255, 255, 255
L -279, -618, 16, -277, -618, 16, 255, 255, 255
L -277, -618, 16, -277, -619, 16, 255, 255, 255
L -277, -619, 16, -277, -620, 16, 255, 255, 255
L -277, -620, 16, -276, -656, 23, 255, 255, 255
L -276, -656, 23, -276, -659, 25, 255, 255, 255
L -276, -659, 25, -277, -693, 45, 255, 255, 255
L -277, -693, 45, -277, -695, 48, 255, 255, 255
L -277, -695, 48, -276, -701, 50, 255, 255, 255
L -276, -701, 50, -277, -702, 50, 255, 255, 255
L -277, -702, 50, -279, -703, 50, 255, 255, 255
L -279, -703, 50, -281, -703, 50, 255, 255, 255
L -281, -703, 50, -282, -703, 50, 255, 255, 255
L -282, -703, 50, -285, -703, 50, 255, 255, 255
L -285, -703, 50, -288, -702, 50, 255, 255, 255
L -288, -702, 50, -289, -701, 50, 255, 255, 255
L -289, -701, 50, -290, -700, 50, 255, 255, 255
L -290, -700, 50, -292, -700, 50, 255, 255, 255
L -292, -700, 50, -298, -700, 50, 255, 255, 255
L -298, -700, 50, -306, -701, 50, 255, 255, 255
L -306, -701, 50, -306, -817, 50, 255, 255, 255
L -306, -817, 50, -213, -817, 50, 255, 255, 255
L -213, -817, 50, -194, -798, 50, 255, 255, 255
L -194, -798, 50, -194, -781, 50, 255, 255, 255
L -194, -781, 50, -196, -781, 50, 255, 255, 255
L -196, -781, 50, -197, -781, 50, 255, 255, 255
L -197, -781, 50, -199, -780, 50, 255, 255, 255
L -199, -780, 50, -199, -778, 50, 255, 255, 255
L -199, -778, 50, -198, -776, 50, 255, 255, 255
L -198, -776, 50, -196, -773, 50, 255, 255, 255
L -196, -773, 50, -195, -773, 50, 255, 255, 255
L -195, -773, 50, -194, -773, 50, 255, 255, 255
L -194, -773, 50, -168, -773, 37, 255, 255, 255
L -168, -773, 37, -140, -773, 21, 255, 255, 255
L -140, -773, 21, -122, -772, 17, 255, 255, 255
L -122, -772, 17, -102, -773, 20, 255, 255, 255
L -102, -773, 20, -84, -773, 20, 255, 255, 255
L -84, -773, 20, -63, -774, 18, 255, 255, 255
L -63, -774, 18, -54, -774, 20, 255, 255, 255
L -54, -774, 20, -54, -774, 20, 255, 255, 255
L -54, -774, 20, -55, -781, 20, 255, 255, 255
L -55, -781, 20, -56, -782, 20, 255, 255, 255
L -56, -782, 20, -57, -783, 20, 255, 255, 255
L -57, -783, 20, -57, -791, 20, 255, 255, 255
L -57, -791, 20, -56, -791, 20, 255, 255, 255
L -56, -791, 20, -47, -792, 24, 255, 255, 255
L -47, -792, 24, -46, -793, 20, 255, 255, 255
L -46, -793, 20, -46, -838, 20, 255, 255, 255
L -46, -838, 20, -11, -889, 20, 255, 255, 255
L -11, -889, 20, 12, -889, 20, 255, 255, 255
L 12, -889, 20, 14, -889, 21, 255, 255, 255
L 14, -889, 21, 16, -889, 24, 255, 255, 255
L 16, -889, 24, 15, -891, 24, 255, 255, 255
L 15, -891, 24, 14, -899, 20, 255, 255, 255
L 14, -899, 20, 14, -901, 20, 255, 255, 255
L 14, -901, 20, 15, -901, 20, 255, 255, 255
L 15, -901, 20, 23, -901, 20, 255, 255, 255
L 23, -901, 20, 23, -900, 20, 255, 255, 255
L 23, -900, 20, 23, -899, 20, 255, 255, 255
L 23, -899, 20, 24, -897, 22, 255, 255, 255
L 24, -897, 22, 30, -897, 22, 255, 255, 255
L 30, -897, 22, 30, -897, 20, 255, 255, 255
L 30, -897, 20, 29, -935, 20, 255, 255, 255
L 29, -935, 20, 28, -936, 19, 255, 255, 255
L 28, -936, 19, 27, -940, 19, 255, 255, 255
L 27, -940, 19, 24, -941, 17, 255, 255, 255
L 24, -941, 17, 24, -942, 16, 255, 255, 255
L 24, -942, 16, 23, -946, 16, 255, 255, 255
L 23, -946, 16, 24, -992, 27, 255, 255, 255
L 24, -992, 27, 24, -994, 28, 255, 255, 255
L 24, -994, 28, 24, -1034, 43, 255, 255, 255
L 24, -1034, 43, 24, -1035, 44, 255, 255, 255
L 24, -1035, 44, 25, -1077, 60, 255, 255, 255
L 25, -1077, 60, 24, -1182, 99, 255, 255, 255
L 24, -1182, 99, 25, -1196, 103, 255, 255, 255
L 25, -1196, 103, 27, -1196, 106, 255, 255, 255
L 27, -1196, 106, 28, -1198, 105, 255, 255, 255
L 28, -1198, 105, 28, -1199, 105, 255, 255, 255
L 28, -1199, 105, 29, -1243, 110, 255, 255, 255
L 29, -1243, 110, 29, -1245, 110, 255, 255, 255
L 29, -1245, 110, 29, -1253, 107, 255, 255, 255
L 29, -1253, 107, 31, -1255, 105, 255, 255, 255
L 31, -1255, 105, 31, -1256, 105, 255, 255, 255
L 31, -1256, 105, 31, -1270, 107, 255, 255, 255
L 31, -1270, 107, 31, -1275, 106, 255, 255, 255
L 31, -1275, 106, 30, -1277, 104, 255, 255, 255
L 30, -1277, 104, 29, -1279, 104, 255, 255, 255
L 29, -1279, 104, 27, -1279, 105, 255, 255, 255
L 27, -1279, 105, 25, -1278, 105, 255, 255, 255
L 25, -1278, 105, 24, -1277, 105, 255, 255, 255
L 24, -1277, 105, 21, -1275, 105, 255, 255, 255
L 21, -1275, 105, 20, -1275, 105, 255, 255, 255
L 20, -1275, 105, 2, -1275, 106, 255, 255, 255
L 2, -1275, 106, -14, -1293, 107, 255, 255, 255
L -14, -1293, 107, -14, -1334, 108, 255, 255, 255
L -14, -1334, 108, -12, -1334, 108, 255, 255, 255
L -12, -1334, 108, -11, -1335, 108, 255, 255, 255
L -11, -1335, 108, -10, -1337, 108, 255, 255, 255
L -10, -1337, 108, -10, -1339, 108, 255, 255, 255
L -10, -1339, 108, -11, -1340, 108, 255, 255, 255
L -11, -1340, 108, -12, -1342, 107, 255, 255, 255
L -12, -1342, 107, -14, -1343, 108, 255, 255, 255
L -14, -1343, 108, -15, -1343, 107, 255, 255, 255
L -15, -1343, 107, -17, -1343, 107, 255, 255, 255
L -17, -1343, 107, -26, -1341, 106, 255, 255, 255
L -26, -1341, 106, -30, -1340, 104, 255, 255, 255
L -30, -1340, 104, -35, -1340, 102, 255, 255, 255
L -35, -1340, 102, -44, -1339, 103, 255, 255, 255
L -44, -1339, 103, -63, -1339, 103, 255, 255, 255
L -63, -1339, 103, -83, -1339, 101, 255, 255, 255
L -83, -1339, 101, -93, -1339, 101, 255, 255, 255
L -93, -1339, 101, -96, -1339, 102, 255, 255, 255
L -96, -1339, 102, -96, -1338, 102, 255, 255, 255
L -96, -1338, 102, -96, -1329, 103, 255, 255, 255
L -96, -1329, 103, -115, -1277, 104, 255, 255, 255
L -115, -1277, 104, -139, -1257, 106, 255, 255, 255
L -139, -1257, 106, -159, -1240, 107, 255, 255, 255
L -159, -1240, 107, -232, -1226, 109, 255, 255, 255
L -232, -1226, 109, -300, -1253, 112, 255, 255, 255
L -300, -1253, 112, -343, -1313, 112, 255, 255, 255
L -343, -1313, 112, -343, -1336, 112, 255, 255, 255
L -343, -1336, 112, -342, -1337, 112, 255, 255, 255
L -342, -1337, 112, -341, -1339, 112, 255, 255, 255
