L 2300.0000, -101.0000, -1.0000,  2299.0000, -116.0000, 0.0000,  153, 153, 153
L 2267.0000, -68.0000, -1.0000,  2300.0000, -101.0000, -1.0000,  153, 153, 153
L 2221.0000, -68.0000, -1.0000,  2267.0000, -68.0000, -1.0000,  153, 153, 153
L 2138.0000, -100.0000, 0.0000,  2221.0000, -68.0000, -1.0000,  153, 153, 153
L 2137.0000, -147.0000, -1.0000,  2138.0000, -100.0000, 0.0000,  153, 153, 153
L 2221.0000, -180.0000, 0.0000,  2137.0000, -147.0000, -1.0000,  153, 153, 153
L 2267.0000, -180.0000, 0.0000,  2221.0000, -180.0000, 0.0000,  153, 153, 153
L 2300.0000, -147.0000, -1.0000,  2267.0000, -180.0000, 0.0000,  153, 153, 153
L 2299.0000, -132.0000, -1.0000,  2300.0000, -147.0000, -1.0000,  153, 153, 153
L 2294.0000, -131.0000, -1.0000,  2299.0000, -132.0000, -1.0000,  153, 153, 153
L 2294.0000, -144.0000, -1.0000,  2294.0000, -131.0000, -1.0000,  153, 153, 153
L 2265.0000, -174.0000, 0.0000,  2294.0000, -144.0000, -1.0000,  153, 153, 153
L 2223.0000, -174.0000, -1.0000,  2265.0000, -174.0000, 0.0000,  153, 153, 153
L 2143.0000, -144.0000, -1.0000,  2223.0000, -174.0000, -1.0000,  153, 153, 153
L 2143.0000, -103.0000, -1.0000,  2143.0000, -144.0000, -1.0000,  153, 153, 153
L 2223.0000, -73.0000, 0.0000,  2143.0000, -103.0000, -1.0000,  153, 153, 153
L 2265.0000, -73.0000, -1.0000,  2223.0000, -73.0000, 0.0000,  153, 153, 153
L 2294.0000, -103.0000, 0.0000,  2265.0000, -73.0000, -1.0000,  153, 153, 153
L 2295.0000, -116.0000, 0.0000,  2294.0000, -103.0000, 0.0000,  153, 153, 153
L 2300.0000, -117.0000, -1.0000,  2295.0000, -116.0000, 0.0000,  153, 153, 153
L 2300.0000, -117.0000, -9.0000,  2300.0000, -117.0000, -1.0000,  153, 153, 153
L 2397.0000, -216.0000, -1.0000,  2384.0000, -216.0000, -1.0000,  153, 153, 153
L 2426.0000, -246.0000, 3.0000,  2397.0000, -216.0000, -1.0000,  153, 153, 153
L 2426.0000, -287.0000, 3.0000,  2426.0000, -246.0000, 3.0000,  153, 153, 153
L 2397.0000, -317.0000, -1.0000,  2426.0000, -287.0000, 3.0000,  153, 153, 153
L 2355.0000, -317.0000, -1.0000,  2397.0000, -317.0000, -1.0000,  153, 153, 153
L 2325.0000, -287.0000, -1.0000,  2355.0000, -317.0000, -1.0000,  153, 153, 153
L 2325.0000, -246.0000, 4.0000,  2325.0000, -287.0000, -1.0000,  153, 153, 153
L 2355.0000, -216.0000, -1.0000,  2325.0000, -246.0000, 4.0000,  153, 153, 153
L 2368.0000, -216.0000, -1.0000,  2355.0000, -216.0000, -1.0000,  153, 153, 153
L 2368.0000, -211.0000, -1.0000,  2368.0000, -216.0000, -1.0000,  153, 153, 153
L 2353.0000, -211.0000, -1.0000,  2368.0000, -211.0000, -1.0000,  153, 153, 153
L 2320.0000, -244.0000, -1.0000,  2353.0000, -211.0000, -1.0000,  153, 153, 153
L 2320.0000, -290.0000, -1.0000,  2320.0000, -244.0000, -1.0000,  153, 153, 153
L 2353.0000, -322.0000, -1.0000,  2320.0000, -290.0000, -1.0000,  153, 153, 153
L 2399.0000, -322.0000, -1.0000,  2353.0000, -322.0000, -1.0000,  153, 153, 153
L 2432.0000, -290.0000, -1.0000,  2399.0000, -322.0000, -1.0000,  153, 153, 153
L 2432.0000, -243.0000, -1.0000,  2432.0000, -290.0000, -1.0000,  153, 153, 153
L 2399.0000, -211.0000, -1.0000,  2432.0000, -243.0000, -1.0000,  153, 153, 153
L 2384.0000, -211.0000, -1.0000,  2399.0000, -211.0000, -1.0000,  153, 153, 153
L 2384.0000, -216.0000, -1.0000,  2384.0000, -211.0000, -1.0000,  153, 153, 153
L 2384.0000, -216.0000, -10.0000,  2384.0000, -216.0000, -1.0000,  153, 153, 153
L 2536.0000, -176.0000, -1.0000,  2535.0000, -194.0000, 0.0000,  153, 153, 153
L 2579.0000, -133.0000, 4.0000,  2536.0000, -176.0000, -1.0000,  153, 153, 153
L 2641.0000, -133.0000, 4.0000,  2579.0000, -133.0000, 4.0000,  153, 153, 153
L 2685.0000, -176.0000, -1.0000,  2641.0000, -133.0000, 4.0000,  153, 153, 153
L 2685.0000, -238.0000, 0.0000,  2685.0000, -176.0000, -1.0000,  153, 153, 153
L 2641.0000, -282.0000, 0.0000,  2685.0000, -238.0000, 0.0000,  153, 153, 153
L 2579.0000, -282.0000, -1.0000,  2641.0000, -282.0000, 0.0000,  153, 153, 153
L 2536.0000, -238.0000, -1.0000,  2579.0000, -282.0000, -1.0000,  153, 153, 153
L 2535.0000, -220.0000, 0.0000,  2536.0000, -238.0000, -1.0000,  153, 153, 153
L 2529.0000, -220.0000, 0.0000,  2535.0000, -220.0000, 0.0000,  153, 153, 153
L 2529.0000, -241.0000, -1.0000,  2529.0000, -220.0000, 0.0000,  153, 153, 153
L 2577.0000, -289.0000, 0.0000,  2529.0000, -241.0000, -1.0000,  153, 153, 153
L 2644.0000, -289.0000, -1.0000,  2577.0000, -289.0000, 0.0000,  153, 153, 153
L 2692.0000, -241.0000, -1.0000,  2644.0000, -289.0000, -1.0000,  153, 153, 153
L 2692.0000, -174.0000, -1.0000,  2692.0000, -241.0000, -1.0000,  153, 153, 153
L 2644.0000, -126.0000, 0.0000,  2692.0000, -174.0000, -1.0000,  153, 153, 153
L 2577.0000, -126.0000, -1.0000,  2644.0000, -126.0000, 0.0000,  153, 153, 153
L 2529.0000, -174.0000, -1.0000,  2577.0000, -126.0000, -1.0000,  153, 153, 153
L 2529.0000, -195.0000, -1.0000,  2529.0000, -174.0000, -1.0000,  153, 153, 153
L 2536.0000, -194.0000, -1.0000,  2529.0000, -195.0000, -1.0000,  153, 153, 153
L 2536.0000, -194.0000, -10.0000,  2536.0000, -194.0000, -1.0000,  153, 153, 153
L 2407.0000, -98.0000, -1.0000,  2407.0000, -103.0000, 0.0000,  153, 153, 153
L 2394.0000, -98.0000, -1.0000,  2407.0000, -98.0000, -1.0000,  153, 153, 153
L 2365.0000, -68.0000, -1.0000,  2394.0000, -98.0000, -1.0000,  153, 153, 153
L 2365.0000, -26.0000, -1.0000,  2365.0000, -68.0000, -1.0000,  153, 153, 153
L 2394.0000, 2.0000, -1.0000,  2365.0000, -26.0000, -1.0000,  153, 153, 153
L 2436.0000, 2.0000, 0.0000,  2394.0000, 2.0000, -1.0000,  153, 153, 153
L 2466.0000, -26.0000, -1.0000,  2436.0000, 2.0000, 0.0000,  153, 153, 153
L 2466.0000, -68.0000, -1.0000,  2466.0000, -26.0000, -1.0000,  153, 153, 153
L 2436.0000, -98.0000, -1.0000,  2466.0000, -68.0000, -1.0000,  153, 153, 153
L 2423.0000, -98.0000, -1.0000,  2436.0000, -98.0000, -1.0000,  153, 153, 153
L 2423.0000, -103.0000, -1.0000,  2423.0000, -98.0000, -1.0000,  153, 153, 153
L 2439.0000, -103.0000, -1.0000,  2423.0000, -103.0000, -1.0000,  153, 153, 153
L 2471.0000, -70.0000, -1.0000,  2439.0000, -103.0000, -1.0000,  153, 153, 153
L 2471.0000, -24.0000, -1.0000,  2471.0000, -70.0000, -1.0000,  153, 153, 153
L 2438.0000, 8.0000, -1.0000,  2471.0000, -24.0000, -1.0000,  153, 153, 153
L 2392.0000, 7.0000, 0.0000,  2438.0000, 8.0000, -1.0000,  153, 153, 153
L 2359.0000, -24.0000, -1.0000,  2392.0000, 7.0000, 0.0000,  153, 153, 153
L 2359.0000, -71.0000, 0.0000,  2359.0000, -24.0000, -1.0000,  153, 153, 153
L 2392.0000, -103.0000, 0.0000,  2359.0000, -71.0000, 0.0000,  153, 153, 153
L 2407.0000, -103.0000, -1.0000,  2392.0000, -103.0000, 0.0000,  153, 153, 153
L 2407.0000, -103.0000, -7.0000,  2407.0000, -103.0000, -1.0000,  153, 153, 153
L -3336.0000, -2293.0000, -41.0000,  -3300.0000, 7739.0000, 129.0000,  153, 153, 153
L -3336.0000, -2293.0000, -411.0000,  -3336.0000, -2293.0000, -41.0000,  153, 153, 153
L -1154.0000, 6770.0000, 0.0000,  -1154.0000, 6695.0000, 0.0000,  153, 153, 153
L -1076.0000, 6770.0000, 0.0000,  -1154.0000, 6770.0000, 0.0000,  153, 153, 153
L -1077.0000, 6747.0000, 0.0000,  -1076.0000, 6770.0000, 0.0000,  153, 153, 153
L -1011.0000, 6747.0000, 0.0000,  -1077.0000, 6747.0000, 0.0000,  153, 153, 153
L -1010.0000, 6772.0000, 0.0000,  -1011.0000, 6747.0000, 0.0000,  153, 153, 153
L -934.0000, 6771.0000, 0.0000,  -1010.0000, 6772.0000, 0.0000,  153, 153, 153
L -935.0000, 6694.0000, 0.0000,  -934.0000, 6771.0000, 0.0000,  153, 153, 153
L -972.0000, 6694.0000, 0.0000,  -935.0000, 6694.0000, 0.0000,  153, 153, 153
L -971.0000, 6626.0000, 0.0000,  -972.0000, 6694.0000, 0.0000,  153, 153, 153
L -935.0000, 6626.0000, 0.0000,  -971.0000, 6626.0000, 0.0000,  153, 153, 153
L -935.0000, 6549.0000, 0.0000,  -935.0000, 6626.0000, 0.0000,  153, 153, 153
L -1013.0000, 6549.0000, 0.0000,  -935.0000, 6549.0000, 0.0000,  153, 153, 153
L -1013.0000, 6572.0000, 0.0000,  -1013.0000, 6549.0000, 0.0000,  153, 153, 153
L -1077.0000, 6572.0000, 0.0000,  -1013.0000, 6572.0000, 0.0000,  153, 153, 153
L -1078.0000, 6547.0000, 0.0000,  -1077.0000, 6572.0000, 0.0000,  153, 153, 153
L -1155.0000, 6547.0000, 0.0000,  -1078.0000, 6547.0000, 0.0000,  153, 153, 153
L -1155.0000, 6624.0000, 0.0000,  -1155.0000, 6547.0000, 0.0000,  153, 153, 153
L -1116.0000, 6624.0000, 0.0000,  -1155.0000, 6624.0000, 0.0000,  153, 153, 153
L -1117.0000, 6694.0000, 0.0000,  -1116.0000, 6624.0000, 0.0000,  153, 153, 153
L -1174.0000, 6695.0000, 0.0000,  -1117.0000, 6694.0000, 0.0000,  153, 153, 153
L -1061.0000, 6760.0000, 0.0000,  -1174.0000, 6695.0000, 0.0000,  255, 255, 255
L -1137.0000, 6715.0000, 0.0000,  -1061.0000, 6760.0000, 0.0000,  255, 255, 255
L -1137.0000, 6605.0000, 0.0000,  -1137.0000, 6715.0000, 0.0000,  255, 255, 255
L -1094.0000, 6580.0000, 0.0000,  -1137.0000, 6605.0000, 0.0000,  255, 255, 255
L -1112.0000, 6551.0000, 0.0000,  -1094.0000, 6580.0000, 0.0000,  255, 255, 255
L -1100.0000, 6544.0000, 0.0000,  -1112.0000, 6551.0000, 0.0000,  255, 255, 255
L -1082.0000, 6573.0000, 0.0000,  -1100.0000, 6544.0000, 0.0000,  255, 255, 255
L -1042.0000, 6550.0000, 0.0000,  -1082.0000, 6573.0000, 0.0000,  255, 255, 255
L -995.0000, 6577.0000, 0.0000,  -1042.0000, 6550.0000, 0.0000,  255, 255, 255
L -977.0000, 6547.0000, 0.0000,  -995.0000, 6577.0000, 0.0000,  255, 255, 255
L -965.0000, 6553.0000, 0.0000,  -977.0000, 6547.0000, 0.0000,  255, 255, 255
L -982.0000, 6584.0000, 0.0000,  -965.0000, 6553.0000, 0.0000,  255, 255, 255
L -946.0000, 6605.0000, 0.0000,  -982.0000, 6584.0000, 0.0000,  255, 255, 255
L -946.0000, 6714.0000, 0.0000,  -946.0000, 6605.0000, 0.0000,  255, 255, 255
L -987.0000, 6739.0000, 0.0000,  -946.0000, 6714.0000, 0.0000,  255, 255, 255
L -970.0000, 6768.0000, 0.0000,  -987.0000, 6739.0000, 0.0000,  255, 255, 255
L -981.0000, 6775.0000, 0.0000,  -970.0000, 6768.0000, 0.0000,  255, 255, 255
L -999.0000, 6746.0000, 0.0000,  -981.0000, 6775.0000, 0.0000,  255, 255, 255
L -1042.0000, 6770.0000, 0.0000,  -999.0000, 6746.0000, 0.0000,  255, 255, 255
L -1043.0000, 6786.0000, 0.0000,  -1042.0000, 6770.0000, 0.0000,  255, 255, 255
L -1174.0000, 6710.0000, 0.0000,  -1043.0000, 6786.0000, 0.0000,  255, 255, 255
L -1192.0000, 6709.0000, 0.0000,  -1174.0000, 6710.0000, 0.0000,  255, 255, 255
L -1192.0000, 6694.0000, 0.0000,  -1192.0000, 6709.0000, 0.0000,  255, 255, 255
L -1192.0000, 6668.0000, 0.0000,  -1192.0000, 6694.0000, 0.0000,  153, 153, 153
L -1226.0000, 6668.0000, 0.0000,  -1192.0000, 6668.0000, 0.0000,  153, 153, 153
L -1227.0000, 6655.0000, 0.0000,  -1226.0000, 6668.0000, 0.0000,  153, 153, 153
L -1192.0000, 6654.0000, 0.0000,  -1227.0000, 6655.0000, 0.0000,  153, 153, 153
L -1192.0000, 6624.0000, 0.0000,  -1192.0000, 6654.0000, 0.0000,  153, 153, 153
L -1173.0000, 6624.0000, 0.0000,  -1192.0000, 6624.0000, 0.0000,  153, 153, 153
L -1173.0000, 6529.0000, 0.0000,  -1173.0000, 6624.0000, 0.0000,  153, 153, 153
L -1077.0000, 6529.0000, 0.0000,  -1173.0000, 6529.0000, 0.0000,  153, 153, 153
L -1077.0000, 6507.0000, 0.0000,  -1077.0000, 6529.0000, 0.0000,  153, 153, 153
L -1052.0000, 6507.0000, 0.0000,  -1077.0000, 6507.0000, 0.0000,  153, 153, 153
L -1052.0000, 6472.0000, 0.0000,  -1052.0000, 6507.0000, 0.0000,  153, 153, 153
L -1038.0000, 6472.0000, 0.0000,  -1052.0000, 6472.0000, 0.0000,  153, 153, 153
L -1037.0000, 6507.0000, 0.0000,  -1038.0000, 6472.0000, 0.0000,  153, 153, 153
L -1013.0000, 6507.0000, 0.0000,  -1037.0000, 6507.0000, 0.0000,  153, 153, 153
L -1012.0000, 6531.0000, 0.0000,  -1013.0000, 6507.0000, 0.0000,  153, 153, 153
L -918.0000, 6531.0000, 0.0000,  -1012.0000, 6531.0000, 0.0000,  153, 153, 153
L -918.0000, 6626.0000, 0.0000,  -918.0000, 6531.0000, 0.0000,  153, 153, 153
L -906.0000, 6628.0000, 0.0000,  -918.0000, 6626.0000, 0.0000,  153, 153, 153
L -905.0000, 6654.0000, 0.0000,  -906.0000, 6628.0000, 0.0000,  153, 153, 153
L -870.0000, 6654.0000, 0.0000,  -905.0000, 6654.0000, 0.0000,  153, 153, 153
L -870.0000, 6667.0000, 0.0000,  -870.0000, 6654.0000, 0.0000,  153, 153, 153
L -905.0000, 6668.0000, 0.0000,  -870.0000, 6667.0000, 0.0000,  153, 153, 153
L -905.0000, 6693.0000, 0.0000,  -905.0000, 6668.0000, 0.0000,  153, 153, 153
L -916.0000, 6694.0000, 0.0000,  -905.0000, 6693.0000, 0.0000,  153, 153, 153
L -916.0000, 6788.0000, 0.0000,  -916.0000, 6694.0000, 0.0000,  153, 153, 153
L -1011.0000, 6789.0000, 0.0000,  -916.0000, 6788.0000, 0.0000,  153, 153, 153
L -1011.0000, 6813.0000, 0.0000,  -1011.0000, 6789.0000, 0.0000,  153, 153, 153
L -1035.0000, 6813.0000, 0.0000,  -1011.0000, 6813.0000, 0.0000,  153, 153, 153
L -1036.0000, 6848.0000, 0.0000,  -1035.0000, 6813.0000, 0.0000,  153, 153, 153
L -1049.0000, 6847.0000, 0.0000,  -1036.0000, 6848.0000, 0.0000,  153, 153, 153
L -1051.0000, 6813.0000, 0.0000,  -1049.0000, 6847.0000, 0.0000,  153, 153, 153
L -1076.0000, 6813.0000, 0.0000,  -1051.0000, 6813.0000, 0.0000,  153, 153, 153
L -1077.0000, 6788.0000, 0.0000,  -1076.0000, 6813.0000, 0.0000,  153, 153, 153
L -1171.0000, 6788.0000, 0.0000,  -1077.0000, 6788.0000, 0.0000,  153, 153, 153
L -1171.0000, 6694.0000, 0.0000,  -1171.0000, 6788.0000, 0.0000,  153, 153, 153
L -847.0000, 3228.0000, 0.0000,  -793.0000, 3270.0000, 0.0000,  153, 153, 153
L -846.0000, 3189.0000, 0.0000,  -847.0000, 3228.0000, 0.0000,  153, 153, 153
L -862.0000, 3158.0000, 0.0000,  -846.0000, 3189.0000, 0.0000,  153, 153, 153
L -910.0000, 3158.0000, 0.0000,  -862.0000, 3158.0000, 0.0000,  153, 153, 153
L -863.0000, 3230.0000, 0.0000,  -811.0000, 3277.0000, 0.0000,  153, 153, 153
L -860.0000, 3221.0000, 0.0000,  -863.0000, 3230.0000, 0.0000,  153, 153, 153
L -860.0000, 3189.0000, 0.0000,  -860.0000, 3221.0000, 0.0000,  153, 153, 153
L -877.0000, 3172.0000, 0.0000,  -860.0000, 3189.0000, 0.0000,  153, 153, 153
L -924.0000, 3172.0000, 0.0000,  -877.0000, 3172.0000, 0.0000,  153, 153, 153
L -659.0000, 3201.0000, 0.0000,  -631.0000, 3222.0000, 0.0000,  153, 153, 153
L -642.0000, 3177.0000, 0.0000,  -659.0000, 3201.0000, 0.0000,  153, 153, 153
L -613.0000, 3197.0000, 0.0000,  -642.0000, 3177.0000, 0.0000,  153, 153, 153
L -631.0000, 3222.0000, 0.0000,  -613.0000, 3197.0000, 0.0000,  153, 153, 153
L -640.0000, 3450.0000, 0.0000,  -611.0000, 3471.0000, 0.0000,  153, 153, 153
L -623.0000, 3425.0000, 0.0000,  -640.0000, 3450.0000, 0.0000,  153, 153, 153
L -594.0000, 3446.0000, 0.0000,  -623.0000, 3425.0000, 0.0000,  153, 153, 153
L -612.0000, 3471.0000, 0.0000,  -594.0000, 3446.0000, 0.0000,  153, 153, 153
L -803.0000, 3558.0000, 0.0000,  -786.0000, 3533.0000, 0.0000,  153, 153, 153
L -832.0000, 3537.0000, 0.0000,  -803.0000, 3558.0000, 0.0000,  153, 153, 153
L -814.0000, 3513.0000, 0.0000,  -832.0000, 3537.0000, 0.0000,  153, 153, 153
L -786.0000, 3533.0000, 0.0000,  -814.0000, 3513.0000, 0.0000,  153, 153, 153
L -1081.0000, 6728.0000, 163.0000,  -1055.0000, 6727.0000, 163.0000,  153, 153, 153
L -1120.0000, 6659.0000, 163.0000,  -1081.0000, 6728.0000, 163.0000,  153, 153, 153
L -1080.0000, 6591.0000, 163.0000,  -1120.0000, 6659.0000, 163.0000,  153, 153, 153
L -1001.0000, 6592.0000, 163.0000,  -1080.0000, 6591.0000, 163.0000,  153, 153, 153
L -962.0000, 6659.0000, 163.0000,  -1001.0000, 6592.0000, 163.0000,  153, 153, 153
L -1003.0000, 6728.0000, 163.0000,  -962.0000, 6659.0000, 163.0000,  153, 153, 153
L -1022.0000, 6727.0000, 163.0000,  -1003.0000, 6728.0000, 163.0000,  153, 153, 153
L -1021.0000, 6723.0000, 163.0000,  -1022.0000, 6727.0000, 163.0000,  153, 153, 153
L -1004.0000, 6723.0000, 163.0000,  -1021.0000, 6723.0000, 163.0000,  153, 153, 153
L -969.0000, 6662.0000, 163.0000,  -1004.0000, 6723.0000, 163.0000,  153, 153, 153
L -1004.0000, 6595.0000, 163.0000,  -969.0000, 6662.0000, 163.0000,  153, 153, 153
L -1078.0000, 6595.0000, 163.0000,  -1004.0000, 6595.0000, 163.0000,  153, 153, 153
L -1115.0000, 6659.0000, 163.0000,  -1078.0000, 6595.0000, 163.0000,  153, 153, 153
L -1078.0000, 6723.0000, 163.0000,  -1115.0000, 6659.0000, 163.0000,  153, 153, 153
L -1055.0000, 6724.0000, 163.0000,  -1078.0000, 6723.0000, 163.0000,  153, 153, 153
L -1055.0000, 6728.0000, 1630.0000,  -1055.0000, 6724.0000, 163.0000,  153, 153, 153
L -1136.0000, 6711.0000, 163.0000,  -1044.0000, 6768.0000, 163.0000,  153, 153, 153
L -1133.0000, 6603.0000, 163.0000,  -1136.0000, 6711.0000, 163.0000,  153, 153, 153
L -1094.0000, 6580.0000, 163.0000,  -1133.0000, 6603.0000, 163.0000,  153, 153, 153
L -1109.0000, 6550.0000, 160.0000,  -1094.0000, 6580.0000, 163.0000,  153, 153, 153
L -1099.0000, 6546.0000, 160.0000,  -1109.0000, 6550.0000, 160.0000,  153, 153, 153
L -1081.0000, 6574.0000, 163.0000,  -1099.0000, 6546.0000, 160.0000,  153, 153, 153
L -1038.0000, 6552.0000, 163.0000,  -1081.0000, 6574.0000, 163.0000,  153, 153, 153
L -994.0000, 6576.0000, 162.0000,  -1038.0000, 6552.0000, 163.0000,  153, 153, 153
L -975.0000, 6548.0000, 160.0000,  -994.0000, 6576.0000, 162.0000,  153, 153, 153
L -967.0000, 6556.0000, 160.0000,  -975.0000, 6548.0000, 160.0000,  153, 153, 153
L -983.0000, 6584.0000, 163.0000,  -967.0000, 6556.0000, 160.0000,  153, 153, 153
L -947.0000, 6608.0000, 163.0000,  -983.0000, 6584.0000, 163.0000,  153, 153, 153
L -949.0000, 6717.0000, 163.0000,  -947.0000, 6608.0000, 163.0000,  153, 153, 153
L -986.0000, 6739.0000, 163.0000,  -949.0000, 6717.0000, 163.0000,  153, 153, 153
L -970.0000, 6769.0000, 160.0000,  -986.0000, 6739.0000, 163.0000,  153, 153, 153
L -982.0000, 6774.0000, 160.0000,  -970.0000, 6769.0000, 160.0000,  153, 153, 153
L -999.0000, 6745.0000, 163.0000,  -982.0000, 6774.0000, 160.0000,  153, 153, 153
L -1042.0000, 6770.0000, 1630.0000,  -999.0000, 6745.0000, 163.0000,  153, 153, 153
L -1172.0000, 6695.0000, -1.0000,  -1156.0000, 6695.0000, -1.0000,  153, 153, 153
L -1171.0000, 6789.0000, 14.0000,  -1172.0000, 6695.0000, -1.0000,  153, 153, 153
L -1077.0000, 6789.0000, 28.0000,  -1171.0000, 6789.0000, 14.0000,  153, 153, 153
L -1077.0000, 6813.0000, 28.0000,  -1077.0000, 6789.0000, 28.0000,  153, 153, 153
L -1050.0000, 6813.0000, 28.0000,  -1077.0000, 6813.0000, 28.0000,  153, 153, 153
L -1050.0000, 6848.0000, 26.0000,  -1050.0000, 6813.0000, 28.0000,  153, 153, 153
L -1036.0000, 6848.0000, 26.0000,  -1050.0000, 6848.0000, 26.0000,  153, 153, 153
L -1036.0000, 6813.0000, 28.0000,  -1036.0000, 6848.0000, 26.0000,  153, 153, 153
L -1010.0000, 6814.0000, 28.0000,  -1036.0000, 6813.0000, 28.0000,  153, 153, 153
L -1011.0000, 6788.0000, 28.0000,  -1010.0000, 6814.0000, 28.0000,  153, 153, 153
L -916.0000, 6788.0000, 40.0000,  -1011.0000, 6788.0000, 28.0000,  153, 153, 153
L -916.0000, 6693.0000, 55.0000,  -916.0000, 6788.0000, 40.0000,  153, 153, 153
L -905.0000, 6692.0000, 55.0000,  -916.0000, 6693.0000, 55.0000,  153, 153, 153
L -904.0000, 6668.0000, 55.0000,  -905.0000, 6692.0000, 55.0000,  153, 153, 153
L -870.0000, 6668.0000, 52.0000,  -904.0000, 6668.0000, 55.0000,  153, 153, 153
L -870.0000, 6654.0000, 52.0000,  -870.0000, 6668.0000, 52.0000,  153, 153, 153
L -905.0000, 6653.0000, 55.0000,  -870.0000, 6654.0000, 52.0000,  153, 153, 153
L -905.0000, 6626.0000, 55.0000,  -905.0000, 6653.0000, 55.0000,  153, 153, 153
L -918.0000, 6626.0000, 55.0000,  -905.0000, 6626.0000, 55.0000,  153, 153, 153
L -918.0000, 6531.0000, 66.0000,  -918.0000, 6626.0000, 55.0000,  153, 153, 153
L -1013.0000, 6531.0000, 80.0000,  -918.0000, 6531.0000, 66.0000,  153, 153, 153
L -1014.0000, 6506.0000, 80.0000,  -1013.0000, 6531.0000, 80.0000,  153, 153, 153
L -1038.0000, 6507.0000, 80.0000,  -1014.0000, 6506.0000, 80.0000,  153, 153, 153
L -1038.0000, 6473.0000, 78.0000,  -1038.0000, 6507.0000, 80.0000,  153, 153, 153
L -1052.0000, 6473.0000, 78.0000,  -1038.0000, 6473.0000, 78.0000,  153, 153, 153
L -1052.0000, 6507.0000, 80.0000,  -1052.0000, 6473.0000, 78.0000,  153, 153, 153
L -1078.0000, 6507.0000, 80.0000,  -1052.0000, 6507.0000, 80.0000,  153, 153, 153
L -1077.0000, 6529.0000, 80.0000,  -1078.0000, 6507.0000, 80.0000,  153, 153, 153
L -1173.0000, 6530.0000, 93.0000,  -1077.0000, 6529.0000, 80.0000,  153, 153, 153
L -1173.0000, 6624.0000, 107.0000,  -1173.0000, 6530.0000, 93.0000,  153, 153, 153
L -1192.0000, 6625.0000, 107.0000,  -1173.0000, 6624.0000, 107.0000,  153, 153, 153
L -1192.0000, 6655.0000, 107.0000,  -1192.0000, 6625.0000, 107.0000,  153, 153, 153
L -1227.0000, 6655.0000, 105.0000,  -1192.0000, 6655.0000, 107.0000,  153, 153, 153
L -1225.0000, 6668.0000, 105.0000,  -1227.0000, 6655.0000, 105.0000,  153, 153, 153
L -1192.0000, 6668.0000, 107.0000,  -1225.0000, 6668.0000, 105.0000,  153, 153, 153
L -1191.0000, 6710.0000, 107.0000,  -1192.0000, 6668.0000, 107.0000,  153, 153, 153
L -1172.0000, 6709.0000, 108.0000,  -1191.0000, 6710.0000, 107.0000,  153, 153, 153
L -1043.0000, 6786.0000, 162.0000,  -1172.0000, 6709.0000, 108.0000,  153, 153, 153
L -1044.0000, 6771.0000, 162.0000,  -1043.0000, 6786.0000, 162.0000,  153, 153, 153
L -1174.0000, 6696.0000, 107.0000,  -1044.0000, 6771.0000, 162.0000,  153, 153, 153
L -1117.0000, 6692.0000, 107.0000,  -1174.0000, 6696.0000, 107.0000,  153, 153, 153
L -1118.0000, 6625.0000, 107.0000,  -1117.0000, 6692.0000, 107.0000,  153, 153, 153
L -1154.0000, 6624.0000, 107.0000,  -1118.0000, 6625.0000, 107.0000,  153, 153, 153
L -1155.0000, 6546.0000, 93.0000,  -1154.0000, 6624.0000, 107.0000,  153, 153, 153
L -1077.0000, 6546.0000, 80.0000,  -1155.0000, 6546.0000, 93.0000,  153, 153, 153
L -1076.0000, 6572.0000, 80.0000,  -1077.0000, 6546.0000, 80.0000,  153, 153, 153
L -1013.0000, 6571.0000, 80.0000,  -1076.0000, 6572.0000, 80.0000,  153, 153, 153
L -1012.0000, 6549.0000, 80.0000,  -1013.0000, 6571.0000, 80.0000,  153, 153, 153
L -934.0000, 6549.0000, 66.0000,  -1012.0000, 6549.0000, 80.0000,  153, 153, 153
L -934.0000, 6626.0000, 55.0000,  -934.0000, 6549.0000, 66.0000,  153, 153, 153
L -971.0000, 6628.0000, 55.0000,  -934.0000, 6626.0000, 55.0000,  153, 153, 153
L -972.0000, 6694.0000, 54.0000,  -971.0000, 6628.0000, 55.0000,  153, 153, 153
L -934.0000, 6694.0000, 55.0000,  -972.0000, 6694.0000, 54.0000,  153, 153, 153
L -935.0000, 6772.0000, 40.0000,  -934.0000, 6694.0000, 55.0000,  153, 153, 153
L -1011.0000, 6772.0000, 28.0000,  -935.0000, 6772.0000, 40.0000,  153, 153, 153
L -1011.0000, 6747.0000, 28.0000,  -1011.0000, 6772.0000, 28.0000,  153, 153, 153
L -1076.0000, 6747.0000, 28.0000,  -1011.0000, 6747.0000, 28.0000,  153, 153, 153
L -1078.0000, 6770.0000, 28.0000,  -1076.0000, 6747.0000, 28.0000,  153, 153, 153
L -1155.0000, 6770.0000, 14.0000,  -1078.0000, 6770.0000, 28.0000,  153, 153, 153
L -1154.0000, 6694.0000, -15.0000,  -1155.0000, 6770.0000, 14.0000,  153, 153, 153
L 2659.0000, 5493.0000, 0.0000,  2660.0000, 5490.0000, 0.0000,  153, 153, 153
L 2646.0000, 5492.0000, 0.0000,  2659.0000, 5493.0000, 0.0000,  153, 153, 153
L 2646.0000, 5490.0000, 0.0000,  2646.0000, 5492.0000, 0.0000,  153, 153, 153
L 2633.0000, 5488.0000, 0.0000,  2646.0000, 5490.0000, 0.0000,  153, 153, 153
L 2635.0000, 5437.0000, 0.0000,  2633.0000, 5488.0000, 0.0000,  153, 153, 153
L 2673.0000, 5439.0000, 0.0000,  2635.0000, 5437.0000, 0.0000,  153, 153, 153
L 2671.0000, 5489.0000, 0.0000,  2673.0000, 5439.0000, 0.0000,  153, 153, 153
L 2660.0000, 5490.0000, 5.0000,  2671.0000, 5489.0000, 0.0000,  153, 153, 153
L 2699.0000, 5476.0000, 0.0000,  2709.0000, 5475.0000, 0.0000,  153, 153, 153
L 2699.0000, 5492.0000, 0.0000,  2699.0000, 5476.0000, 0.0000,  153, 153, 153
L 2649.0000, 5520.0000, 0.0000,  2699.0000, 5492.0000, 0.0000,  153, 153, 153
L 2601.0000, 5492.0000, 0.0000,  2649.0000, 5520.0000, 0.0000,  153, 153, 153
L 2601.0000, 5435.0000, 0.0000,  2601.0000, 5492.0000, 0.0000,  153, 153, 153
L 2650.0000, 5406.0000, 0.0000,  2601.0000, 5435.0000, 0.0000,  153, 153, 153
L 2699.0000, 5435.0000, 0.0000,  2650.0000, 5406.0000, 0.0000,  153, 153, 153
L 2699.0000, 5456.0000, 0.0000,  2699.0000, 5435.0000, 0.0000,  153, 153, 153
L 2710.0000, 5453.0000, 0.0000,  2699.0000, 5456.0000, 0.0000,  153, 153, 153
L 2707.0000, 5427.0000, 0.0000,  2710.0000, 5453.0000, 0.0000,  153, 153, 153
L 2650.0000, 5395.0000, 0.0000,  2707.0000, 5427.0000, 0.0000,  153, 153, 153
L 2591.0000, 5429.0000, 0.0000,  2650.0000, 5395.0000, 0.0000,  153, 153, 153
L 2591.0000, 5498.0000, 0.0000,  2591.0000, 5429.0000, 0.0000,  153, 153, 153
L 2651.0000, 5531.0000, 0.0000,  2591.0000, 5498.0000, 0.0000,  153, 153, 153
L 2710.0000, 5495.0000, 0.0000,  2651.0000, 5531.0000, 0.0000,  153, 153, 153
L 2710.0000, 5476.0000, 5.0000,  2710.0000, 5495.0000, 0.0000,  153, 153, 153
L -2390.0000, 7740.0000, 75.0000,  -3298.0000, 7737.0000, 129.0000,  153, 153, 153
L -1996.0000, 7741.0000, 55.0000,  -2390.0000, 7740.0000, 75.0000,  153, 153, 153
L -1757.0000, 7742.0000, 138.0000,  -1996.0000, 7741.0000, 55.0000,  153, 153, 153
L -1704.0000, 7742.0000, 155.0000,  -1757.0000, 7742.0000, 138.0000,  153, 153, 153
L -1501.0000, 7931.0000, 63.0000,  -1704.0000, 7742.0000, 155.0000,  153, 153, 153
L -1410.0000, 8039.0000, 57.0000,  -1501.0000, 7931.0000, 63.0000,  153, 153, 153
L -1371.0000, 8119.0000, 46.0000,  -1410.0000, 8039.0000, 57.0000,  153, 153, 153
L -1302.0000, 8412.0000, 5.0000,  -1371.0000, 8119.0000, 46.0000,  153, 153, 153
L -1265.0000, 8503.0000, 5.0000,  -1302.0000, 8412.0000, 5.0000,  153, 153, 153
L -1174.0000, 8558.0000, 4.0000,  -1265.0000, 8503.0000, 5.0000,  153, 153, 153
L -1175.0000, 8561.0000, 43.0000,  -1174.0000, 8558.0000, 4.0000,  153, 153, 153
L -1138.0000, 8520.0000, 4.0000,  -1136.0000, 8550.0000, 4.0000,  153, 153, 153
L -1225.0000, 8477.0000, 5.0000,  -1138.0000, 8520.0000, 4.0000,  153, 153, 153
L -1242.0000, 8370.0000, 12.0000,  -1225.0000, 8477.0000, 5.0000,  153, 153, 153
L -1202.0000, 8294.0000, 10.0000,  -1242.0000, 8370.0000, 12.0000,  153, 153, 153
L -1065.0000, 8069.0000, 20.0000,  -1202.0000, 8294.0000, 10.0000,  153, 153, 153
L -886.0000, 7916.0000, 12.0000,  -1065.0000, 8069.0000, 20.0000,  153, 153, 153
L -602.0000, 7779.0000, 4.0000,  -886.0000, 7916.0000, 12.0000,  153, 153, 153
L -428.0000, 7723.0000, 0.0000,  -602.0000, 7779.0000, 4.0000,  153, 153, 153
L 1323.0000, 7726.0000, 0.0000,  -428.0000, 7723.0000, 0.0000,  153, 153, 153
L 1500.0000, 7726.0000, 1.0000,  1323.0000, 7726.0000, 0.0000,  153, 153, 153
L 2082.0000, 7727.0000, 63.0000,  1500.0000, 7726.0000, 1.0000,  153, 153, 153
L 2692.0000, 7728.0000, 7.0000,  2082.0000, 7727.0000, 63.0000,  153, 153, 153
L 3399.0000, 7729.0000, 86.0000,  2692.0000, 7728.0000, 7.0000,  153, 153, 153
L 3720.0000, 7739.0000, 1303.0000,  3399.0000, 7729.0000, 86.0000,  153, 153, 153
L 3721.0000, -2381.0000, -672.0000,  3720.0000, 7739.0000, 130.0000,  153, 153, 153
L 3487.0000, -2338.0000, -64.0000,  3713.0000, -2375.0000, -63.0000,  0, 0, 255
L 3469.0000, -2218.0000, -63.0000,  3487.0000, -2338.0000, -64.0000,  0, 0, 255
L 3440.0000, -2191.0000, -64.0000,  3469.0000, -2218.0000, -63.0000,  0, 0, 255
L 3390.0000, -2174.0000, -59.0000,  3440.0000, -2191.0000, -64.0000,  0, 0, 255
L 3358.0000, -2195.0000, -65.0000,  3390.0000, -2174.0000, -59.0000,  0, 0, 255
L 3333.0000, -2275.0000, -65.0000,  3358.0000, -2195.0000, -65.0000,  0, 0, 255
L 3296.0000, -2343.0000, -63.0000,  3333.0000, -2275.0000, -65.0000,  0, 0, 255
L 3080.0000, -2345.0000, -64.0000,  3296.0000, -2343.0000, -63.0000,  0, 0, 255
L 2770.0000, -2337.0000, -64.0000,  3080.0000, -2345.0000, -64.0000,  0, 0, 255
L 2449.0000, -2125.0000, -64.0000,  2770.0000, -2337.0000, -64.0000,  0, 0, 255
L 2340.0000, -2129.0000, -64.0000,  2449.0000, -2125.0000, -64.0000,  0, 0, 255
L 2301.0000, -2234.0000, -64.0000,  2340.0000, -2129.0000, -64.0000,  0, 0, 255
L 2347.0000, -2340.0000, -64.0000,  2301.0000, -2234.0000, -64.0000,  0, 0, 255
L 2099.0000, -2370.0000, -64.0000,  2347.0000, -2340.0000, -64.0000,  0, 0, 255
L 2042.0000, -2427.0000, -64.0000,  2099.0000, -2370.0000, -64.0000,  0, 0, 255
L 1939.0000, -2623.0000, -65.0000,  2042.0000, -2427.0000, -64.0000,  0, 0, 255
L 1781.0000, -2589.0000, -64.0000,  1939.0000, -2623.0000, -65.0000,  0, 0, 255
L 1536.0000, -2371.0000, -62.0000,  1781.0000, -2589.0000, -64.0000,  0, 0, 255
L 1484.0000, -2361.0000, -62.0000,  1536.0000, -2371.0000, -62.0000,  0, 0, 255
L 1415.0000, -2399.0000, -65.0000,  1484.0000, -2361.0000, -62.0000,  0, 0, 255
L 1292.0000, -2613.0000, -64.0000,  1415.0000, -2399.0000, -65.0000,  0, 0, 255
L 1160.0000, -2587.0000, -64.0000,  1292.0000, -2613.0000, -64.0000,  0, 0, 255
L 955.0000, -2587.0000, -64.0000,  1160.0000, -2587.0000, -64.0000,  0, 0, 255
L 821.0000, -2613.0000, -64.0000,  955.0000, -2587.0000, -64.0000,  0, 0, 255
L 652.0000, -2603.0000, -64.0000,  821.0000, -2613.0000, -64.0000,  0, 0, 255
L 526.0000, -2569.0000, -64.0000,  652.0000, -2603.0000, -64.0000,  0, 0, 255
L 314.0000, -2586.0000, -64.0000,  526.0000, -2569.0000, -64.0000,  0, 0, 255
L 192.0000, -2622.0000, -64.0000,  314.0000, -2586.0000, -64.0000,  0, 0, 255
L 22.0000, -2623.0000, -64.0000,  192.0000, -2622.0000, -64.0000,  0, 0, 255
L -129.0000, -2596.0000, -64.0000,  22.0000, -2623.0000, -64.0000,  0, 0, 255
L -305.0000, -2388.0000, -67.0000,  -129.0000, -2596.0000, -64.0000,  0, 0, 255
L -451.0000, -2352.0000, -53.0000,  -305.0000, -2388.0000, -67.0000,  0, 0, 255
L -565.0000, -2340.0000, -61.0000,  -451.0000, -2352.0000, -53.0000,  0, 0, 255
L -663.0000, -2412.0000, -64.0000,  -565.0000, -2340.0000, -61.0000,  0, 0, 255
L -690.0000, -2483.0000, -64.0000,  -663.0000, -2412.0000, -64.0000,  0, 0, 255
L -757.0000, -2491.0000, -64.0000,  -690.0000, -2483.0000, -64.0000,  0, 0, 255
L -950.0000, -2582.0000, -64.0000,  -757.0000, -2491.0000, -64.0000,  0, 0, 255
L -1078.0000, -2585.0000, -64.0000,  -950.0000, -2582.0000, -64.0000,  0, 0, 255
L -1247.0000, -2621.0000, -64.0000,  -1078.0000, -2585.0000, -64.0000,  0, 0, 255
L -1402.0000, -2604.0000, -64.0000,  -1247.0000, -2621.0000, -64.0000,  0, 0, 255
L -1664.0000, -2377.0000, -63.0000,  -1402.0000, -2604.0000, -64.0000,  0, 0, 255
L -1724.0000, -2354.0000, -59.0000,  -1664.0000, -2377.0000, -63.0000,  0, 0, 255
L -1767.0000, -2379.0000, -64.0000,  -1724.0000, -2354.0000, -59.0000,  0, 0, 255
L -1791.0000, -2434.0000, -64.0000,  -1767.0000, -2379.0000, -64.0000,  0, 0, 255
L -1884.0000, -2612.0000, -64.0000,  -1791.0000, -2434.0000, -64.0000,  0, 0, 255
L -2034.0000, -2526.0000, -64.0000,  -1884.0000, -2612.0000, -64.0000,  0, 0, 255
L -2268.0000, -2492.0000, -64.0000,  -2034.0000, -2526.0000, -64.0000,  0, 0, 255
L -2338.0000, -2582.0000, -64.0000,  -2268.0000, -2492.0000, -64.0000,  0, 0, 255
L -2482.0000, -2625.0000, -60.0000,  -2338.0000, -2582.0000, -64.0000,  0, 0, 255
L -2651.0000, -2807.0000, -64.0000,  -2482.0000, -2625.0000, -60.0000,  0, 0, 255
L -2820.0000, -2607.0000, -64.0000,  -2651.0000, -2807.0000, -64.0000,  0, 0, 255
L -2960.0000, -2551.0000, -64.0000,  -2820.0000, -2607.0000, -64.0000,  0, 0, 255
L -3093.0000, -2374.0000, -61.0000,  -2960.0000, -2551.0000, -64.0000,  0, 0, 255
L -3283.0000, -2316.0000, -60.0000,  -3093.0000, -2374.0000, -61.0000,  0, 0, 255
L -3332.0000, -2313.0000, -57.0000,  -3283.0000, -2316.0000, -60.0000,  0, 0, 255
L -3332.0000, -2313.0000, -577.0000,  -3332.0000, -2313.0000, -57.0000,  0, 0, 255
L -936.0000, -2371.0000, -29.0000,  -935.0000, -2776.0000, -30.0000,  153, 153, 153
L -936.0000, -2371.0000, -294.0000,  -936.0000, -2371.0000, -29.0000,  153, 153, 153
L -864.0000, -2783.0000, -300.0000,  -866.0000, -2352.0000, -30.0000,  153, 153, 153
P -1294.0000, -2348.0000, 0.0000,  255, 255, 255,  2,  Succor_Point
P -1200.0000, 6500.0000, 0.0000,  255, 255, 255,  2,  Aviak_Village
P 2600.0000, 5400.0000, 0.0000,  255, 255, 255,  2,  Hermit
P 2400.0000, -300.0000, 0.0000,  255, 255, 255,  2,  Centaur_Village
P -800.0000, 3150.0000, 0.0000,  255, 255, 0,  2,  Splitpaw
P -1250.0000, 8300.0000, 0.0000,  255, 255, 0,  2,  Lake_Rathe
P -850.0000, -2500.0000, 0.0000,  255, 255, 0,  2,  North_Karana
