L -310, 782, -4, -308, 783, -4, 0, 0, 0
L -308, 783, -4, -308, 785, -4, 0, 0, 0
L -308, 785, -4, -308, 790, -7, 0, 0, 0
L -308, 790, -7, -307, 790, -7, 0, 0, 0
L -307, 790, -7, -267, 790, -4, 0, 0, 0
L -267, 790, -4, -267, 788, -4, 0, 0, 0
L -267, 788, -4, -266, 787, -4, 0, 0, 0
L -266, 787, -4, -246, 787, -4, 0, 0, 0
L -246, 787, -4, -234, 788, -4, 0, 0, 0
L -234, 788, -4, -206, 788, -4, 0, 0, 0
L -206, 788, -4, -205, 788, -5, 0, 0, 0
L -205, 788, -5, -204, 788, -5, 0, 0, 0
L -204, 788, -5, -201, 789, -7, 0, 0, 0
L -201, 789, -7, -201, 788, -7, 0, 0, 0
L -201, 788, -7, -201, 786, -6, 0, 0, 0
L -201, 786, -6, -201, 780, -4, 0, 0, 0
L -201, 780, -4, -203, 779, -4, 0, 0, 0
L -203, 779, -4, -203, 778, -4, 0, 0, 0
L -203, 778, -4, -204, 776, -4, 0, 0, 0
L -204, 776, -4, -204, 763, -4, 0, 0, 0
L -204, 763, -4, -203, 761, -4, 0, 0, 0
L -203, 761, -4, -203, 736, -4, 0, 0, 0
L -203, 736, -4, -202, 735, -4, 0, 0, 0
L -202, 735, -4, -202, 733, -4, 0, 0, 0
L -202, 733, -4, -201, 731, -4, 0, 0, 0
L -201, 731, -4, -199, 730, -4, 0, 0, 0
L -199, 730, -4, -198, 730, -4, 0, 0, 0
L -198, 730, -4, -196, 731, -4, 0, 0, 0
L -196, 731, -4, -192, 730, -4, 0, 0, 0
L -192, 730, -4, -190, 732, -4, 0, 0, 0
L -190, 732, -4, -191, 733, -4, 0, 0, 0
L -191, 733, -4, -191, 738, -4, 0, 0, 0
L -191, 738, -4, -192, 739, -4, 0, 0, 0
L -192, 739, -4, -192, 778, -4, 0, 0, 0
L -192, 778, -4, -190, 778, -4, 0, 0, 0
L -190, 778, -4, -181, 777, -4, 0, 0, 0
L -181, 777, -4, -177, 777, -4, 0, 0, 0
L -177, 777, -4, -175, 775, -4, 0, 0, 0
L -175, 775, -4, -163, 775, -4, 0, 0, 0
L -163, 775, -4, -161, 776, -4, 0, 0, 0
L -161, 776, -4, -159, 775, -4, 0, 0, 0
L -159, 775, -4, -158, 776, -4, 0, 0, 0
L -158, 776, -4, -152, 778, -4, 0, 0, 0
L -152, 778, -4, -151, 778, -4, 0, 0, 0
L -151, 778, -4, -125, 777, -7, 0, 0, 0
L -125, 777, -7, -125, 776, -7, 0, 0, 0
L -125, 776, -7, -124, 747, -4, 0, 0, 0
L -124, 747, -4, -123, 745, -4, 0, 0, 0
L -123, 745, -4, -121, 745, -4, 0, 0, 0
L -121, 745, -4, -119, 746, -4, 0, 0, 0
L -119, 746, -4, -117, 746, -4, 0, 0, 0
L -117, 746, -4, -100, 745, -4, 0, 0, 0
L -100, 745, -4, -94, 745, -4, 0, 0, 0
L -94, 745, -4, -93, 744, -4, 0, 0, 0
L -93, 744, -4, -93, 715, -4, 0, 0, 0
L -93, 715, -4, -94, 713, -4, 0, 0, 0
L -94, 713, -4, -94, 712, -4, 0, 0, 0
L -94, 712, -4, -96, 710, -4, 0, 0, 0
L -96, 710, -4, -108, 710, -4, 0, 0, 0
L -108, 710, -4, -125, 693, -4, 0, 0, 0
L -125, 693, -4, -125, 678, -4, 0, 0, 0
L -125, 678, -4, -161, 678, -4, 0, 0, 0
L -161, 678, -4, -192, 709, -5, 0, 0, 0
L -192, 709, -5, -192, 710, -6, 0, 0, 0
L -192, 710, -6, -192, 720, -4, 0, 0, 0
L -192, 720, -4, -191, 722, -4, 0, 0, 0
L -191, 722, -4, -191, 724, -4, 0, 0, 0
L -191, 724, -4, -193, 725, -4, 0, 0, 0
L -193, 725, -4, -194, 726, -4, 0, 0, 0
L -194, 726, -4, -202, 725, -4, 0, 0, 0
L -202, 725, -4, -202, 723, -4, 0, 0, 0
L -202, 723, -4, -201, 719, -4, 0, 0, 0
L -201, 719, -4, -201, 718, -4, 0, 0, 0
L -201, 718, -4, -201, 717, -5, 0, 0, 0
L -201, 717, -5, -201, 674, -4, 0, 0, 0
L -201, 674, -4, -247, 674, -4, 0, 0, 0
L -247, 674, -4, -248, 675, -4, 0, 0, 0
L -248, 675, -4, -251, 675, -4, 0, 0, 0
L -251, 675, -4, -252, 673, -4, 0, 0, 0
L -252, 673, -4, -252, 663, -4, 0, 0, 0
L -252, 663, -4, -251, 664, -4, 0, 0, 0
L -251, 664, -4, -246, 664, -4, 0, 0, 0
L -246, 664, -4, -245, 663, -5, 0, 0, 0
L -245, 663, -5, -242, 662, -7, 0, 0, 0
L -242, 662, -7, -241, 660, -7, 0, 0, 0
L -241, 660, -7, -241, 658, -7, 0, 0, 0
L -241, 658, -7, -240, 656, -7, 0, 0, 0
L -240, 656, -7, -240, 654, -6, 0, 0, 0
L -240, 654, -6, -239, 653, -5, 0, 0, 0
L -239, 653, -5, -237, 651, -4, 0, 0, 0
L -237, 651, -4, -237, 650, -4, 0, 0, 0
L -237, 650, -4, -237, 628, 1, 0, 0, 0
L -237, 628, 1, -236, 627, 1, 0, 0, 0
L -236, 627, 1, -233, 627, 1, 0, 0, 0
L -233, 627, 1, -232, 626, 1, 0, 0, 0
L -232, 626, 1, -230, 626, 1, 0, 0, 0
L -230, 626, 1, -228, 625, 1, 0, 0, 0
L -228, 625, 1, -224, 625, 1, 0, 0, 0
L -224, 625, 1, -223, 626, 1, 0, 0, 0
L -223, 626, 1, -221, 626, 1, 0, 0, 0
L -221, 626, 1, -220, 627, 1, 0, 0, 0
L -220, 627, 1, -198, 627, 1, 0, 0, 0
L -198, 627, 1, -197, 625, 1, 0, 0, 0
L -197, 625, 1, -197, 568, -1, 0, 0, 0
L -197, 568, -1, -199, 568, -1, 0, 0, 0
L -199, 568, -1, -224, 568, 1, 0, 0, 0
L -224, 568, 1, -236, 568, 1, 0, 0, 0
L -236, 568, 1, -237, 567, 1, 0, 0, 0
L -237, 567, 1, -237, 565, 1, 0, 0, 0
L -237, 565, 1, -238, 543, -4, 0, 0, 0
L -238, 543, -4, -238, 541, -4, 0, 0, 0
L -238, 541, -4, -238, 539, -5, 0, 0, 0
L -238, 539, -5, -239, 538, -5, 0, 0, 0
L -239, 538, -5, -242, 533, -7, 0, 0, 0
L -242, 533, -7, -243, 533, -7, 0, 0, 0
L -243, 533, -7, -247, 530, -4, 0, 0, 0
L -247, 530, -4, -251, 530, -4, 0, 0, 0
L -251, 530, -4, -252, 529, -4, 0, 0, 0
L -252, 529, -4, -252, 521, -4, 0, 0, 0
L -252, 521, -4, -250, 519, -4, 0, 0, 0
L -250, 519, -4, -249, 520, -4, 0, 0, 0
L -249, 520, -4, -247, 520, -4, 0, 0, 0
L -247, 520, -4, -246, 519, -4, 0, 0, 0
L -246, 519, -4, -245, 519, -4, 0, 0, 0
L -245, 519, -4, -244, 518, -4, 0, 0, 0
L -244, 518, -4, -240, 518, -4, 0, 0, 0
L -240, 518, -4, -239, 520, -4, 0, 0, 0
L -239, 520, -4, -239, 486, -5, 0, 0, 0
L -239, 486, -5, -238, 484, -5, 0, 0, 0
L -238, 484, -5, -236, 478, -4, 0, 0, 0
L -236, 478, -4, -236, 476, -4, 0, 0, 0
L -236, 476, -4, -235, 474, -4, 0, 0, 0
L -235, 474, -4, -236, 463, -4, 0, 0, 0
L -236, 463, -4, -236, 462, -4, 0, 0, 0
L -236, 462, -4, -237, 460, -4, 0, 0, 0
L -237, 460, -4, -237, 458, -4, 0, 0, 0
L -237, 458, -4, -239, 454, -4, 0, 0, 0
L -239, 454, -4, -239, 453, -4, 0, 0, 0
L -239, 453, -4, -240, 451, -4, 0, 0, 0
L -240, 451, -4, -240, 440, -4, 0, 0, 0
L -240, 440, -4, -239, 439, -4, 0, 0, 0
L -239, 439, -4, -239, 431, -4, 0, 0, 0
L -239, 431, -4, -238, 429, -4, 0, 0, 0
L -238, 429, -4, -235, 422, -4, 0, 0, 0
L -235, 422, -4, -232, 414, -4, 0, 0, 0
L -232, 414, -4, -231, 412, -4, 0, 0, 0
L -231, 412, -4, -231, 405, -4, 0, 0, 0
L -231, 405, -4, -232, 404, -4, 0, 0, 0
L -232, 404, -4, -232, 402, -4, 0, 0, 0
L -232, 402, -4, -233, 401, -4, 0, 0, 0
L -233, 401, -4, -234, 399, -4, 0, 0, 0
L -234, 399, -4, -238, 399, -4, 0, 0, 0
L -238, 399, -4, -239, 398, -4, 0, 0, 0
L -239, 398, -4, -239, 378, -4, 0, 0, 0
L -239, 378, -4, -238, 375, -4, 0, 0, 0
L -238, 375, -4, -230, 356, -4, 0, 0, 0
L -230, 356, -4, -230, 348, -4, 0, 0, 0
L -230, 348, -4, -231, 347, -4, 0, 0, 0
L -231, 347, -4, -231, 345, -4, 0, 0, 0
L -231, 345, -4, -239, 345, -4, 0, 0, 0
L -239, 345, -4, -241, 342, -4, 0, 0, 0
L -241, 342, -4, -243, 341, -4, 0, 0, 0
L -243, 341, -4, -247, 342, -4, 0, 0, 0
L -247, 342, -4, -249, 342, -4, 0, 0, 0
L -249, 342, -4, -252, 339, -4, 0, 0, 0
L -252, 339, -4, -252, 325, -4, 0, 0, 0
L -252, 325, -4, -250, 324, -4, 0, 0, 0
L -250, 324, -4, -249, 323, -4, 0, 0, 0
L -249, 323, -4, -247, 324, -4, 0, 0, 0
L -247, 324, -4, -247, 325, -4, 0, 0, 0
L -247, 325, -4, -246, 327, -4, 0, 0, 0
L -246, 327, -4, -242, 327, -4, 0, 0, 0
L -242, 327, -4, -238, 331, -4, 0, 0, 0
L -238, 331, -4, -237, 331, -4, 0, 0, 0
L -237, 331, -4, -219, 313, -4, 0, 0, 0
L -219, 313, -4, -218, 311, -4, 0, 0, 0
L -218, 311, -4, -218, 310, -4, 0, 0, 0
L -218, 310, -4, -217, 308, -4, 0, 0, 0
L -217, 308, -4, -217, 278, -4, 0, 0, 0
L -217, 278, -4, -219, 277, -4, 0, 0, 0
L -219, 277, -4, -220, 276, -4, 0, 0, 0
L -220, 276, -4, -219, 248, -4, 0, 0, 0
L -219, 248, -4, -218, 247, -4, 0, 0, 0
L -218, 247, -4, -218, 246, -4, 0, 0, 0
L -218, 246, -4, -217, 245, -4, 0, 0, 0
L -217, 245, -4, -217, 216, -4, 0, 0, 0
L -217, 216, -4, -219, 216, -4, 0, 0, 0
L -219, 216, -4, -221, 217, -4, 0, 0, 0
L -221, 217, -4, -225, 217, -4, 0, 0, 0
L -225, 217, -4, -225, 206, -4, 0, 0, 0
L -225, 206, -4, -217, 206, -4, 0, 0, 0
L -217, 206, -4, -217, 95, -4, 0, 0, 0
L -217, 95, -4, -218, 93, -4, 0, 0, 0
L -218, 93, -4, -219, 92, -4, 0, 0, 0
L -219, 92, -4, -235, 92, -4, 0, 0, 0
L -235, 92, -4, -236, 93, -4, 0, 0, 0
L -236, 93, -4, -252, 93, -4, 0, 0, 0
L -252, 93, -4, -252, 91, -4, 0, 0, 0
L -252, 91, -4, -251, 83, -4, 0, 0, 0
L -251, 83, -4, -250, 82, -4, 0, 0, 0
L -250, 82, -4, -248, 83, -4, 0, 0, 0
L -248, 83, -4, -247, 83, -4, 0, 0, 0
L -247, 83, -4, -243, 84, -4, 0, 0, 0
L -243, 84, -4, -236, 84, -4, 0, 0, 0
L -236, 84, -4, -235, 83, -4, 0, 0, 0
L -235, 83, -4, -233, 83, -4, 0, 0, 0
L -233, 83, -4, -224, 84, -3, 0, 0, 0
L -224, 84, -3, -221, 84, -2, 0, 0, 0
L -221, 84, -2, -220, 83, -1, 0, 0, 0
L -220, 83, -1, -218, 82, 0, 0, 0, 0
L -218, 82, 0, -206, 69, -5, 0, 0, 0
L -206, 69, -5, -205, 68, -5, 0, 0, 0
L -205, 68, -5, -204, 66, -6, 0, 0, 0
L -204, 66, -6, -203, 65, -6, 0, 0, 0
L -203, 65, -6, -201, 62, -6, 0, 0, 0
L -201, 62, -6, -201, 60, -5, 0, 0, 0
L -201, 60, -5, -201, -17, 0, 0, 0, 0
L -201, -17, 0, -201, -31, -2, 0, 0, 0
L -201, -31, -2, -203, -31, -3, 0, 0, 0
L -203, -31, -3, -221, -31, 0, 0, 0, 0
L -221, -31, 0, -223, -29, 0, 0, 0, 0
L -223, -29, 0, -230, -23, 0, 0, 0, 0
L -230, -23, 0, -239, -13, 0, 0, 0, 0
L -239, -13, 0, -240, -13, 0, 0, 0, 0
L -240, -13, 0, -241, -13, 0, 0, 0, 0
L -241, -13, 0, -245, -13, 0, 0, 0, 0
L -245, -13, 0, -254, -13, 0, 0, 0, 0
L -254, -13, 0, -268, -13, 0, 0, 0, 0
L -268, -13, 0, -270, -14, -1, 0, 0, 0
L -270, -14, -1, -271, -15, -2, 0, 0, 0
L -271, -15, -2, -286, -31, 0, 0, 0, 0
L -286, -31, 0, -288, -31, 0, 0, 0, 0
L -288, -31, 0, -290, -30, 0, 0, 0, 0
L -290, -30, 0, -291, -30, 0, 0, 0, 0
L -291, -30, 0, -293, -29, 0, 0, 0, 0
L -293, -29, 0, -296, -30, 0, 0, 0, 0
L -296, -30, 0, -295, -31, 0, 0, 0, 0
L -295, -31, 0, -295, -39, 0, 0, 0, 0
L -295, -39, 0, -294, -40, 0, 0, 0, 0
L -294, -40, 0, -293, -41, 0, 0, 0, 0
L -293, -41, 0, -289, -40, 0, 0, 0, 0
L -289, -40, 0, -288, -40, 0, 0, 0, 0
L -288, -40, 0, -285, -39, 0, 0, 0, 0
L -285, -39, 0, -284, -39, 0, 0, 0, 0
L -284, -39, 0, -253, -39, 0, 0, 0, 0
L -253, -39, 0, -252, -40, 0, 0, 0, 0
L -252, -40, 0, -251, -40, 0, 0, 0, 0
L -251, -40, 0, -250, -40, 0, 0, 0, 0
L -250, -40, 0, -248, -41, 0, 0, 0, 0
L -248, -41, 0, -248, -43, 0, 0, 0, 0
L -248, -43, 0, -248, -51, -1, 0, 0, 0
L -248, -51, 0, -249, -52, 0, 0, 0, 0
L -249, -52, 0, -250, -53, 0, 0, 0, 0
L -250, -53, 0, -250, -54, 0, 0, 0, 0
L -250, -54, 0, -250, -70, 0, 0, 0, 0
L -250, -70, 0, -249, -72, 0, 0, 0, 0
L -249, -72, 0, -248, -73, 0, 0, 0, 0
L -248, -73, 0, -248, -75, 0, 0, 0, 0
L -248, -75, 0, -248, -81, 0, 0, 0, 0
L -248, -81, 0, -249, -83, 0, 0, 0, 0
L -249, -83, 0, -249, -85, 0, 0, 0, 0
L -249, -85, 0, -247, -86, 0, 0, 0, 0
L -247, -86, 0, -246, -86, 0, 0, 0, 0
L -246, -86, 0, -242, -86, 0, 0, 0, 0
L -242, -86, 0, -238, -87, 0, 0, 0, 0
L -238, -87, 0, -237, -86, 0, 0, 0, 0
L -237, -86, 0, -236, -84, 0, 0, 0, 0
L -236, -84, 0, -235, -83, 0, 0, 0, 0
L -235, -83, 0, -235, -82, 0, 0, 0, 0
L -235, -82, 0, -236, -81, 0, 0, 0, 0
L -236, -81, 0, -237, -79, 0, 0, 0, 0
L -237, -79, 0, -238, -78, 0, 0, 0, 0
L -238, -78, 0, -239, -77, 0, 0, 0, 0
L -239, -77, 0, -239, -76, -1, 0, 0, 0
L -239, -76, -1, -239, -71, -1, 0, 0, 0
L -239, -71, -1, -238, -70, -1, 0, 0, 0
L -238, -70, -1, -237, -68, -1, 0, 0, 0
L -237, -68, -1, -237, -67, -1, 0, 0, 0
L -237, -67, -1, -236, -66, -1, 0, 0, 0
L -236, -66, -1, -236, -63, 0, 0, 0, 0
L -236, -63, 0, -236, -62, 0, 0, 0, 0
L -236, -62, 0, -235, -58, 0, 0, 0, 0
L -235, -58, 0, -235, -57, 0, 0, 0, 0
L -235, -57, 0, -235, -53, 0, 0, 0, 0
L -235, -53, 0, -234, -51, 0, 0, 0, 0
L -234, -51, 0, -234, -50, -2, 0, 0, 0
L -234, -50, -2, -232, -49, -2, 0, 0, 0
L -232, -49, -2, -231, -49, -2, 0, 0, 0
L -231, -49, -2, -230, -47, -2, 0, 0, 0
L -230, -47, -2, -229, -46, -2, 0, 0, 0
L -229, -46, -2, -223, -40, 0, 0, 0, 0
L -223, -40, 0, -222, -39, 0, 0, 0, 0
L -222, -39, 0, -221, -39, 0, 0, 0, 0
L -221, -39, 0, -205, -40, -2, 0, 0, 0
L -205, -40, -2, -182, -39, 0, 0, 0, 0
L -182, -39, 0, -179, -40, 0, 0, 0, 0
L -179, -40, 0, -178, -40, -1, 0, 0, 0
L -178, -40, -1, -177, -40, -1, 0, 0, 0
L -177, -40, -1, -175, -41, -2, 0, 0, 0
L -175, -41, -2, -174, -41, -2, 0, 0, 0
L -174, -41, -2, -172, -43, -2, 0, 0, 0
L -172, -43, -2, -172, -45, -1, 0, 0, 0
L -172, -45, -1, -172, -70, 0, 0, 0, 0
L -172, -70, 0, -171, -71, 0, 0, 0, 0
L -171, -71, 0, -170, -72, 0, 0, 0, 0
L -170, -72, 0, -169, -73, 0, 0, 0, 0
L -169, -73, 0, -167, -74, 0, 0, 0, 0
L -167, -74, 0, -166, -75, 0, 0, 0, 0
L -166, -75, 0, -164, -74, 0, 0, 0, 0
L -164, -74, 0, -163, -73, 0, 0, 0, 0
L -163, -73, 0, -161, -71, 0, 0, 0, 0
L -161, -71, 0, -159, -71, 0, 0, 0, 0
L -159, -71, 0, -158, -72, 0, 0, 0, 0
L -158, -72, 0, -156, -72, 0, 0, 0, 0
L -156, -72, 0, -154, -72, 0, 0, 0, 0
L -154, -72, 0, -152, -71, 0, 0, 0, 0
L -152, -71, 0, -150, -71, 0, 0, 0, 0
L -150, -71, 0, -144, -72, 0, 0, 0, 0
L -144, -72, 0, -143, -72, 0, 0, 0, 0
L -143, -72, 0, -142, -72, 0, 0, 0, 0
L -142, -72, 0, -141, -73, 0, 0, 0, 0
L -141, -73, 0, -140, -75, 0, 0, 0, 0
L -140, -75, 0, -140, -76, 0, 0, 0, 0
L -140, -76, 0, -140, -106, 0, 0, 0, 0
L -140, -106, 0, -142, -107, 0, 0, 0, 0
L -142, -107, 0, -143, -107, 0, 0, 0, 0
L -143, -107, 0, -170, -107, 0, 0, 0, 0
L -170, -107, 0, -172, -108, 0, 0, 0, 0
L -172, -108, 0, -172, -109, 0, 0, 0, 0
L -172, -109, 0, -172, -110, 0, 0, 0, 0
L -172, -110, 0, -172, -133, 0, 0, 0, 0
L -172, -133, 0, -173, -134, 0, 0, 0, 0
L -173, -134, 0, -174, -135, 0, 0, 0, 0
L -174, -135, 0, -177, -137, 0, 0, 0, 0
L -177, -137, 0, -178, -138, 0, 0, 0, 0
L -178, -138, 0, -179, -139, 0, 0, 0, 0
L -179, -139, 0, -180, -139, 0, 0, 0, 0
L -180, -139, 0, -182, -138, 0, 0, 0, 0
L -182, -138, 0, -184, -137, 0, 0, 0, 0
L -184, -137, 0, -185, -138, 0, 0, 0, 0
L -185, -138, 0, -191, -138, 0, 0, 0, 0
L -191, -138, 0, -190, -139, 0, 0, 0, 0
L -190, -139, 0, -190, -140, 0, 0, 0, 0
L -190, -140, 0, -189, -143, 0, 0, 0, 0
L -189, -143, 0, -188, -144, 0, 0, 0, 0
L -188, -144, 0, -188, -145, 0, 0, 0, 0
L -188, -145, 0, -187, -146, 0, 0, 0, 0
L -187, -146, 0, -186, -148, 0, 0, 0, 0
L -186, -148, 0, -185, -148, 0, 0, 0, 0
L -185, -148, 0, -183, -149, 0, 0, 0, 0
L -183, -149, 0, -182, -150, 0, 0, 0, 0
L -182, -150, 0, -181, -151, 0, 0, 0, 0
L -181, -151, 0, -180, -153, 0, 0, 0, 0
L -180, -153, 0, -179, -153, 0, 0, 0, 0
L -179, -153, 0, -178, -154, 0, 0, 0, 0
L -178, -154, 0, -177, -154, 0, 0, 0, 0
L -177, -154, 0, -175, -154, 0, 0, 0, 0
L -175, -154, 0, -166, -154, 0, 0, 0, 0
L -166, -154, 0, -165, -154, -2, 0, 0, 0
L -165, -154, -2, -164, -153, -2, 0, 0, 0
L -164, -153, -2, -162, -151, -4, 0, 0, 0
L -162, -151, -4, -161, -150, -6, 0, 0, 0
L -161, -150, -6, -160, -149, -6, 0, 0, 0
L -160, -149, -6, -160, -151, -6, 0, 0, 0
L -160, -151, -6, -160, -237, 0, 0, 0, 0
L -160, -237, 0, -161, -239, 0, 0, 0, 0
L -161, -239, 0, -161, -241, 0, 0, 0, 0
L -161, -241, 0, -160, -242, 0, 0, 0, 0
L -160, -242, 0, -159, -243, 0, 0, 0, 0
L -159, -243, 0, -151, -242, 0, 0, 0, 0
L -151, -242, 0, -150, -241, 0, 0, 0, 0
L -150, -241, 0, -150, -239, 0, 0, 0, 0
L -150, -239, 0, -150, -236, 0, 0, 0, 0
L -150, -236, 0, -151, -235, 0, 0, 0, 0
L -151, -235, 0, -151, -234, 0, 0, 0, 0
L -151, -234, 0, -151, -220, 0, 0, 0, 0
L -151, -220, 0, -150, -219, 0, 0, 0, 0
L -150, -219, 0, -151, -217, 0, 0, 0, 0
L -151, -217, 0, -151, -216, -1, 0, 0, 0
L -151, -216, -1, -151, -211, -5, 0, 0, 0
L -151, -211, -5, -149, -211, -5, 0, 0, 0
L -149, -211, -5, -119, -211, 0, 0, 0, 0
L -119, -211, 0, -119, -212, 0, 0, 0, 0
L -119, -212, 0, -118, -213, 0, 0, 0, 0
L -118, -213, 0, -116, -213, 0, 0, 0, 0
L -116, -213, 0, -108, -213, 0, 0, 0, 0
L -108, -213, 0, -101, -213, 0, 0, 0, 0
L -101, -213, 0, -100, -212, 0, 0, 0, 0
L -100, -212, 0, -98, -212, 0, 0, 0, 0
L -98, -212, 0, -96, -213, 0, 0, 0, 0
L -96, -213, 0, -67, -243, 0, 0, 0, 0
L -67, -243, 0, -65, -244, 0, 0, 0, 0
L -65, -244, 0, -63, -243, 0, 0, 0, 0
L -63, -243, 0, -54, -243, 0, 0, 0, 0
L -54, -243, 0, -20, -243, -6, 0, 0, 0
L -20, -243, -6, -20, -245, -6, 0, 0, 0
L -20, -245, -6, -20, -270, 0, 0, 0, 0
L -20, -270, 0, -21, -271, 0, 0, 0, 0
L -21, -271, 0, -21, -272, 0, 0, 0, 0
L -21, -272, 0, -21, -276, 0, 0, 0, 0
L -21, -276, 0, -19, -275, 0, 0, 0, 0
L -19, -275, 0, -18, -275, 0, 0, 0, 0
L -18, -275, 0, -16, -275, 0, 0, 0, 0
L -16, -275, 0, -12, -275, 0, 0, 0, 0
L -12, -275, 0, -10, -274, 0, 0, 0, 0
L -10, -274, 0, -10, -272, 0, 0, 0, 0
L -10, -272, 0, -10, -264, 0, 0, 0, 0
L -10, -264, 0, -11, -263, 0, 0, 0, 0
L -11, -263, 0, -11, -262, 0, 0, 0, 0
L -11, -262, 0, -11, -260, 0, 0, 0, 0
L -11, -260, 0, -9, -260, 0, 0, 0, 0
L -9, -260, 0, 2, -260, 0, 0, 0, 0
L 2, -260, 0, 4, -259, 0, 0, 0, 0
L 4, -259, 0, 5, -258, 0, 0, 0, 0
L 5, -258, 0, 18, -245, 0, 0, 0, 0
L 18, -245, 0, 19, -243, 0, 0, 0, 0
L 19, -243, 0, 20, -242, 0, 0, 0, 0
L 20, -242, 0, 20, -241, 0, 0, 0, 0
L 20, -241, 0, 20, -239, 0, 0, 0, 0
L 20, -239, 0, 21, -238, 0, 0, 0, 0
L 21, -238, 0, 21, -236, 0, 0, 0, 0
L 21, -236, 0, 22, -235, 0, 0, 0, 0
L 22, -235, 0, 22, -234, 0, 0, 0, 0
L 22, -234, 0, 23, -233, 0, 0, 0, 0
L 23, -233, 0, 23, -232, 0, 0, 0, 0
L 23, -232, 0, 23, -230, 0, 0, 0, 0
L 23, -230, 0, 22, -229, 0, 0, 0, 0
L 22, -229, 0, 21, -228, 0, 0, 0, 0
L 21, -228, 0, 23, -228, 0, 0, 0, 0
L 23, -228, 0, 30, -228, 0, 0, 0, 0
L 30, -228, 0, 31, -229, 0, 0, 0, 0
L 31, -229, 0, 33, -229, 0, 0, 0, 0
L 33, -229, 0, 35, -228, 0, 0, 0, 0
L 35, -228, 0, 35, -227, 0, 0, 0, 0
L 35, -227, 0, 35, -220, 0, 0, 0, 0
L 35, -220, 0, 34, -218, 0, 0, 0, 0
L 34, -218, 0, 32, -218, 0, 0, 0, 0
L 32, -218, 0, 30, -218, 0, 0, 0, 0
L 30, -218, 0, 29, -218, 0, 0, 0, 0
L 29, -218, 0, 28, -219, 0, 0, 0, 0
L 28, -219, 0, 27, -219, 0, 0, 0, 0
L 27, -219, 0, 25, -219, 0, 0, 0, 0
L 25, -219, 0, 22, -219, 0, 0, 0, 0
L 22, -219, 0, 22, -218, 0, 0, 0, 0
L 22, -218, 0, 22, -184, 0, 0, 0, 0
L 22, -184, 0, 20, -183, 0, 0, 0, 0
L 20, -183, 0, 18, -182, 0, 0, 0, 0
L 18, -182, 0, 17, -182, -3, 0, 0, 0
L 17, -182, -3, 16, -182, -3, 0, 0, 0
L 16, -182, -3, 14, -181, -3, 0, 0, 0
L 14, -181, -3, 12, -182, -3, 0, 0, 0
L 12, -182, -3, 10, -182, -3, 0, 0, 0
L 10, -182, -3, 9, -183, -3, 0, 0, 0
L 9, -183, -3, 7, -182, 0, 0, 0, 0
L 7, -182, 0, 7, -181, 0, 0, 0, 0
L 7, -181, 0, -1, -173, 0, 0, 0, 0
L -1, -173, 0, 0, -173, 0, 0, 0, 0
L 0, -173, 0, 5, -173, 0, 0, 0, 0
L 5, -173, 0, 8, -173, 0, 0, 0, 0
L 8, -173, 0, 9, -172, 0, 0, 0, 0
L 9, -172, 0, 9, -171, 0, 0, 0, 0
L 9, -171, 0, 9, -167, 0, 0, 0, 0
L 9, -167, 0, 10, -165, 0, 0, 0, 0
L 10, -165, 0, 9, -164, 0, 0, 0, 0
L 9, -164, 0, 9, -162, 0, 0, 0, 0
L 9, -162, 0, 7, -161, 0, 0, 0, 0
L 7, -161, 0, 6, -161, 0, 0, 0, 0
L 6, -161, 0, 2, -162, 0, 0, 0, 0
L 2, -162, 0, 1, -162, 0, 0, 0, 0
L 1, -162, 0, -1, -162, 0, 0, 0, 0
L -1, -162, 0, 0, -161, 0, 0, 0, 0
L 0, -161, 0, 9, -152, -3, 0, 0, 0
L 9, -152, -3, 10, -152, -3, 0, 0, 0
L 10, -152, -3, 11, -153, -3, 0, 0, 0
L 11, -153, -3, 12, -155, -2, 0, 0, 0
L 12, -155, -2, 14, -155, 0, 0, 0, 0
L 14, -155, 0, 15, -155, 0, 0, 0, 0
L 15, -155, 0, 17, -154, 0, 0, 0, 0
L 17, -154, 0, 18, -152, 0, 0, 0, 0
L 18, -152, 0, 20, -152, 0, 0, 0, 0
L 20, -152, 0, 21, -151, 0, 0, 0, 0
L 21, -151, 0, 22, -150, 0, 0, 0, 0
L 22, -150, 0, 22, -149, 0, 0, 0, 0
L 22, -149, 0, 22, -131, 0, 0, 0, 0
L 22, -131, 0, 21, -129, 0, 0, 0, 0
L 21, -129, 0, 18, -120, 0, 0, 0, 0
L 18, -120, 0, 16, -119, 0, 0, 0, 0
L 16, -119, 0, 15, -118, 0, 0, 0, 0
L 15, -118, 0, 13, -117, 0, 0, 0, 0
L 13, -117, 0, 9, -116, 0, 0, 0, 0
L 9, -116, 0, 8, -114, 0, 0, 0, 0
L 8, -114, 0, 9, -112, 0, 0, 0, 0
L 9, -112, 0, 9, -111, 0, 0, 0, 0
L 9, -111, 0, 9, -109, 0, 0, 0, 0
L 9, -109, 0, 8, -107, 0, 0, 0, 0
L 8, -107, 0, 5, -103, 0, 0, 0, 0
L 5, -103, 0, 5, -102, 0, 0, 0, 0
L 5, -102, 0, 6, -100, 0, 0, 0, 0
L 6, -100, 0, 7, -99, -3, 0, 0, 0
L 7, -99, -3, 9, -98, -3, 0, 0, 0
L 9, -98, -3, 12, -98, -3, 0, 0, 0
L 12, -98, -3, 21, -98, -1, 0, 0, 0
L 21, -98, 0, 22, -96, 0, 0, 0, 0
L 22, -96, 0, 22, -95, 0, 0, 0, 0
L 22, -95, 0, 22, -76, 0, 0, 0, 0
L 22, -76, 0, 21, -75, 0, 0, 0, 0
L 21, -75, 0, 19, -75, 0, 0, 0, 0
L 19, -75, 0, 17, -75, -3, 0, 0, 0
L 17, -75, -3, 16, -73, -3, 0, 0, 0
L 16, -73, -3, 16, -71, -2, 0, 0, 0
L 16, -71, -2, 14, -72, 0, 0, 0, 0
L 14, -72, 0, 12, -72, -2, 0, 0, 0
L 12, -72, -2, 10, -72, -2, 0, 0, 0
L 10, -72, -2, 9, -70, -1, 0, 0, 0
L 9, -70, -1, 8, -69, 0, 0, 0, 0
L 8, -69, 0, 8, -67, 0, 0, 0, 0
L 8, -67, 0, 8, -65, 0, 0, 0, 0
L 8, -65, 0, 9, -64, 0, 0, 0, 0
L 9, -64, 0, 9, -62, 0, 0, 0, 0
L 9, -62, 0, 9, -60, 0, 0, 0, 0
L 9, -60, 0, 9, -58, 0, 0, 0, 0
L 9, -58, 0, 9, -56, 0, 0, 0, 0
L 9, -56, 0, 10, -54, 0, 0, 0, 0
L 10, -54, 0, 10, -52, 0, 0, 0, 0
L 10, -52, 0, 11, -51, 0, 0, 0, 0
L 11, -51, 0, 11, -50, 0, 0, 0, 0
L 11, -50, 0, 12, -49, 0, 0, 0, 0
L 12, -49, 0, 13, -48, 0, 0, 0, 0
L 13, -48, 0, 14, -46, 0, 0, 0, 0
L 14, -46, 0, 15, -46, 0, 0, 0, 0
L 15, -46, 0, 16, -44, 0, 0, 0, 0
L 16, -44, 0, 18, -44, 0, 0, 0, 0
L 18, -44, 0, 20, -44, 0, 0, 0, 0
L 20, -44, 0, 21, -43, 0, 0, 0, 0
L 21, -43, 0, 23, -42, 0, 0, 0, 0
L 23, -42, 0, 27, -39, 0, 0, 0, 0
L 27, -39, 0, 28, -39, 0, 0, 0, 0
L 28, -39, 0, 30, -39, 0, 0, 0, 0
L 30, -39, 0, 32, -39, 0, 0, 0, 0
L 32, -39, 0, 33, -39, 0, 0, 0, 0
L 33, -39, 0, 35, -37, 0, 0, 0, 0
L 35, -37, 0, 35, -36, 0, 0, 0, 0
L 35, -36, 0, 34, -29, 0, 0, 0, 0
L 34, -29, 0, 33, -28, 0, 0, 0, 0
L 33, -28, 0, 32, -28, 0, 0, 0, 0
L 32, -28, 0, 31, -28, 0, 0, 0, 0
L 31, -28, 0, 28, -28, 0, 0, 0, 0
L 28, -28, 0, 26, -27, 0, 0, 0, 0
L 26, -27, 0, 25, -27, 0, 0, 0, 0
L 25, -27, 0, 23, -27, 0, 0, 0, 0
L 23, -27, 0, 21, -27, 0, 0, 0, 0
L 21, -27, 0, 11, -27, 0, 0, 0, 0
L 11, -27, 0, 9, -27, -1, 0, 0, 0
L 9, -27, -1, 8, -26, -1, 0, 0, 0
L 8, -26, -1, 5, -23, -2, 0, 0, 0
L 5, -23, -2, 4, -22, -2, 0, 0, 0
L 4, -22, -2, 4, -20, -1, 0, 0, 0
L 4, -20, -1, 4, -17, 0, 0, 0, 0
L 4, -17, 0, 4, -16, 0, 0, 0, 0
L 4, -16, 0, 5, -14, 0, 0, 0, 0
L 5, -14, 0, 5, -5, -1, 0, 0, 0
L -11, -17, 0, -31, -17, 0, 0, 0, 0
L -31, -17, 0, -31, -15, 0, 0, 0, 0
L -31, -15, 0, -32, -8, -1, 0, 0, 0
L -32, -8, -1, -32, -7, -2, 0, 0, 0
L -32, -7, -2, -33, -6, -2, 0, 0, 0
L -33, -6, -2, -35, -5, -2, 0, 0, 0
L -35, -5, -2, -42, -5, -2, 0, 0, 0
L -42, -5, -2, -44, -6, -2, 0, 0, 0
L -44, -6, -2, -46, -6, -2, 0, 0, 0
L -46, -6, -2, -51, -8, -2, 0, 0, 0
L -51, -8, -2, -55, -10, -2, 0, 0, 0
L -55, -10, -2, -58, -13, -2, 0, 0, 0
L -58, -13, -2, -88, -13, -3, 0, 0, 0
L -88, -13, -3, -89, -13, -4, 0, 0, 0
L -89, -13, -4, -91, -11, -4, 0, 0, 0
L -91, -11, -4, -91, 25, -2, 0, 0, 0
L -91, 25, -2, -48, 25, -2, 0, 0, 0
L -48, 25, -2, -48, 8, -2, 0, 0, 0
L -48, 8, -2, -43, 3, -2, 0, 0, 0
L -43, 3, -2, -42, 3, -2, 0, 0, 0
L -42, 3, -2, -40, 4, -2, 0, 0, 0
L -40, 4, -2, -39, 4, -2, 0, 0, 0
L -39, 4, -2, -36, 5, -2, 0, 0, 0
L -36, 5, -2, -32, 7, -2, 0, 0, 0
L 47, -38, 0, 53, -38, 0, 0, 0, 0
L 53, -38, 0, 53, -40, 0, 0, 0, 0
L 53, -40, 0, 53, -43, 0, 0, 0, 0
L 53, -43, 0, 55, -44, 0, 0, 0, 0
L 55, -44, 0, 56, -44, 0, 0, 0, 0
L 56, -44, 0, 64, -47, -3, 0, 0, 0
L 64, -47, -3, 65, -47, -2, 0, 0, 0
L 65, -47, -2, 69, -47, -2, 0, 0, 0
L 69, -47, -2, 71, -48, 0, 0, 0, 0
L 71, -48, 0, 72, -50, 0, 0, 0, 0
L 72, -50, 0, 73, -51, 0, 0, 0, 0
L 73, -51, 0, 76, -54, 0, 0, 0, 0
L 76, -54, 0, 74, -54, 0, 0, 0, 0
L 74, -54, 0, 70, -54, 0, 0, 0, 0
L 70, -54, 0, 69, -54, 0, 0, 0, 0
L 69, -54, 0, 66, -55, 0, 0, 0, 0
L 66, -55, 0, 65, -56, 0, 0, 0, 0
L 65, -56, 0, 65, -57, 0, 0, 0, 0
L 65, -57, 0, 66, -65, 0, 0, 0, 0
L 66, -65, 0, 67, -66, 0, 0, 0, 0
L 67, -66, 0, 69, -66, 0, 0, 0, 0
L 69, -66, 0, 71, -65, 0, 0, 0, 0
L 71, -65, 0, 72, -65, 0, 0, 0, 0
L 72, -65, 0, 74, -65, 0, 0, 0, 0
L 74, -65, 0, 76, -65, 0, 0, 0, 0
L 76, -65, 0, 75, -66, 0, 0, 0, 0
L 75, -66, 0, 74, -67, 0, 0, 0, 0
L 74, -67, 0, 66, -75, -3, 0, 0, 0
L 66, -75, -3, 65, -74, -3, 0, 0, 0
L 65, -74, -3, 64, -72, -3, 0, 0, 0
L 64, -72, -3, 63, -71, 0, 0, 0, 0
L 63, -71, 0, 62, -71, 0, 0, 0, 0
L 62, -71, 0, 60, -72, 0, 0, 0, 0
L 60, -72, 0, 59, -73, 0, 0, 0, 0
L 59, -73, 0, 58, -74, 0, 0, 0, 0
L 58, -74, 0, 56, -75, 0, 0, 0, 0
L 56, -75, 0, 54, -76, 0, 0, 0, 0
L 54, -76, 0, 53, -77, 0, 0, 0, 0
L 53, -77, 0, 53, -78, 0, 0, 0, 0
L 53, -78, 0, 53, -97, 0, 0, 0, 0
L 53, -97, 0, 54, -98, 0, 0, 0, 0
L 54, -98, 0, 64, -107, 0, 0, 0, 0
L 64, -107, 0, 65, -108, 0, 0, 0, 0
L 65, -108, 0, 65, -110, 0, 0, 0, 0
L 65, -110, 0, 65, -116, 0, 0, 0, 0
L 65, -116, 0, 64, -117, 0, 0, 0, 0
L 64, -117, 0, 64, -119, 0, 0, 0, 0
L 64, -119, 0, 63, -120, 0, 0, 0, 0
L 63, -120, 0, 62, -121, 0, 0, 0, 0
L 62, -121, 0, 61, -123, 0, 0, 0, 0
L 61, -123, 0, 60, -124, 0, 0, 0, 0
L 60, -124, 0, 58, -125, 0, 0, 0, 0
L 58, -125, 0, 52, -130, 0, 0, 0, 0
L 52, -130, 0, 51, -132, 0, 0, 0, 0
L 51, -132, 0, 51, -134, 0, 0, 0, 0
L 51, -134, 0, 52, -136, 0, 0, 0, 0
L 52, -136, 0, 52, -136, 0, 0, 0, 0
L 52, -136, 0, 53, -138, 0, 0, 0, 0
L 53, -138, 0, 53, -139, 0, 0, 0, 0
L 53, -139, 0, 54, -151, 0, 0, 0, 0
L 54, -151, 0, 55, -152, 0, 0, 0, 0
L 55, -152, 0, 62, -160, 0, 0, 0, 0
L 62, -160, 0, 63, -162, 0, 0, 0, 0
L 63, -162, 0, 63, -163, 0, 0, 0, 0
L 63, -163, 0, 64, -169, 0, 0, 0, 0
L 64, -169, 0, 64, -171, 0, 0, 0, 0
L 64, -171, 0, 64, -173, 0, 0, 0, 0
L 64, -173, 0, 64, -175, 0, 0, 0, 0
L 64, -175, 0, 63, -176, 0, 0, 0, 0
L 63, -176, 0, 62, -177, 0, 0, 0, 0
L 62, -177, 0, 61, -178, 0, 0, 0, 0
L 61, -178, 0, 53, -184, 0, 0, 0, 0
L 53, -184, 0, 52, -185, 0, 0, 0, 0
L 52, -185, 0, 52, -186, 0, 0, 0, 0
L 52, -186, 0, 51, -188, 0, 0, 0, 0
L 51, -188, 0, 51, -188, 0, 0, 0, 0
L 51, -188, 0, 52, -192, 0, 0, 0, 0
L 52, -192, 0, 52, -193, 0, 0, 0, 0
L 52, -193, 0, 53, -195, 0, 0, 0, 0
L 53, -195, 0, 53, -197, 0, 0, 0, 0
L 53, -197, 0, 53, -212, 0, 0, 0, 0
L 53, -212, 0, 52, -213, 0, 0, 0, 0
L 52, -213, 0, 51, -215, 0, 0, 0, 0
L 51, -215, 0, 50, -216, 0, 0, 0, 0
L 50, -216, 0, 50, -218, 0, 0, 0, 0
L 50, -218, 0, 51, -219, 0, 0, 0, 0
L 51, -219, 0, 53, -219, 0, 0, 0, 0
L 53, -219, 0, 45, -219, 0, 0, 0, 0
L 45, -219, 0, 43, -218, 0, 0, 0, 0
L 43, -218, 0, 41, -218, 0, 0, 0, 0
L 41, -218, 0, 40, -220, 0, 0, 0, 0
L 40, -220, 0, 40, -222, 0, 0, 0, 0
L 40, -222, 0, 40, -233, 0, 0, 0, 0
L 40, -233, 0, 41, -234, 0, 0, 0, 0
L 41, -234, 0, 43, -234, 0, 0, 0, 0
L 43, -234, 0, 44, -234, 0, 0, 0, 0
L 44, -234, 0, 45, -232, 0, 0, 0, 0
L 45, -232, 0, 45, -230, 0, 0, 0, 0
L 45, -230, 0, 45, -229, 0, 0, 0, 0
L 45, -229, 0, 47, -228, 0, 0, 0, 0
L 47, -228, 0, 48, -228, 0, 0, 0, 0
L 48, -228, 0, 55, -228, -1, 0, 0, 0
L 55, -228, -1, 55, -230, -2, 0, 0, 0
L 55, -230, -2, 56, -259, 0, 0, 0, 0
L 56, -259, 0, 56, -260, 0, 0, 0, 0
L 56, -260, 0, 58, -260, 0, 0, 0, 0
L 58, -260, 0, 60, -261, 0, 0, 0, 0
L 60, -261, 0, 61, -261, 0, 0, 0, 0
L 61, -261, 0, 82, -260, -2, 0, 0, 0
L 82, -260, -2, 87, -260, 0, 0, 0, 0
L 87, -260, 0, 87, -262, 0, 0, 0, 0
L 87, -262, 0, 87, -270, 0, 0, 0, 0
L 87, -270, 0, 86, -271, 0, 0, 0, 0
L 86, -271, 0, 86, -273, 0, 0, 0, 0
L 86, -273, 0, 87, -275, 0, 0, 0, 0
L 87, -275, 0, 89, -275, 0, 0, 0, 0
L 89, -275, 0, 92, -275, 0, 0, 0, 0
L 92, -275, 0, 93, -275, 0, 0, 0, 0
L 93, -275, 0, 95, -275, 0, 0, 0, 0
L 95, -275, 0, 97, -275, 0, 0, 0, 0
L 97, -275, 0, 100, -275, 0, 0, 0, 0
L 100, -275, 0, 99, -274, 0, 0, 0, 0
L 99, -274, 0, 96, -269, 0, 0, 0, 0
L 96, -269, 0, 96, -268, 0, 0, 0, 0
L 96, -268, 0, 96, -255, 0, 0, 0, 0
L 96, -255, 0, 97, -254, 0, 0, 0, 0
L 97, -254, 0, 97, -252, 0, 0, 0, 0
L 97, -252, 0, 97, -251, 0, 0, 0, 0
L 97, -251, 0, 98, -249, 0, 0, 0, 0
L 98, -249, 0, 98, -248, 0, 0, 0, 0
L 98, -248, 0, 98, -246, 0, 0, 0, 0
L 98, -246, 0, 97, -245, 0, 0, 0, 0
L 97, -245, 0, 96, -244, 0, 0, 0, 0
L 96, -244, 0, 96, -242, 0, 0, 0, 0
L 96, -242, 0, 98, -241, 0, 0, 0, 0
L 98, -241, 0, 110, -229, -1, 0, 0, 0
L 110, -229, -1, 112, -227, -2, 0, 0, 0
L 112, -227, -2, 113, -227, -2, 0, 0, 0
L 113, -227, -2, 120, -224, -2, 0, 0, 0
L 120, -224, -2, 122, -224, -1, 0, 0, 0
L 122, -224, -1, 124, -224, 0, 0, 0, 0
L 124, -224, 0, 126, -224, 0, 0, 0, 0
L 126, -224, 0, 127, -224, 0, 0, 0, 0
L 127, -224, 0, 131, -224, 0, 0, 0, 0
L 131, -224, 0, 132, -226, 0, 0, 0, 0
L 132, -226, 0, 134, -226, 0, 0, 0, 0
L 134, -226, 0, 135, -226, 0, 0, 0, 0
L 135, -226, 0, 145, -226, 0, 0, 0, 0
L 145, -226, 0, 147, -226, 0, 0, 0, 0
L 147, -226, 0, 150, -226, 0, 0, 0, 0
L 150, -226, 0, 151, -226, 0, 0, 0, 0
L 151, -226, 0, 157, -224, 0, 0, 0, 0
L 157, -224, 0, 159, -224, 0, 0, 0, 0
L 159, -224, 0, 192, -224, 0, 0, 0, 0
L 192, -224, 0, 211, -224, -3, 0, 0, 0
L 211, -224, -3, 211, -225, -3, 0, 0, 0
L 211, -225, -3, 211, -233, -2, 0, 0, 0
L 211, -233, -2, 210, -235, 0, 0, 0, 0
L 210, -235, 0, 210, -238, 0, 0, 0, 0
L 210, -238, 0, 210, -240, 0, 0, 0, 0
L 210, -240, 0, 210, -245, -2, 0, 0, 0
L 210, -245, -2, 211, -248, -3, 0, 0, 0
L 211, -248, -3, 211, -249, -4, 0, 0, 0
L 211, -249, -4, 211, -270, -4, 0, 0, 0
L 211, -270, -4, 210, -271, -4, 0, 0, 0
L 210, -271, -4, 210, -273, -4, 0, 0, 0
L 210, -273, -4, 212, -275, -4, 0, 0, 0
L 212, -275, -4, 220, -275, -4, 0, 0, 0
L 220, -275, -4, 221, -274, -4, 0, 0, 0
L 221, -274, -4, 221, -269, -4, 0, 0, 0
L 221, -269, -4, 220, -267, -4, 0, 0, 0
L 220, -267, -4, 220, -216, -4, 0, 0, 0
L 220, -216, -4, 222, -216, -4, 0, 0, 0
L 222, -216, -4, 223, -217, -4, 0, 0, 0
L 223, -217, -4, 225, -217, -4, 0, 0, 0
L 225, -217, -4, 227, -216, -4, 0, 0, 0
L 227, -216, -4, 228, -214, -4, 0, 0, 0
L 228, -214, -4, 228, -205, -4, 0, 0, 0
L 228, -205, -4, 226, -205, -4, 0, 0, 0
L 226, -205, -4, 224, -206, -4, 0, 0, 0
L 224, -206, -4, 223, -206, -4, 0, 0, 0
L 223, -206, -4, 222, -207, -4, 0, 0, 0
L 222, -207, -4, 220, -207, -4, 0, 0, 0
L 220, -207, -4, 204, -207, -9, 0, 0, 0
L 204, -207, -9, 200, -207, -10, 0, 0, 0
L 200, -207, -10, 200, -205, -10, 0, 0, 0
L 200, -205, -10, 200, -76, -4, 0, 0, 0
L 200, -76, -4, 255, -76, -4, 0, 0, 0
L 255, -76, -4, 256, -76, -5, 0, 0, 0
L 256, -76, -5, 257, -77, -5, 0, 0, 0
L 257, -77, -5, 258, -77, -6, 0, 0, 0
L 258, -77, -6, 259, -79, -6, 0, 0, 0
L 259, -79, -6, 259, -80, -5, 0, 0, 0
L 259, -80, -5, 259, -115, -4, 0, 0, 0
L 259, -115, -4, 260, -116, -4, 0, 0, 0
L 260, -116, -4, 273, -116, -4, 0, 0, 0
L 273, -116, -4, 284, -117, -4, 0, 0, 0
L 284, -117, -4, 286, -117, -4, 0, 0, 0
L 286, -117, -4, 288, -117, -5, 0, 0, 0
L 288, -117, -5, 289, -118, -6, 0, 0, 0
L 289, -118, -6, 294, -122, -7, 0, 0, 0
L 294, -122, -7, 294, -123, -7, 0, 0, 0
L 294, -123, -7, 295, -124, -7, 0, 0, 0
L 295, -124, -7, 295, -126, -9, 0, 0, 0
L 295, -126, -9, 294, -127, -9, 0, 0, 0
L 294, -127, -9, 294, -128, -9, 0, 0, 0
L 294, -128, -9, 294, -138, -12, 0, 0, 0
L 294, -138, -12, 295, -140, -11, 0, 0, 0
L 295, -140, -11, 295, -141, -11, 0, 0, 0
L 295, -141, -11, 296, -142, -10, 0, 0, 0
L 296, -142, -10, 295, -144, -8, 0, 0, 0
L 295, -144, -8, 294, -145, -8, 0, 0, 0
L 294, -145, -8, 292, -147, -6, 0, 0, 0
L 292, -147, -6, 288, -150, -7, 0, 0, 0
L 288, -150, -7, 286, -150, -8, 0, 0, 0
L 286, -150, -8, 280, -151, -10, 0, 0, 0
L 280, -151, -10, 279, -151, -10, 0, 0, 0
L 279, -151, -10, 260, -151, -4, 0, 0, 0
L 260, -151, -4, 259, -153, -4, 0, 0, 0
L 259, -153, -4, 257, -155, -4, 0, 0, 0
L 257, -155, -4, 257, -157, -4, 0, 0, 0
L 257, -157, -4, 259, -159, -4, 0, 0, 0
L 259, -159, -4, 259, -174, -4, 0, 0, 0
L 259, -174, -4, 258, -176, -4, 0, 0, 0
L 258, -176, -4, 258, -185, -4, 0, 0, 0
L 258, -185, -4, 257, -187, -4, 0, 0, 0
L 257, -187, -4, 257, -192, -4, 0, 0, 0
L 257, -192, -4, 256, -197, -4, 0, 0, 0
L 256, -197, -4, 256, -203, -4, 0, 0, 0
L 256, -203, -4, 256, -204, -5, 0, 0, 0
L 256, -204, -5, 255, -207, -5, 0, 0, 0
L 255, -207, -5, 254, -207, -4, 0, 0, 0
L 254, -207, -4, 237, -207, -4, 0, 0, 0
L 237, -207, -4, 237, -206, -4, 0, 0, 0
L 237, -206, -4, 233, -206, -4, 0, 0, 0
L 233, -206, -4, 232, -207, -4, 0, 0, 0
L 232, -207, -4, 231, -209, -4, 0, 0, 0
L 231, -209, -4, 232, -211, -4, 0, 0, 0
L 232, -211, -4, 232, -216, -4, 0, 0, 0
L 232, -216, -4, 235, -219, -4, 0, 0, 0
L 235, -219, -4, 236, -219, -4, 0, 0, 0
L 236, -219, -4, 237, -220, -5, 0, 0, 0
L 237, -220, -5, 239, -219, -6, 0, 0, 0
L 239, -219, -6, 239, -217, -6, 0, 0, 0
L 239, -217, -6, 239, -339, -4, 0, 0, 0
L 239, -339, -4, 220, -339, -4, 0, 0, 0
L 220, -339, -4, 220, -285, -4, 0, 0, 0
L 220, -285, -4, 221, -284, -4, 0, 0, 0
L 221, -284, -4, 221, -281, -4, 0, 0, 0
L 221, -281, -4, 219, -280, -4, 0, 0, 0
L 219, -280, -4, 213, -280, -4, 0, 0, 0
L 213, -280, -4, 212, -279, -4, 0, 0, 0
L 212, -279, -4, 209, -279, -4, 0, 0, 0
L 209, -279, -4, 208, -280, -4, 0, 0, 0
L 208, -280, -4, 210, -280, -4, 0, 0, 0
L 210, -280, -4, 210, -285, -4, 0, 0, 0
L 210, -285, -4, 211, -286, -4, 0, 0, 0
L 211, -286, -4, 211, -289, -4, 0, 0, 0
L 211, -289, -4, 211, -318, 0, 0, 0, 0
L 211, -318, 0, 210, -320, 0, 0, 0, 0
L 210, -320, 0, 210, -320, 0, 0, 0, 0
L 210, -320, 0, 209, -321, 0, 0, 0, 0
L 209, -321, 0, 209, -323, 0, 0, 0, 0
L 209, -323, 0, 209, -339, 0, 0, 0, 0
L 209, -339, 0, 210, -340, 0, 0, 0, 0
L 210, -340, 0, 210, -343, -2, 0, 0, 0
L 210, -343, -2, 211, -346, -4, 0, 0, 0
L 211, -346, -4, 211, -348, -4, 0, 0, 0
L 211, -348, -4, 211, -350, -3, 0, 0, 0
L 211, -350, -3, 210, -351, -1, 0, 0, 0
L 210, -351, -1, 185, -351, 0, 0, 0, 0
L 185, -351, 0, 184, -350, 0, 0, 0, 0
L 184, -350, 0, 182, -350, 0, 0, 0, 0
L 182, -350, 0, 180, -351, 0, 0, 0, 0
L 180, -351, 0, 180, -352, 0, 0, 0, 0
L 180, -352, 0, 180, -354, 0, 0, 0, 0
L 180, -354, 0, 180, -360, 0, 0, 0, 0
L 180, -360, 0, 181, -361, 0, 0, 0, 0
L 181, -361, 0, 182, -361, 0, 0, 0, 0
L 182, -361, 0, 184, -362, 0, 0, 0, 0
L 184, -362, 0, 185, -363, 0, 0, 0, 0
L 185, -363, 0, 187, -363, 0, 0, 0, 0
L 187, -363, 0, 188, -363, 0, 0, 0, 0
L 188, -363, 0, 189, -362, 0, 0, 0, 0
L 189, -362, 0, 190, -362, 0, 0, 0, 0
L 190, -362, 0, 191, -361, 0, 0, 0, 0
L 191, -361, 0, 192, -360, 0, 0, 0, 0
L 192, -360, 0, 193, -360, 0, 0, 0, 0
L 193, -360, 0, 211, -360, 0, 0, 0, 0
L 211, -360, 0, 211, -361, 0, 0, 0, 0
L 211, -361, 0, 211, -369, 0, 0, 0, 0
L 211, -369, 0, 210, -369, 0, 0, 0, 0
L 210, -369, 0, 209, -369, 0, 0, 0, 0
L 209, -369, 0, 208, -371, 0, 0, 0, 0
L 208, -371, 0, 208, -375, 0, 0, 0, 0
L 208, -375, 0, 209, -377, 0, 0, 0, 0
L 209, -377, 0, 209, -384, 0, 0, 0, 0
L 209, -384, 0, 208, -386, 0, 0, 0, 0
L 208, -386, 0, 209, -388, 0, 0, 0, 0
L 209, -388, 0, 209, -390, 0, 0, 0, 0
L 209, -390, 0, 209, -394, 0, 0, 0, 0
L 209, -394, 0, 210, -396, 0, 0, 0, 0
L 210, -396, 0, 211, -398, 0, 0, 0, 0
L 211, -398, 0, 211, -399, 0, 0, 0, 0
L 211, -399, 0, 211, -407, 0, 0, 0, 0
L 211, -407, 0, 212, -409, 0, 0, 0, 0
L 212, -409, 0, 213, -410, 0, 0, 0, 0
L 213, -410, 0, 215, -410, 0, 0, 0, 0
L 215, -410, 0, 223, -408, -2, 0, 0, 0
L 223, -408, -2, 275, -408, -3, 0, 0, 0
L 275, -408, -3, 275, -410, -3, 0, 0, 0
L 275, -410, -3, 275, -421, 0, 0, 0, 0
L 275, -421, 0, 275, -421, 0, 0, 0, 0
L 275, -421, 0, 274, -423, 0, 0, 0, 0
L 274, -423, 0, 274, -435, 0, 0, 0, 0
L 274, -435, 0, 276, -435, 0, 0, 0, 0
L 276, -435, 0, 285, -434, 0, 0, 0, 0
L 285, -434, 0, 286, -433, 0, 0, 0, 0
L 286, -433, 0, 287, -432, 0, 0, 0, 0
L 287, -432, 0, 288, -430, 0, 0, 0, 0
L 288, -430, 0, 288, -429, 0, 0, 0, 0
L 288, -429, 0, 288, -428, 0, 0, 0, 0
L 288, -428, 0, 287, -426, 0, 0, 0, 0
L 287, -426, 0, 287, -425, 0, 0, 0, 0
L 287, -425, 0, 287, -424, 0, 0, 0, 0
L 287, -424, 0, 286, -423, 0, 0, 0, 0
L 286, -423, 0, 286, -422, 0, 0, 0, 0
L 286, -422, 0, 286, -421, 0, 0, 0, 0
L 286, -421, 0, 286, -420, 0, 0, 0, 0
L 286, -420, 0, 287, -420, 0, 0, 0, 0
L 287, -420, 0, 307, -420, 0, 0, 0, 0
L 307, -420, 0, 308, -420, 0, 0, 0, 0
L 308, -420, 0, 311, -420, 0, 0, 0, 0
L 311, -420, 0, 311, -422, 0, 0, 0, 0
L 311, -422, 0, 311, -428, -1, 0, 0, 0
L 311, -428, -1, 312, -429, -2, 0, 0, 0
L 312, -429, -2, 312, -430, -2, 0, 0, 0
L 312, -430, -2, 313, -431, -2, 0, 0, 0
L 313, -431, -2, 315, -432, -2, 0, 0, 0
L 315, -432, -2, 318, -433, -2, 0, 0, 0
L 318, -433, -2, 325, -433, -2, 0, 0, 0
L 325, -433, -2, 328, -430, -2, 0, 0, 0
L 328, -430, -2, 328, -429, -2, 0, 0, 0
L 328, -429, -2, 329, -428, -2, 0, 0, 0
L 329, -428, -2, 329, -427, -3, 0, 0, 0
L 329, -427, -3, 331, -425, -3, 0, 0, 0
L 331, -425, -3, 333, -425, -3, 0, 0, 0
L 333, -425, -3, 334, -425, -2, 0, 0, 0
L 334, -425, -2, 336, -424, -2, 0, 0, 0
L 336, -424, -2, 351, -424, -2, 0, 0, 0
L 351, -424, -2, 371, -424, -5, 0, 0, 0
L 371, -424, -5, 371, -425, -4, 0, 0, 0
L 371, -425, -4, 371, -429, -4, 0, 0, 0
L 371, -429, -4, 371, -432, -2, 0, 0, 0
L 371, -432, -2, 369, -434, -2, 0, 0, 0
L 369, -434, -2, 368, -436, -2, 0, 0, 0
L 368, -436, -2, 364, -440, -2, 0, 0, 0
L 364, -440, -2, 364, -442, -2, 0, 0, 0
L 364, -442, -2, 363, -444, -2, 0, 0, 0
L 363, -444, -2, 364, -446, -2, 0, 0, 0
L 364, -446, -2, 364, -448, -2, 0, 0, 0
L 364, -448, -2, 367, -454, -2, 0, 0, 0
L 367, -454, -2, 367, -456, -2, 0, 0, 0
L 367, -456, -2, 370, -463, -2, 0, 0, 0
L 370, -463, -2, 368, -463, -2, 0, 0, 0
L 368, -463, -2, 338, -463, -6, 0, 0, 0
L 338, -463, -6, 336, -463, -6, 0, 0, 0
L 336, -463, -6, 335, -462, -5, 0, 0, 0
L 335, -462, -5, 334, -462, -5, 0, 0, 0
L 334, -462, -5, 329, -460, -2, 0, 0, 0
L 329, -460, -2, 328, -458, -2, 0, 0, 0
L 328, -458, -2, 328, -446, -2, 0, 0, 0
L 328, -446, -2, 327, -444, -2, 0, 0, 0
L 327, -444, -2, 325, -444, -2, 0, 0, 0
L 325, -444, -2, 323, -443, -2, 0, 0, 0
L 323, -443, -2, 320, -444, -2, 0, 0, 0
L 320, -444, -2, 318, -444, -2, 0, 0, 0
L 318, -444, -2, 315, -443, -2, 0, 0, 0
L 315, -443, -2, 313, -444, -2, 0, 0, 0
L 313, -444, -2, 305, -447, -1, 0, 0, 0
L 305, -447, -1, 303, -447, 0, 0, 0, 0
L 303, -447, 0, 301, -448, 0, 0, 0, 0
L 301, -448, 0, 300, -450, 0, 0, 0, 0
L 300, -450, 0, 299, -451, 0, 0, 0, 0
L 299, -451, 0, 299, -452, 0, 0, 0, 0
L 299, -452, 0, 299, -453, -1, 0, 0, 0
L 299, -453, -1, 298, -454, -1, 0, 0, 0
L 298, -454, -1, 297, -455, -2, 0, 0, 0
L 297, -455, -2, 296, -455, -3, 0, 0, 0
L 296, -455, -3, 294, -455, -3, 0, 0, 0
L 294, -455, -3, 289, -455, -2, 0, 0, 0
L 289, -455, -2, 288, -455, -1, 0, 0, 0
L 288, -455, -1, 286, -454, 0, 0, 0, 0
L 286, -454, 0, 284, -454, 0, 0, 0, 0
L 284, -454, 0, 284, -452, 0, 0, 0, 0
L 284, -452, 0, 284, -445, 0, 0, 0, 0
L 284, -445, 0, 285, -444, 0, 0, 0, 0
L 285, -444, 0, 285, -443, 0, 0, 0, 0
L 285, -443, 0, 286, -442, 0, 0, 0, 0
L 286, -442, 0, 286, -440, 0, 0, 0, 0
L 286, -440, 0, 286, -438, 0, 0, 0, 0
L 286, -438, 0, 285, -438, 0, 0, 0, 0
L 285, -438, 0, 284, -437, 0, 0, 0, 0
L 284, -437, 0, 282, -437, 0, 0, 0, 0
L 282, -437, 0, 280, -438, 0, 0, 0, 0
L 280, -438, 0, 279, -439, 0, 0, 0, 0
L 279, -439, 0, 277, -438, 0, 0, 0, 0
L 277, -438, 0, 276, -437, 0, 0, 0, 0
L 276, -437, 0, 275, -437, 0, 0, 0, 0
L 275, -437, 0, 273, -437, 0, 0, 0, 0
L 273, -437, 0, 272, -438, 0, 0, 0, 0
L 272, -438, 0, 270, -439, 0, 0, 0, 0
L 270, -439, 0, 269, -441, 0, 0, 0, 0
L 269, -441, 0, 269, -442, 0, 0, 0, 0
L 269, -442, 0, 269, -445, 0, 0, 0, 0
L 269, -445, 0, 268, -447, 0, 0, 0, 0
L 268, -447, 0, 267, -449, 0, 0, 0, 0
L 267, -449, 0, 267, -451, 0, 0, 0, 0
L 267, -451, 0, 268, -453, 0, 0, 0, 0
L 268, -453, 0, 269, -454, 0, 0, 0, 0
L 269, -454, 0, 270, -454, 0, 0, 0, 0
L 270, -454, 0, 272, -454, 0, 0, 0, 0
L 272, -454, 0, 274, -454, 0, 0, 0, 0
L 274, -454, 0, 275, -455, 0, 0, 0, 0
L 275, -455, 0, 275, -456, 0, 0, 0, 0
L 275, -456, 0, 275, -467, -4, 0, 0, 0
L 275, -467, -4, 273, -467, -4, 0, 0, 0
L 273, -467, -4, 258, -467, 0, 0, 0, 0
L 258, -467, 0, 258, -466, 0, 0, 0, 0
L 258, -466, 0, 258, -464, 0, 0, 0, 0
L 258, -464, 0, 257, -464, 0, 0, 0, 0
L 257, -464, 0, 255, -464, 0, 0, 0, 0
L 255, -464, 0, 254, -465, 0, 0, 0, 0
L 254, -465, 0, 252, -465, 0, 0, 0, 0
L 252, -465, 0, 243, -465, 0, 0, 0, 0
L 243, -465, 0, 234, -464, 0, 0, 0, 0
L 234, -464, 0, 233, -465, 0, 0, 0, 0
L 233, -465, 0, 231, -466, 0, 0, 0, 0
L 231, -466, 0, 229, -467, 0, 0, 0, 0
L 229, -467, 0, 228, -467, 0, 0, 0, 0
L 228, -467, 0, 195, -467, 0, 0, 0, 0
L 195, -467, 0, 194, -467, 0, 0, 0, 0
L 194, -467, 0, 193, -466, 0, 0, 0, 0
L 193, -466, 0, 191, -467, 0, 0, 0, 0
L 191, -467, 0, 190, -467, 0, 0, 0, 0
L 190, -467, 0, 185, -466, -3, 0, 0, 0
L 185, -466, -3, 183, -466, -4, 0, 0, 0
L 183, -466, -4, 180, -466, -4, 0, 0, 0
L 180, -466, -4, 175, -467, -2, 0, 0, 0
L 175, -467, -2, 174, -466, -2, 0, 0, 0
L 174, -466, -2, 173, -466, -2, 0, 0, 0
L 173, -466, -2, 164, -467, -1, 0, 0, 0
L 164, -467, -1, 163, -466, 0, 0, 0, 0
L 163, -466, 0, 162, -467, 0, 0, 0, 0
L 162, -467, 0, 160, -467, 0, 0, 0, 0
L 160, -467, 0, 159, -467, 0, 0, 0, 0
L 159, -467, 0, 144, -467, -2, 0, 0, 0
L 144, -467, -2, 144, -466, -2, 0, 0, 0
L 144, -466, -2, 144, -463, 0, 0, 0, 0
L 144, -463, 0, 146, -462, 0, 0, 0, 0
L 146, -462, 0, 146, -461, 0, 0, 0, 0
L 146, -461, 0, 146, -458, 0, 0, 0, 0
L 146, -458, 0, 146, -456, 0, 0, 0, 0
L 146, -456, 0, 146, -448, 0, 0, 0, 0
L 146, -448, 0, 146, -446, 0, 0, 0, 0
L 146, -446, 0, 146, -442, 0, 0, 0, 0
L 146, -442, 0, 145, -438, -2, 0, 0, 0
L 145, -438, -2, 144, -428, -4, 0, 0, 0
L 144, -428, -4, 144, -426, -4, 0, 0, 0
L 144, -426, -4, 145, -391, -2, 0, 0, 0
L 145, -391, -2, 146, -391, 0, 0, 0, 0
L 146, -391, 0, 146, -390, 0, 0, 0, 0
L 146, -390, 0, 146, -362, -1, 0, 0, 0
L 146, -362, -1, 145, -360, 0, 0, 0, 0
L 145, -360, 0, 147, -360, 0, 0, 0, 0
L 147, -360, 0, 170, -360, 0, 0, 0, 0
L 170, -360, 0, 171, -361, 0, 0, 0, 0
L 171, -361, 0, 172, -361, 0, 0, 0, 0
L 172, -361, 0, 174, -360, 0, 0, 0, 0
L 174, -360, 0, 175, -359, 0, 0, 0, 0
L 175, -359, 0, 175, -357, 0, 0, 0, 0
L 175, -357, 0, 175, -351, 0, 0, 0, 0
L 175, -351, 0, 174, -350, 0, 0, 0, 0
L 174, -350, 0, 173, -350, 0, 0, 0, 0
L 173, -350, 0, 171, -350, 0, 0, 0, 0
L 171, -350, 0, 170, -350, 0, 0, 0, 0
L 170, -350, 0, 165, -350, 0, 0, 0, 0
L 165, -350, 0, 164, -350, 0, 0, 0, 0
L 164, -350, 0, 161, -351, 0, 0, 0, 0
L 161, -351, 0, 160, -351, 0, 0, 0, 0
L 160, -351, 0, 150, -351, -3, 0, 0, 0
L 150, -351, -3, 146, -347, -3, 0, 0, 0
L 146, -347, -3, 144, -347, -3, 0, 0, 0
L 144, -347, -3, 144, -344, -3, 0, 0, 0
L 144, -344, -3, 144, -332, 0, 0, 0, 0
L 144, -332, 0, 143, -331, 0, 0, 0, 0
L 143, -331, 0, 141, -330, 0, 0, 0, 0
L 141, -330, 0, 139, -330, 0, 0, 0, 0
L 139, -330, 0, 136, -331, 0, 0, 0, 0
L 136, -331, 0, 134, -331, 0, 0, 0, 0
L 134, -331, 0, 133, -331, 0, 0, 0, 0
L 133, -331, 0, 125, -331, -1, 0, 0, 0
L 125, -331, 0, 116, -331, -2, 0, 0, 0
L 116, -331, -2, 112, -331, -2, 0, 0, 0
L 112, -331, -2, 110, -330, -2, 0, 0, 0
L 110, -330, -2, 96, -309, 0, 0, 0, 0
L 96, -309, 0, 96, -308, 0, 0, 0, 0
L 96, -308, 0, 96, -306, 0, 0, 0, 0
L 96, -306, 0, 96, -285, -2, 0, 0, 0
L 96, -285, -2, 97, -284, 0, 0, 0, 0
L 97, -284, 0, 97, -282, 0, 0, 0, 0
L 97, -282, 0, 97, -280, 0, 0, 0, 0
L 97, -280, 0, 96, -280, 0, 0, 0, 0
L 96, -280, 0, 88, -280, 0, 0, 0, 0
L 88, -280, 0, 87, -281, 0, 0, 0, 0
L 87, -281, 0, 86, -282, 0, 0, 0, 0
L 86, -282, 0, 86, -284, 0, 0, 0, 0
L 86, -284, 0, 85, -298, -2, 0, 0, 0
L 85, -298, -2, 85, -299, -2, 0, 0, 0
L 85, -299, -2, 57, -327, 0, 0, 0, 0
L 57, -327, 0, 55, -327, 0, 0, 0, 0
L 55, -327, 0, 54, -327, 0, 0, 0, 0
L 54, -327, 0, 39, -327, 0, 0, 0, 0
L 39, -327, 0, 29, -327, 0, 0, 0, 0
L 29, -327, 0, 20, -327, 0, 0, 0, 0
L 20, -327, 0, 20, -325, 0, 0, 0, 0
L 20, -325, 0, 20, -296, 0, 0, 0, 0
L 20, -296, 0, 19, -295, 0, 0, 0, 0
L 19, -295, 0, 18, -295, 0, 0, 0, 0
L 18, -295, 0, 16, -295, 0, 0, 0, 0
L 16, -295, 0, 15, -295, 0, 0, 0, 0
L 15, -295, 0, 13, -295, 0, 0, 0, 0
L 13, -295, 0, 12, -295, 0, 0, 0, 0
L 12, -295, 0, -11, -295, 0, 0, 0, 0
L -11, -295, 0, -11, -293, 0, 0, 0, 0
L -11, -293, 0, -11, -285, 0, 0, 0, 0
L -11, -285, 0, -10, -283, 0, 0, 0, 0
L -10, -283, 0, -10, -281, 0, 0, 0, 0
L -10, -281, 0, -11, -280, 0, 0, 0, 0
L -11, -280, 0, -13, -280, 0, 0, 0, 0
L -13, -280, 0, -15, -280, 0, 0, 0, 0
L -15, -280, 0, -21, -280, 0, 0, 0, 0
L -21, -280, 0, -21, -282, 0, 0, 0, 0
L -21, -282, 0, -21, -285, 0, 0, 0, 0
L -21, -285, 0, -20, -287, 0, 0, 0, 0
L -20, -287, 0, -20, -288, 0, 0, 0, 0
L -20, -288, 0, -20, -311, -6, 0, 0, 0
L -20, -311, -6, -22, -311, -6, 0, 0, 0
L -22, -311, -6, -45, -311, 0, 0, 0, 0
L -45, -311, 0, -46, -309, 0, 0, 0, 0
L -46, -309, 0, -47, -309, 0, 0, 0, 0
L -47, -309, 0, -55, -309, 0, 0, 0, 0
L -55, -309, 0, -64, -309, 0, 0, 0, 0
L -64, -309, 0, -66, -310, 0, 0, 0, 0
L -66, -310, 0, -67, -311, 0, 0, 0, 0
L -67, -311, 0, -68, -311, 0, 0, 0, 0
L -68, -311, 0, -73, -310, 0, 0, 0, 0
L -73, -310, 0, -73, -310, 0, 0, 0, 0
L -73, -310, 0, -93, -289, 0, 0, 0, 0
L -93, -289, 0, -104, -279, -3, 0, 0, 0
L -104, -279, -3, -106, -277, -3, 0, 0, 0
L -106, -277, -3, -108, -277, -3, 0, 0, 0
L -108, -277, -3, -112, -276, -1, 0, 0, 0
L -112, -276, -1, -113, -277, 0, 0, 0, 0
L -113, -277, 0, -115, -278, 0, 0, 0, 0
L -115, -278, 0, -116, -278, 0, 0, 0, 0
L -116, -278, 0, -146, -278, -3, 0, 0, 0
L -146, -278, -3, -151, -278, -7, 0, 0, 0
L -151, -278, -7, -151, -276, -7, 0, 0, 0
L -151, -276, -7, -151, -253, 0, 0, 0, 0
L -151, -253, 0, -150, -251, 0, 0, 0, 0
L -150, -251, 0, -150, -249, 0, 0, 0, 0
L -150, -249, 0, -151, -248, 0, 0, 0, 0
L -151, -248, 0, -152, -248, 0, 0, 0, 0
L -152, -248, 0, -154, -248, 0, 0, 0, 0
L -154, -248, 0, -158, -247, 0, 0, 0, 0
L -158, -247, 0, -161, -247, 0, 0, 0, 0
L -161, -247, 0, -162, -249, 0, 0, 0, 0
L -162, -249, 0, -161, -253, 0, 0, 0, 0
L -161, -253, 0, -161, -254, 0, 0, 0, 0
L -161, -254, 0, -161, -255, 0, 0, 0, 0
L -161, -255, 0, -160, -257, 0, 0, 0, 0
L -160, -257, 0, -160, -258, 0, 0, 0, 0
L -160, -258, 0, -160, -279, 0, 0, 0, 0
L -160, -279, 0, -162, -279, 0, 0, 0, 0
L -162, -279, 0, -219, -279, -3, 0, 0, 0
L -219, -279, -3, -219, -147, -3, 0, 0, 0
L -219, -147, -3, -217, -147, -3, 0, 0, 0
L -217, -147, -3, -208, -148, 0, 0, 0, 0
L -208, -148, 0, -197, -147, 0, 0, 0, 0
L -197, -147, 0, -196, -148, 0, 0, 0, 0
L -196, -148, 0, -194, -148, 0, 0, 0, 0
L -194, -148, 0, -193, -148, 0, 0, 0, 0
L -193, -148, 0, -192, -146, 0, 0, 0, 0
L -192, -146, 0, -192, -144, 0, 0, 0, 0
L -192, -144, 0, -192, -138, 0, 0, 0, 0
L -192, -138, 0, -194, -138, 0, 0, 0, 0
L -194, -138, 0, -195, -137, 0, 0, 0, 0
L -195, -137, 0, -196, -138, 0, 0, 0, 0
L -196, -138, 0, -198, -138, 0, 0, 0, 0
L -198, -138, 0, -199, -138, 0, 0, 0, 0
L -199, -138, 0, -200, -137, 0, 0, 0, 0
L -200, -137, 0, -202, -138, 0, 0, 0, 0
L -202, -138, 0, -204, -139, 0, 0, 0, 0
L -204, -139, 0, -205, -139, 0, 0, 0, 0
L -205, -139, 0, -206, -138, 0, 0, 0, 0
L -206, -138, 0, -209, -138, 0, 0, 0, 0
L -209, -138, 0, -210, -137, 0, 0, 0, 0
L -210, -137, 0, -216, -131, 0, 0, 0, 0
L -216, -131, 0, -238, -109, 0, 0, 0, 0
L -238, -109, 0, -238, -108, 0, 0, 0, 0
L -238, -108, 0, -239, -107, 0, 0, 0, 0
L -239, -107, 0, -239, -106, 0, 0, 0, 0
L -239, -106, 0, -239, -97, 0, 0, 0, 0
L -239, -97, 0, -238, -95, 0, 0, 0, 0
L -238, -95, 0, -238, -93, 0, 0, 0, 0
L -238, -93, 0, -239, -92, 0, 0, 0, 0
L -239, -92, 0, -241, -91, 0, 0, 0, 0
L -241, -91, 0, -242, -92, 0, 0, 0, 0
L -242, -92, 0, -247, -92, 0, 0, 0, 0
L -247, -92, 0, -249, -92, 0, 0, 0, 0
L -249, -92, 0, -250, -93, 0, 0, 0, 0
L -250, -93, 0, -252, -94, 0, 0, 0, 0
L -252, -94, 0, -253, -95, 0, 0, 0, 0
L -253, -95, 0, -253, -97, 0, 0, 0, 0
L -253, -97, 0, -254, -98, 0, 0, 0, 0
L -254, -98, 0, -253, -102, 0, 0, 0, 0
L -253, -102, 0, -253, -103, 0, 0, 0, 0
L -253, -103, 0, -253, -105, -2, 0, 0, 0
L -253, -105, -2, -252, -106, -3, 0, 0, 0
L -252, -106, -3, -252, -109, -3, 0, 0, 0
L -252, -109, -3, -252, -111, -2, 0, 0, 0
L -252, -111, -2, -252, -112, -2, 0, 0, 0
L -252, -112, -2, -254, -114, -1, 0, 0, 0
L -254, -114, -1, -260, -120, 0, 0, 0, 0
L -260, -120, 0, -272, -132, 0, 0, 0, 0
L -272, -132, 0, -273, -133, 0, 0, 0, 0
L -273, -133, 0, -274, -133, 0, 0, 0, 0
L -274, -133, 0, -275, -134, 0, 0, 0, 0
L -275, -134, 0, -276, -135, -1, 0, 0, 0
L -276, -135, -1, -278, -136, -2, 0, 0, 0
L -278, -136, -2, -279, -136, -2, 0, 0, 0
L -279, -136, -2, -283, -139, -2, 0, 0, 0
L -283, -139, -2, -284, -139, -2, 0, 0, 0
L -284, -139, -2, -297, -139, 0, 0, 0, 0
L -297, -139, 0, -298, -138, 0, 0, 0, 0
L -298, -138, 0, -303, -139, 0, 0, 0, 0
L -303, -139, 0, -304, -139, 0, 0, 0, 0
L -304, -139, 0, -313, -138, -3, 0, 0, 0
L -313, -138, -3, -317, -138, -3, 0, 0, 0
L -317, -138, -3, -319, -137, -2, 0, 0, 0
L -319, -137, -2, -319, -136, -2, 0, 0, 0
L -319, -136, -2, -345, -110, 0, 0, 0, 0
L -345, -110, 0, -345, -110, 0, 0, 0, 0
L -345, -110, 0, -346, -108, 0, 0, 0, 0
L -346, -108, 0, -347, -107, 0, 0, 0, 0
L -347, -107, 0, -347, -106, 0, 0, 0, 0
L -347, -106, 0, -347, -70, 0, 0, 0, 0
L -347, -70, 0, -346, -69, 0, 0, 0, 0
L -346, -69, 0, -316, -39, 0, 0, 0, 0
L -316, -39, 0, -315, -39, 0, 0, 0, 0
L -315, -39, 0, -305, -40, 0, 0, 0, 0
L -305, -40, 0, -303, -40, 0, 0, 0, 0
L -303, -40, 0, -302, -40, 0, 0, 0, 0
L -302, -40, 0, -300, -39, 0, 0, 0, 0
L -300, -39, 0, -300, -38, 0, 0, 0, 0
L -300, -38, 0, -300, -29, 0, 0, 0, 0
L -300, -29, 0, -301, -29, 0, 0, 0, 0
L -301, -29, 0, -303, -30, 0, 0, 0, 0
L -303, -30, 0, -304, -30, 0, 0, 0, 0
L -304, -30, 0, -305, -30, 0, 0, 0, 0
L -305, -30, 0, -306, -30, 0, 0, 0, 0
L -306, -30, 0, -307, -31, 0, 0, 0, 0
L -307, -31, 0, -308, -31, 0, 0, 0, 0
L -308, -31, 0, -318, -30, 0, 0, 0, 0
L -318, -30, 0, -320, -30, 0, 0, 0, 0
L -320, -30, 0, -323, -31, 0, 0, 0, 0
L -323, -31, 0, -325, -31, 0, 0, 0, 0
L -325, -31, 0, -332, -31, 0, 0, 0, 0
L -332, -31, 0, -332, -29, 0, 0, 0, 0
L -332, -29, 0, -332, -27, 0, 0, 0, 0
L -332, -27, 0, -331, -26, 0, 0, 0, 0
L -331, -26, 0, -330, -26, 0, 0, 0, 0
L -330, -26, 0, -330, -24, 0, 0, 0, 0
L -330, -24, 0, -330, -8, -1, 0, 0, 0
L -330, -8, -1, -331, -6, -2, 0, 0, 0
L -331, -6, -2, -331, -4, -3, 0, 0, 0
L -331, -4, -3, -332, -3, -3, 0, 0, 0
L -332, -3, -3, -331, -1, -3, 0, 0, 0
L -331, -1, -3, -330, 0, -3, 0, 0, 0
L -330, 0, -3, -309, 20, 0, 0, 0, 0
L -309, 20, 0, -308, 22, 0, 0, 0, 0
L -308, 22, 0, -308, 23, 0, 0, 0, 0
L -308, 23, 0, -308, 64, 0, 0, 0, 0
L -308, 64, 0, -306, 66, 0, 0, 0, 0
L -306, 66, 0, -291, 81, 0, 0, 0, 0
L -291, 81, 0, -290, 82, 0, 0, 0, 0
L -290, 82, 0, -289, 83, -1, 0, 0, 0
L -289, 83, -1, -287, 84, -2, 0, 0, 0
L -287, 84, -2, -286, 84, -2, 0, 0, 0
L -286, 84, -2, -276, 84, -4, 0, 0, 0
L -276, 84, -4, -274, 83, -4, 0, 0, 0
L -274, 83, -4, -271, 84, -4, 0, 0, 0
L -271, 84, -4, -262, 83, -4, 0, 0, 0
L -262, 83, -4, -261, 81, -4, 0, 0, 0
L -261, 81, -4, -259, 83, -4, 0, 0, 0
L -259, 83, -4, -257, 84, -4, 0, 0, 0
L -257, 84, -4, -257, 93, -4, 0, 0, 0
L -257, 93, -4, -262, 93, -4, 0, 0, 0
L -262, 93, -4, -263, 92, -4, 0, 0, 0
L -263, 92, -4, -265, 92, -4, 0, 0, 0
L -265, 92, -4, -270, 93, -4, 0, 0, 0
L -270, 93, -4, -272, 93, -4, 0, 0, 0
L -272, 93, -4, -282, 94, -6, 0, 0, 0
L -282, 94, -6, -283, 94, -6, 0, 0, 0
L -283, 94, -6, -284, 93, -5, 0, 0, 0
L -284, 93, -5, -285, 92, -5, 0, 0, 0
L -285, 92, -5, -287, 92, -4, 0, 0, 0
L -287, 92, -4, -292, 92, -4, 0, 0, 0
L -292, 92, -4, -292, 97, -4, 0, 0, 0
L -292, 97, -4, -290, 97, -4, 0, 0, 0
L -290, 97, -4, -289, 98, -4, 0, 0, 0
L -289, 98, -4, -289, 114, -4, 0, 0, 0
L -289, 114, -4, -290, 115, -4, 0, 0, 0
L -290, 115, -4, -290, 125, -4, 0, 0, 0
L -290, 125, -4, -292, 131, -7, 0, 0, 0
L -292, 131, -7, -292, 206, -4, 0, 0, 0
L -292, 206, -4, -290, 205, -4, 0, 0, 0
L -290, 205, -4, -280, 205, -4, 0, 0, 0
L -280, 205, -4, -273, 206, -4, 0, 0, 0
L -273, 206, -4, -272, 207, -4, 0, 0, 0
L -272, 207, -4, -272, 177, -4, 0, 0, 0
L -272, 177, -4, -270, 176, -4, 0, 0, 0
L -270, 176, -4, -269, 176, -4, 0, 0, 0
L -269, 176, -4, -264, 175, -4, 0, 0, 0
L -264, 175, -4, -263, 174, -4, 0, 0, 0
L -263, 174, -4, -246, 174, -4, 0, 0, 0
L -246, 174, -4, -242, 176, -4, 0, 0, 0
L -242, 176, -4, -238, 176, -4, 0, 0, 0
L -238, 176, -4, -237, 178, -4, 0, 0, 0
L -237, 178, -4, -237, 207, -4, 0, 0, 0
L -237, 207, -4, -235, 206, -4, 0, 0, 0
L -235, 206, -4, -231, 206, -4, 0, 0, 0
L -231, 206, -4, -230, 208, -4, 0, 0, 0
L -230, 208, -4, -230, 216, -4, 0, 0, 0
L -230, 216, -4, -231, 216, -4, 0, 0, 0
L -231, 216, -4, -234, 219, -4, 0, 0, 0
L -234, 219, -4, -236, 218, -4, 0, 0, 0
L -236, 218, -4, -237, 217, -4, 0, 0, 0
L -237, 217, -4, -237, 246, -4, 0, 0, 0
L -237, 246, -4, -239, 248, -4, 0, 0, 0
L -239, 248, -4, -240, 248, -4, 0, 0, 0
L -240, 248, -4, -242, 249, -4, 0, 0, 0
L -242, 249, -4, -243, 249, -4, 0, 0, 0
L -243, 249, -4, -248, 250, -4, 0, 0, 0
L -248, 250, -4, -249, 249, -4, 0, 0, 0
L -249, 249, -4, -263, 249, -4, 0, 0, 0
L -263, 249, -4, -264, 248, -4, 0, 0, 0
L -264, 248, -4, -266, 247, -4, 0, 0, 0
L -266, 247, -4, -270, 247, -4, 0, 0, 0
L -270, 247, -4, -272, 246, -4, 0, 0, 0
L -272, 246, -4, -272, 217, -4, 0, 0, 0
L -272, 217, -4, -274, 218, -4, 0, 0, 0
L -274, 218, -4, -284, 218, -4, 0, 0, 0
L -284, 218, -4, -291, 217, -4, 0, 0, 0
L -291, 217, -4, -292, 219, -4, 0, 0, 0
L -292, 219, -4, -292, 311, -4, 0, 0, 0
L -292, 311, -4, -275, 328, -4, 0, 0, 0
L -275, 328, -4, -273, 329, -4, 0, 0, 0
L -273, 329, -4, -272, 330, -4, 0, 0, 0
L -272, 330, -4, -271, 330, -4, 0, 0, 0
L -271, 330, -4, -269, 331, -4, 0, 0, 0
L -269, 331, -4, -267, 330, -4, 0, 0, 0
L -267, 330, -4, -266, 331, -4, 0, 0, 0
L -266, 331, -4, -262, 331, -4, 0, 0, 0
L -262, 331, -4, -261, 330, -4, 0, 0, 0
L -261, 330, -4, -259, 330, -4, 0, 0, 0
L -259, 330, -4, -257, 331, -4, 0, 0, 0
L -257, 331, -4, -257, 339, -4, 0, 0, 0
L -257, 339, -4, -259, 341, -4, 0, 0, 0
L -259, 341, -4, -262, 341, -4, 0, 0, 0
L -262, 341, -4, -265, 340, -4, 0, 0, 0
L -265, 340, -4, -267, 340, -4, 0, 0, 0
L -267, 340, -4, -269, 339, -4, 0, 0, 0
L -269, 339, -4, -270, 340, -4, 0, 0, 0
L -270, 340, -4, -270, 344, -4, 0, 0, 0
L -270, 344, -4, -272, 346, -4, 0, 0, 0
L -272, 346, -4, -273, 348, -4, 0, 0, 0
L -273, 348, -4, -275, 350, -4, 0, 0, 0
L -275, 350, -4, -278, 350, -4, 0, 0, 0
L -278, 350, -4, -279, 349, -4, 0, 0, 0
L -279, 349, -4, -286, 348, -4, 0, 0, 0
L -286, 348, -4, -286, 349, -4, 0, 0, 0
L -286, 349, -4, -285, 355, -4, 0, 0, 0
L -285, 355, -4, -284, 356, -4, 0, 0, 0
L -284, 356, -4, -283, 356, -4, 0, 0, 0
L -283, 356, -4, -283, 358, -4, 0, 0, 0
L -283, 358, -4, -282, 360, -4, 0, 0, 0
L -282, 360, -4, -282, 361, -4, 0, 0, 0
L -282, 361, -4, -281, 363, -4, 0, 0, 0
L -281, 363, -4, -281, 369, -4, 0, 0, 0
L -281, 369, -4, -280, 371, -4, 0, 0, 0
L -280, 371, -4, -280, 373, -4, 0, 0, 0
L -280, 373, -4, -279, 374, -4, 0, 0, 0
L -279, 374, -4, -279, 375, -4, 0, 0, 0
L -279, 375, -4, -277, 377, -4, 0, 0, 0
L -277, 377, -4, -271, 377, -4, 0, 0, 0
L -271, 377, -4, -270, 378, -4, 0, 0, 0
L -270, 378, -4, -270, 379, -4, 0, 0, 0
L -270, 379, -4, -269, 380, -4, 0, 0, 0
L -269, 380, -4, -269, 389, -4, 0, 0, 0
L -269, 389, -4, -270, 391, -4, 0, 0, 0
L -270, 391, -4, -270, 398, -4, 0, 0, 0
L -270, 398, -4, -271, 399, -4, 0, 0, 0
L -271, 399, -4, -272, 402, -4, 0, 0, 0
L -272, 402, -4, -272, 403, -4, 0, 0, 0
L -272, 403, -4, -274, 405, -4, 0, 0, 0
L -274, 405, -4, -277, 405, -4, 0, 0, 0
L -277, 405, -4, -279, 407, -4, 0, 0, 0
L -279, 407, -4, -279, 408, -4, 0, 0, 0
L -279, 408, -4, -280, 410, -4, 0, 0, 0
L -280, 410, -4, -280, 411, -4, 0, 0, 0
L -280, 411, -4, -281, 412, -4, 0, 0, 0
L -281, 412, -4, -280, 418, -4, 0, 0, 0
L -280, 418, -4, -280, 420, -4, 0, 0, 0
L -280, 420, -4, -279, 421, -4, 0, 0, 0
L -279, 421, -4, -279, 422, -4, 0, 0, 0
L -279, 422, -4, -277, 426, -4, 0, 0, 0
L -277, 426, -4, -275, 431, -4, 0, 0, 0
L -275, 431, -4, -271, 431, -4, 0, 0, 0
L -271, 431, -4, -269, 433, -4, 0, 0, 0
L -269, 433, -4, -269, 439, -4, 0, 0, 0
L -269, 439, -4, -270, 441, -4, 0, 0, 0
L -270, 441, -4, -270, 453, -4, 0, 0, 0
L -270, 453, -4, -271, 454, -4, 0, 0, 0
L -271, 454, -4, -276, 472, -4, 0, 0, 0
L -276, 472, -4, -278, 478, -4, 0, 0, 0
L -278, 478, -4, -278, 481, -4, 0, 0, 0
L -278, 481, -4, -277, 482, -4, 0, 0, 0
L -277, 482, -4, -277, 484, -4, 0, 0, 0
L -277, 484, -4, -275, 485, -4, 0, 0, 0
L -275, 485, -4, -272, 485, -4, 0, 0, 0
L -272, 485, -4, -270, 486, -4, 0, 0, 0
L -270, 486, -4, -270, 487, -4, 0, 0, 0
L -270, 487, -4, -269, 489, -4, 0, 0, 0
L -269, 489, -4, -269, 490, -4, 0, 0, 0
L -269, 490, -4, -270, 495, -4, 0, 0, 0
L -270, 495, -4, -270, 521, -4, 0, 0, 0
L -270, 521, -4, -268, 521, -4, 0, 0, 0
L -268, 521, -4, -262, 520, -4, 0, 0, 0
L -262, 520, -4, -259, 520, -4, 0, 0, 0
L -259, 520, -4, -257, 521, -4, 0, 0, 0
L -257, 521, -4, -257, 534, -4, 0, 0, 0
L -257, 534, -4, -259, 535, -4, 0, 0, 0
L -259, 535, -4, -261, 535, -4, 0, 0, 0
L -261, 535, -4, -264, 532, -4, 0, 0, 0
L -264, 532, -4, -266, 532, -4, 0, 0, 0
L -266, 532, -4, -267, 533, -4, 0, 0, 0
L -267, 533, -4, -267, 534, -4, 0, 0, 0
L -267, 534, -4, -269, 536, -4, 0, 0, 0
L -269, 536, -4, -269, 537, -4, 0, 0, 0
L -269, 537, -4, -271, 541, -4, 0, 0, 0
L -271, 541, -4, -271, 542, -4, 0, 0, 0
L -271, 542, -4, -272, 543, -5, 0, 0, 0
L -272, 543, -5, -272, 545, -6, 0, 0, 0
L -272, 545, -6, -272, 547, -6, 0, 0, 0
L -272, 547, -6, -272, 567, 1, 0, 0, 0
L -272, 567, 1, -273, 568, 1, 0, 0, 0
L -273, 568, 1, -274, 570, 1, 0, 0, 0
L -274, 570, 1, -275, 571, 1, 0, 0, 0
L -275, 571, 1, -277, 571, 1, 0, 0, 0
L -277, 571, 1, -279, 570, 1, 0, 0, 0
L -279, 570, 1, -281, 568, 1, 0, 0, 0
L -281, 568, 1, -323, 568, 1, 0, 0, 0
L -323, 568, 1, -325, 568, 0, 0, 0, 0
L -325, 568, 0, -328, 568, -1, 0, 0, 0
L -328, 568, -1, -328, 569, -1, 0, 0, 0
L -328, 569, -1, -328, 590, 1, 0, 0, 0
L -328, 590, 1, -327, 592, 1, 0, 0, 0
L -327, 592, 1, -327, 593, 1, 0, 0, 0
L -327, 593, 1, -328, 595, 1, 0, 0, 0
L -328, 595, 1, -334, 595, 1, 0, 0, 0
L -334, 595, 1, -344, 594, 1, 0, 0, 0
L -344, 594, 1, -345, 594, 1, 0, 0, 0
L -345, 594, 1, -347, 592, 1, 0, 0, 0
L -347, 592, 1, -348, 592, 1, 0, 0, 0
L -348, 592, 1, -348, 590, 1, 0, 0, 0
L -348, 590, 1, -350, 588, 1, 0, 0, 0
L -350, 588, 1, -366, 588, 1, 0, 0, 0
L -366, 588, 1, -368, 587, 1, 0, 0, 0
L -368, 587, 1, -369, 585, 1, 0, 0, 0
L -369, 585, 1, -369, 580, 1, 0, 0, 0
L -369, 580, 1, -371, 578, 1, 0, 0, 0
L -371, 578, 1, -371, 574, 1, 0, 0, 0
L -371, 574, 1, -370, 572, 1, 0, 0, 0
L -370, 572, 1, -370, 561, 1, 0, 0, 0
L -370, 561, 1, -369, 560, 1, 0, 0, 0
L -369, 560, 1, -368, 558, 1, 0, 0, 0
L -368, 558, 1, -368, 554, 1, 0, 0, 0
L -368, 554, 1, -367, 553, 1, 0, 0, 0
L -367, 553, 1, -365, 552, 1, 0, 0, 0
L -365, 552, 1, -361, 552, 1, 0, 0, 0
L -361, 552, 1, -360, 553, 1, 0, 0, 0
L -360, 553, 1, -343, 553, 1, 0, 0, 0
L -343, 553, 1, -341, 552, 1, 0, 0, 0
L -341, 552, 1, -339, 552, 1, 0, 0, 0
L -339, 552, 1, -337, 553, 1, 0, 0, 0
L -337, 553, 1, -338, 552, 1, 0, 0, 0
L -338, 552, 1, -339, 550, 1, 0, 0, 0
L -339, 550, 1, -339, 549, 1, 0, 0, 0
L -339, 549, 1, -338, 534, 1, 0, 0, 0
L -338, 534, 1, -340, 533, 1, 0, 0, 0
L -340, 533, 1, -372, 533, 1, 0, 0, 0
L -372, 533, 1, -402, 533, 0, 0, 0, 0
L -402, 533, 0, -432, 533, 1, 0, 0, 0
L -432, 533, 1, -451, 552, 1, 0, 0, 0
L -451, 552, 1, -452, 554, 1, 0, 0, 0
L -452, 554, 1, -451, 563, 1, 0, 0, 0
L -451, 563, 1, -451, 564, 1, 0, 0, 0
L -462, 565, 1, -461, 562, 1, 0, 0, 0
L -461, 562, 1, -460, 561, 1, 0, 0, 0
L -460, 561, 1, -460, 559, 1, 0, 0, 0
L -460, 559, 1, -461, 538, 0, 0, 0, 0
L -461, 538, 0, -462, 538, 0, 0, 0, 0
L -462, 538, 0, -477, 538, 1, 0, 0, 0
L -477, 538, 1, -480, 538, 1, 0, 0, 0
L -480, 538, 1, -481, 537, 1, 0, 0, 0
L -481, 537, 1, -481, 532, 1, 0, 0, 0
L -481, 532, 1, -470, 532, 1, 0, 0, 0
L -470, 532, 1, -460, 532, 0, 0, 0, 0
L -460, 532, 0, -460, 530, -1, 0, 0, 0
L -328, 605, 1, -328, 622, -3, 0, 0, 0
L -328, 622, -3, -327, 624, -3, 0, 0, 0
L -327, 624, -3, -327, 626, -4, 0, 0, 0
L -327, 626, -4, -325, 627, -4, 0, 0, 0
L -325, 627, -4, -323, 627, -3, 0, 0, 0
L -323, 627, -3, -274, 627, 1, 0, 0, 0
L -274, 627, 1, -272, 628, 1, 0, 0, 0
L -272, 628, 1, -272, 630, 1, 0, 0, 0
L -272, 630, 1, -272, 652, -4, 0, 0, 0
L -272, 652, -4, -271, 653, -4, 0, 0, 0
L -271, 653, -4, -271, 654, -4, 0, 0, 0
L -271, 654, -4, -270, 655, -4, 0, 0, 0
L -270, 655, -4, -270, 657, -4, 0, 0, 0
L -270, 657, -4, -269, 658, -4, 0, 0, 0
L -269, 658, -4, -269, 659, -4, 0, 0, 0
L -269, 659, -4, -267, 662, -4, 0, 0, 0
L -267, 662, -4, -266, 663, -4, 0, 0, 0
L -266, 663, -4, -262, 665, -4, 0, 0, 0
L -262, 665, -4, -261, 664, -4, 0, 0, 0
L -261, 664, -4, -259, 665, -4, 0, 0, 0
L -259, 665, -4, -256, 665, -4, 0, 0, 0
L -256, 665, -4, -257, 666, -4, 0, 0, 0
L -257, 666, -4, -257, 674, -4, 0, 0, 0
L -257, 674, -4, -259, 675, -4, 0, 0, 0
L -259, 675, -4, -260, 676, -4, 0, 0, 0
L -260, 676, -4, -261, 675, -4, 0, 0, 0
L -261, 675, -4, -263, 675, -4, 0, 0, 0
L -263, 675, -4, -265, 674, -4, 0, 0, 0
L -265, 674, -4, -275, 674, -9, 0, 0, 0
L -275, 674, -9, -282, 674, -8, 0, 0, 0
L -282, 674, -8, -283, 675, -8, 0, 0, 0
L -283, 675, -8, -285, 675, -7, 0, 0, 0
L -285, 675, -7, -286, 675, -7, 0, 0, 0
L -286, 675, -7, -292, 675, -4, 0, 0, 0
L -292, 675, -4, -296, 675, -4, 0, 0, 0
L -296, 675, -4, -297, 676, -4, 0, 0, 0
L -297, 676, -4, -299, 676, -4, 0, 0, 0
L -299, 676, -4, -303, 677, -4, 0, 0, 0
L -303, 677, -4, -304, 677, -4, 0, 0, 0
L -304, 677, -4, -308, 681, -4, 0, 0, 0
L -308, 681, -4, -308, 762, -4, 0, 0, 0
L -308, 762, -4, -309, 763, -4, 0, 0, 0
L -309, 763, -4, -310, 763, -4, 0, 0, 0
L -310, 763, -4, -312, 764, -4, 0, 0, 0
L -312, 764, -4, -313, 764, -5, 0, 0, 0
L -313, 764, -5, -315, 764, -6, 0, 0, 0
L -315, 764, -6, -316, 764, -6, 0, 0, 0
L -316, 764, -6, -317, 764, -7, 0, 0, 0
L -317, 764, -7, -319, 763, -8, 0, 0, 0
L -319, 763, -8, -320, 763, -8, 0, 0, 0
L -320, 763, -8, -321, 763, -9, 0, 0, 0
L -321, 763, -9, -330, 763, -13, 0, 0, 0
L -330, 763, -13, -349, 763, -19, 0, 0, 0
L -349, 763, -19, -353, 763, -19, 0, 0, 0
L -353, 763, -19, -353, 770, -19, 0, 0, 0
L -353, 770, -19, -363, 770, -19, 0, 0, 0
L -363, 770, -19, -364, 769, -19, 0, 0, 0
L -364, 769, -19, -364, 767, -19, 0, 0, 0
L -364, 767, -19, -365, 765, -19, 0, 0, 0
L -365, 765, -19, -368, 762, -19, 0, 0, 0
L -368, 762, -19, -368, 756, -19, 0, 0, 0
L -368, 756, -19, -367, 755, -19, 0, 0, 0
L -367, 755, -19, -367, 753, -19, 0, 0, 0
L -367, 753, -19, -366, 752, -19, 0, 0, 0
L -366, 752, -19, -365, 750, -19, 0, 0, 0
L -365, 750, -19, -363, 747, -19, 0, 0, 0
L -363, 747, -19, -363, 746, -19, 0, 0, 0
L -363, 746, -19, -363, 739, -22, 0, 0, 0
L -363, 739, -22, -365, 739, -22, 0, 0, 0
L -365, 739, -22, -381, 739, -19, 0, 0, 0
L -381, 739, -19, -382, 739, -19, 0, 0, 0
L -382, 739, -19, -383, 737, -19, 0, 0, 0
L -383, 737, -19, -383, 735, -19, 0, 0, 0
L -383, 735, -19, -383, 714, -21, 0, 0, 0
L -383, 714, -21, -384, 713, -21, 0, 0, 0
L -384, 713, -21, -384, 711, -21, 0, 0, 0
L -384, 711, -21, -385, 710, -22, 0, 0, 0
L -385, 710, -22, -385, 709, -22, 0, 0, 0
L -385, 709, -22, -387, 707, -22, 0, 0, 0
L -387, 707, -22, -388, 705, -22, 0, 0, 0
L -388, 705, -22, -388, 704, -22, 0, 0, 0
L -388, 704, -22, -389, 702, -21, 0, 0, 0
L -389, 702, -21, -391, 700, -19, 0, 0, 0
L -391, 700, -19, -405, 691, -19, 0, 0, 0
L -405, 691, -19, -407, 691, -19, 0, 0, 0
L -407, 691, -19, -422, 691, -23, 0, 0, 0
L -422, 691, -23, -424, 691, -23, 0, 0, 0
L -424, 691, -23, -434, 691, -19, 0, 0, 0
L -434, 691, -19, -472, 691, -19, 0, 0, 0
L -472, 691, -19, -473, 692, -19, 0, 0, 0
L -490, 713, -22, -490, 714, -21, 0, 0, 0
L -490, 714, -21, -490, 726, -19, 0, 0, 0
L -473, 692, -19, -490, 710, -23, 0, 0, 0
L -490, 710, -23, -490, 711, -23, 0, 0, 0
L -490, 711, -23, -490, 727, -19, 0, 0, 0
L -490, 727, -19, -489, 727, -19, 0, 0, 0
L -489, 727, -19, -488, 728, -19, 0, 0, 0
L -488, 728, -19, -488, 747, -19, 0, 0, 0
L -488, 747, -19, -490, 749, -19, 0, 0, 0
L -490, 749, -19, -490, 774, -19, 0, 0, 0
L -490, 774, -19, -489, 776, -19, 0, 0, 0
L -489, 776, -19, -489, 777, -19, 0, 0, 0
L -489, 777, -19, -490, 778, -19, 0, 0, 0
L -490, 778, -19, -490, 779, -19, 0, 0, 0
L -490, 779, -19, -490, 806, -22, 0, 0, 0
L -490, 806, -22, -488, 806, -23, 0, 0, 0
L -488, 806, -23, -444, 806, -23, 0, 0, 0
L -444, 806, -23, -443, 805, -23, 0, 0, 0
L -443, 805, -23, -441, 805, -23, 0, 0, 0
L -441, 805, -23, -440, 806, -23, 0, 0, 0
L -440, 806, -23, -438, 807, -23, 0, 0, 0
L -438, 807, -23, -439, 809, -23, 0, 0, 0
L -439, 809, -23, -439, 814, -23, 0, 0, 0
L -439, 814, -23, -441, 818, -23, 0, 0, 0
L -441, 818, -23, -442, 819, -23, 0, 0, 0
L -442, 819, -23, -443, 819, -23, 0, 0, 0
L -443, 819, -23, -445, 820, -23, 0, 0, 0
L -445, 820, -23, -446, 818, -23, 0, 0, 0
L -446, 818, -23, -446, 819, -23, 0, 0, 0
L -446, 819, -23, -446, 872, -40, 0, 0, 0
L -446, 872, -40, -444, 871, -39, 0, 0, 0
L -444, 871, -39, -442, 871, -39, 0, 0, 0
L -442, 871, -39, -440, 872, -39, 0, 0, 0
L -440, 872, -39, -439, 872, -39, 0, 0, 0
L -439, 872, -39, -439, 875, -39, 0, 0, 0
L -439, 875, -39, -438, 877, -39, 0, 0, 0
L -438, 877, -39, -438, 882, -39, 0, 0, 0
L -438, 882, -39, -439, 883, -39, 0, 0, 0
L -439, 883, -39, -439, 885, -39, 0, 0, 0
L -439, 885, -39, -441, 887, -39, 0, 0, 0
L -441, 887, -39, -443, 888, -39, 0, 0, 0
L -443, 888, -39, -446, 889, -39, 0, 0, 0
L -446, 889, -39, -448, 888, -39, 0, 0, 0
L -448, 888, -39, -449, 888, -39, 0, 0, 0
L -449, 888, -39, -449, 887, -39, 0, 0, 0
L -449, 887, -39, -450, 886, -39, 0, 0, 0
L -450, 886, -39, -450, 883, -39, 0, 0, 0
L -450, 883, -39, -451, 881, -39, 0, 0, 0
L -451, 881, -39, -455, 881, -39, 0, 0, 0
L -455, 881, -39, -455, 882, -39, 0, 0, 0
L -455, 882, -39, -456, 886, -39, 0, 0, 0
L -456, 886, -39, -457, 887, -39, 0, 0, 0
L -457, 887, -39, -467, 887, -39, 0, 0, 0
L -467, 887, -39, -470, 884, -39, 0, 0, 0
L -470, 884, -39, -470, 882, -39, 0, 0, 0
L -470, 882, -39, -473, 882, -39, 0, 0, 0
L -473, 882, -39, -474, 883, -39, 0, 0, 0
L -474, 883, -39, -492, 883, -39, 0, 0, 0
L -492, 883, -39, -495, 884, -39, 0, 0, 0
L -495, 884, -39, -497, 884, -39, 0, 0, 0
L -497, 884, -39, -497, 885, -39, 0, 0, 0
L -497, 885, -39, -499, 887, -39, 0, 0, 0
L -499, 887, -39, -500, 887, -39, 0, 0, 0
L -500, 887, -39, -501, 888, -39, 0, 0, 0
L -501, 888, -39, -504, 888, -39, 0, 0, 0
L -504, 888, -39, -506, 887, -39, 0, 0, 0
L -506, 887, -39, -511, 887, -39, 0, 0, 0
L -511, 887, -39, -512, 886, -39, 0, 0, 0
L -512, 886, -39, -513, 884, -39, 0, 0, 0
L -513, 884, -39, -513, 883, -39, 0, 0, 0
L -513, 883, -39, -515, 881, -39, 0, 0, 0
L -515, 881, -39, -516, 881, -39, 0, 0, 0
L -516, 881, -39, -526, 881, -44, 0, 0, 0
L -526, 881, -44, -526, 883, -44, 0, 0, 0
L -526, 883, -44, -526, 886, -42, 0, 0, 0
L -526, 886, -42, -525, 888, -41, 0, 0, 0
L -525, 888, -41, -525, 891, -40, 0, 0, 0
L -525, 891, -40, -526, 892, -39, 0, 0, 0
L -526, 892, -39, -526, 900, -39, 0, 0, 0
L -526, 900, -39, -524, 900, -39, 0, 0, 0
L -524, 900, -39, -523, 901, -39, 0, 0, 0
L -523, 901, -39, -521, 902, -39, 0, 0, 0
L -521, 902, -39, -521, 903, -39, 0, 0, 0
L -521, 903, -39, -519, 905, -39, 0, 0, 0
L -519, 905, -39, -520, 907, -39, 0, 0, 0
L -520, 907, -39, -521, 908, -39, 0, 0, 0
L -521, 908, -39, -521, 909, -39, 0, 0, 0
L -521, 909, -39, -522, 910, -39, 0, 0, 0
L -522, 910, -39, -524, 914, -39, 0, 0, 0
L -524, 914, -39, -524, 917, -39, 0, 0, 0
L -524, 917, -39, -523, 918, -40, 0, 0, 0
L -523, 918, -40, -522, 920, -39, 0, 0, 0
L -522, 920, -39, -521, 923, -39, 0, 0, 0
L -521, 923, -39, -521, 927, -39, 0, 0, 0
L -521, 927, -39, -520, 930, -39, 0, 0, 0
L -520, 930, -39, -520, 934, -39, 0, 0, 0
L -520, 934, -39, -519, 939, -39, 0, 0, 0
L -519, 939, -39, -519, 945, -39, 0, 0, 0
L -519, 945, -39, -518, 949, -39, 0, 0, 0
L -518, 949, -39, -518, 952, -40, 0, 0, 0
L -518, 952, -40, -518, 955, -40, 0, 0, 0
L -518, 955, -40, -519, 958, -41, 0, 0, 0
L -519, 958, -41, -519, 961, -41, 0, 0, 0
L -519, 961, -41, -520, 963, -41, 0, 0, 0
L -520, 963, -41, -521, 966, -40, 0, 0, 0
L -521, 966, -40, -522, 968, -40, 0, 0, 0
L -522, 968, -40, -522, 971, -39, 0, 0, 0
L -522, 971, -39, -523, 973, -39, 0, 0, 0
L -523, 973, -39, -523, 977, -39, 0, 0, 0
L -523, 977, -39, -524, 980, -39, 0, 0, 0
L -524, 980, -39, -523, 982, -39, 0, 0, 0
L -523, 982, -39, -523, 984, -39, 0, 0, 0
L -523, 984, -39, -522, 988, -39, 0, 0, 0
L -522, 988, -39, -522, 990, -39, 0, 0, 0
L -522, 990, -39, -521, 991, -39, 0, 0, 0
L -521, 991, -39, -519, 995, -39, 0, 0, 0
L -519, 995, -39, -519, 997, -39, 0, 0, 0
L -519, 997, -39, -520, 998, -39, 0, 0, 0
L -520, 998, -39, -520, 1001, -39, 0, 0, 0
L -520, 1001, -39, -521, 1004, -39, 0, 0, 0
L -521, 1004, -39, -521, 1006, -39, 0, 0, 0
L -521, 1006, -39, -522, 1008, -39, 0, 0, 0
L -522, 1008, -39, -522, 1009, -39, 0, 0, 0
L -522, 1009, -39, -524, 1015, -39, 0, 0, 0
L -524, 1015, -39, -524, 1026, -39, 0, 0, 0
L -524, 1026, -39, -525, 1027, -39, 0, 0, 0
L -525, 1027, -39, -525, 1030, -39, 0, 0, 0
L -525, 1030, -39, -523, 1031, -39, 0, 0, 0
L -523, 1031, -39, -522, 1031, -39, 0, 0, 0
L -522, 1031, -39, -521, 1032, -39, 0, 0, 0
L -521, 1032, -39, -520, 1034, -39, 0, 0, 0
L -520, 1034, -39, -520, 1038, -39, 0, 0, 0
L -520, 1038, -39, -521, 1040, -39, 0, 0, 0
L -521, 1040, -39, -522, 1040, -39, 0, 0, 0
L -522, 1040, -39, -522, 1042, -39, 0, 0, 0
L -522, 1042, -39, -523, 1043, -39, 0, 0, 0
L -523, 1043, -39, -523, 1044, -39, 0, 0, 0
L -523, 1044, -39, -524, 1045, -39, 0, 0, 0
L -524, 1045, -39, -524, 1047, -39, 0, 0, 0
L -524, 1047, -39, -525, 1050, -40, 0, 0, 0
L -525, 1050, -40, -525, 1051, -40, 0, 0, 0
L -525, 1051, -40, -526, 1052, -41, 0, 0, 0
L -526, 1052, -41, -526, 1053, -42, 0, 0, 0
L -526, 1053, -42, -526, 1060, -46, 0, 0, 0
L -526, 1060, -46, -524, 1060, -46, 0, 0, 0
L -524, 1060, -46, -511, 1060, -39, 0, 0, 0
L -511, 1060, -39, -510, 1060, -39, 0, 0, 0
L -510, 1060, -39, -508, 1059, -39, 0, 0, 0
L -508, 1059, -39, -507, 1058, -39, 0, 0, 0
L -507, 1058, -39, -506, 1056, -39, 0, 0, 0
L -506, 1056, -39, -505, 1055, -39, 0, 0, 0
L -505, 1055, -39, -501, 1053, -39, 0, 0, 0
L -501, 1053, -39, -500, 1053, -39, 0, 0, 0
L -500, 1053, -39, -490, 1055, -39, 0, 0, 0
L -490, 1055, -39, -477, 1055, -39, 0, 0, 0
L -477, 1055, -39, -473, 1054, -39, 0, 0, 0
L -473, 1054, -39, -465, 1053, -39, 0, 0, 0
L -465, 1053, -39, -464, 1053, -39, 0, 0, 0
L -464, 1053, -39, -462, 1054, -39, 0, 0, 0
L -462, 1054, -39, -458, 1054, -39, 0, 0, 0
L -458, 1054, -39, -450, 1058, -39, 0, 0, 0
L -450, 1058, -39, -449, 1058, -39, 0, 0, 0
L -449, 1058, -39, -444, 1060, -39, 0, 0, 0
L -444, 1060, -39, -438, 1061, -39, 0, 0, 0
L -438, 1061, -39, -438, 1064, -39, 0, 0, 0
L -438, 1064, -39, -439, 1066, -39, 0, 0, 0
L -439, 1066, -39, -439, 1069, -39, 0, 0, 0
L -439, 1069, -39, -441, 1071, -39, 0, 0, 0
L -441, 1071, -39, -444, 1071, -39, 0, 0, 0
L -444, 1071, -39, -446, 1072, -39, 0, 0, 0
L -446, 1072, -39, -447, 1072, -39, 0, 0, 0
L -447, 1072, -39, -448, 1074, -39, 0, 0, 0
L -448, 1074, -39, -448, 1075, -39, 0, 0, 0
L -448, 1075, -39, -451, 1076, -39, 0, 0, 0
L -451, 1076, -39, -455, 1078, -39, 0, 0, 0
L -455, 1078, -39, -455, 1079, -39, 0, 0, 0
L -455, 1079, -39, -454, 1085, -39, 0, 0, 0
L -454, 1085, -39, -454, 1087, -39, 0, 0, 0
L -454, 1087, -39, -453, 1089, -39, 0, 0, 0
L -453, 1089, -39, -454, 1091, -39, 0, 0, 0
L -454, 1091, -39, -452, 1091, -39, 0, 0, 0
L -452, 1091, -39, -451, 1092, -39, 0, 0, 0
L -451, 1092, -39, -451, 1096, -39, 0, 0, 0
L -451, 1096, -39, -449, 1097, -39, 0, 0, 0
L -449, 1097, -39, -449, 1098, -39, 0, 0, 0
L -449, 1098, -39, -450, 1100, -39, 0, 0, 0
L -450, 1100, -39, -451, 1101, -39, 0, 0, 0
L -451, 1101, -39, -452, 1103, -39, 0, 0, 0
L -452, 1103, -39, -452, 1104, -39, 0, 0, 0
L -452, 1104, -39, -453, 1105, -39, 0, 0, 0
L -453, 1105, -39, -453, 1115, -39, 0, 0, 0
L -453, 1115, -39, -451, 1117, -39, 0, 0, 0
L -451, 1117, -39, -451, 1118, -39, 0, 0, 0
L -451, 1118, -39, -450, 1119, -39, 0, 0, 0
L -450, 1119, -39, -450, 1124, -39, 0, 0, 0
L -450, 1124, -39, -451, 1125, -39, 0, 0, 0
L -451, 1125, -39, -451, 1126, -39, 0, 0, 0
L -451, 1126, -39, -453, 1128, -39, 0, 0, 0
L -453, 1128, -39, -454, 1130, -39, 0, 0, 0
L -454, 1130, -39, -455, 1131, -39, 0, 0, 0
L -455, 1131, -39, -455, 1133, -39, 0, 0, 0
L -455, 1133, -39, -454, 1137, -39, 0, 0, 0
L -454, 1137, -39, -454, 1138, -39, 0, 0, 0
L -454, 1138, -39, -452, 1140, -39, 0, 0, 0
L -452, 1140, -39, -452, 1141, -39, 0, 0, 0
L -452, 1141, -39, -451, 1143, -39, 0, 0, 0
L -451, 1143, -39, -451, 1145, -39, 0, 0, 0
L -451, 1145, -39, -451, 1156, -41, 0, 0, 0
L -451, 1156, -41, -451, 1157, -41, 0, 0, 0
L -451, 1157, -41, -452, 1158, -41, 0, 0, 0
L -452, 1158, -41, -452, 1160, -41, 0, 0, 0
L -452, 1160, -41, -452, 1164, -39, 0, 0, 0
L -452, 1164, -39, -450, 1168, -39, 0, 0, 0
L -450, 1168, -39, -450, 1178, -39, 0, 0, 0
L -450, 1178, -39, -451, 1180, -39, 0, 0, 0
L -451, 1180, -39, -451, 1181, -39, 0, 0, 0
L -451, 1181, -39, -452, 1182, -39, 0, 0, 0
L -452, 1182, -39, -451, 1199, -39, 0, 0, 0
L -451, 1199, -39, -450, 1201, -39, 0, 0, 0
L -450, 1201, -39, -450, 1202, -39, 0, 0, 0
L -450, 1202, -39, -449, 1204, -39, 0, 0, 0
L -449, 1204, -39, -449, 1205, -39, 0, 0, 0
L -449, 1205, -39, -448, 1207, -39, 0, 0, 0
L -448, 1207, -39, -448, 1212, -39, 0, 0, 0
L -448, 1212, -39, -450, 1216, -39, 0, 0, 0
L -450, 1216, -39, -450, 1217, -40, 0, 0, 0
L -450, 1217, -40, -452, 1218, -40, 0, 0, 0
L -452, 1218, -40, -452, 1219, -39, 0, 0, 0
L -452, 1219, -39, -455, 1219, -39, 0, 0, 0
L -455, 1219, -39, -457, 1220, -39, 0, 0, 0
L -457, 1220, -39, -462, 1220, -39, 0, 0, 0
L -462, 1220, -39, -468, 1226, -39, 0, 0, 0
L -468, 1226, -39, -469, 1228, -39, 0, 0, 0
L -469, 1228, -39, -473, 1233, -39, 0, 0, 0
L -473, 1233, -39, -474, 1234, -39, 0, 0, 0
L -474, 1234, -39, -476, 1237, -39, 0, 0, 0
L -476, 1237, -39, -477, 1238, -39, 0, 0, 0
L -477, 1238, -39, -477, 1239, -39, 0, 0, 0
L -477, 1239, -39, -478, 1241, -39, 0, 0, 0
L -478, 1241, -39, -480, 1247, -42, 0, 0, 0
L -480, 1247, -42, -480, 1248, -42, 0, 0, 0
L -480, 1248, -42, -479, 1264, -39, 0, 0, 0
L -479, 1264, -39, -479, 1266, -39, 0, 0, 0
L -479, 1266, -39, -477, 1273, -39, 0, 0, 0
L -477, 1273, -39, -476, 1274, -39, 0, 0, 0
L -476, 1274, -39, -472, 1282, -39, 0, 0, 0
L -472, 1282, -39, -467, 1287, -39, 0, 0, 0
L -467, 1287, -39, -465, 1288, -39, 0, 0, 0
L -465, 1288, -39, -459, 1293, -39, 0, 0, 0
L -459, 1293, -39, -458, 1294, -39, 0, 0, 0
L -458, 1294, -39, -454, 1297, -39, 0, 0, 0
L -454, 1297, -39, -452, 1297, -39, 0, 0, 0
L -452, 1297, -39, -444, 1299, -39, 0, 0, 0
L -444, 1299, -39, -442, 1299, -39, 0, 0, 0
L -442, 1299, -39, -430, 1299, -42, 0, 0, 0
L -430, 1299, -42, -429, 1299, -41, 0, 0, 0
L -429, 1299, -41, -427, 1298, -41, 0, 0, 0
L -427, 1298, -41, -420, 1296, -39, 0, 0, 0
L -420, 1296, -39, -419, 1296, -39, 0, 0, 0
L -419, 1296, -39, -412, 1292, -39, 0, 0, 0
L -412, 1292, -39, -411, 1291, -39, 0, 0, 0
L -411, 1291, -39, -405, 1286, -39, 0, 0, 0
L -405, 1286, -39, -404, 1285, -39, 0, 0, 0
L -404, 1285, -39, -400, 1279, -39, 0, 0, 0
L -400, 1279, -39, -399, 1278, -39, 0, 0, 0
L -399, 1278, -39, -396, 1273, -39, 0, 0, 0
L -396, 1273, -39, -395, 1272, -39, 0, 0, 0
L -395, 1272, -39, -393, 1265, -39, 0, 0, 0
L -393, 1265, -39, -393, 1257, -39, 0, 0, 0
L -393, 1257, -39, -392, 1255, -39, 0, 0, 0
L -392, 1255, -39, -390, 1253, -39, 0, 0, 0
L -390, 1253, -39, -388, 1253, -39, 0, 0, 0
L -388, 1253, -39, -379, 1251, -39, 0, 0, 0
L -379, 1251, -39, -376, 1248, -39, 0, 0, 0
L -376, 1248, -39, -376, 1244, -39, 0, 0, 0
L -376, 1244, -39, -377, 1243, -39, 0, 0, 0
L -377, 1243, -39, -377, 1241, -39, 0, 0, 0
L -377, 1241, -39, -378, 1239, -39, 0, 0, 0
L -378, 1239, -39, -378, 1238, -39, 0, 0, 0
L -378, 1238, -39, -379, 1236, -39, 0, 0, 0
L -379, 1236, -39, -379, 1235, -39, 0, 0, 0
L -379, 1235, -39, -380, 1232, -39, 0, 0, 0
L -380, 1232, -39, -381, 1231, -39, 0, 0, 0
L -381, 1231, -39, -383, 1227, -40, 0, 0, 0
L -383, 1227, -40, -384, 1226, -41, 0, 0, 0
L -384, 1226, -41, -384, 1224, -42, 0, 0, 0
L -384, 1224, -42, -386, 1225, -41, 0, 0, 0
L -386, 1225, -41, -387, 1226, -40, 0, 0, 0
L -387, 1226, -40, -397, 1233, -39, 0, 0, 0
L -397, 1233, -39, -398, 1233, -39, 0, 0, 0
L -398, 1233, -39, -400, 1232, -39, 0, 0, 0
L -400, 1232, -39, -401, 1231, -39, 0, 0, 0
L -401, 1231, -39, -406, 1225, -39, 0, 0, 0
L -406, 1225, -39, -407, 1224, -39, 0, 0, 0
L -407, 1224, -39, -414, 1219, -41, 0, 0, 0
L -414, 1219, -41, -415, 1218, -40, 0, 0, 0
L -415, 1218, -40, -417, 1217, -40, 0, 0, 0
L -417, 1217, -40, -419, 1218, -40, 0, 0, 0
L -419, 1218, -40, -421, 1218, -39, 0, 0, 0
L -421, 1218, -39, -422, 1217, -40, 0, 0, 0
L -422, 1217, -40, -423, 1216, -40, 0, 0, 0
L -423, 1216, -40, -424, 1215, -39, 0, 0, 0
L -424, 1215, -39, -424, 1208, -39, 0, 0, 0
L -625, 523, 18, -625, 481, 20, 0, 0, 0
L -625, 481, 20, -623, 480, 20, 0, 0, 0
L -623, 480, 20, -615, 480, 20, 0, 0, 0
L -615, 480, 20, -615, 476, 20, 0, 0, 0
L -615, 476, 20, -614, 474, 20, 0, 0, 0
L -614, 474, 20, -615, 473, 20, 0, 0, 0
L -615, 473, 20, -615, 469, 20, 0, 0, 0
L -615, 469, 20, -615, 449, 18, 0, 0, 0
L -615, 449, 18, -609, 449, 18, 0, 0, 0
L -609, 449, 18, -607, 449, 20, 0, 0, 0
L -607, 449, 20, -605, 449, 20, 0, 0, 0
L -605, 449, 20, -604, 448, 20, 0, 0, 0
L -604, 448, 20, -604, 444, 20, 0, 0, 0
L -604, 444, 20, -606, 443, 20, 0, 0, 0
L -606, 443, 20, -625, 443, 20, 0, 0, 0
L -625, 443, 20, -625, 438, 20, 0, 0, 0
L -625, 438, 20, -614, 438, 20, 0, 0, 0
L -614, 438, 20, -612, 437, 20, 0, 0, 0
L -612, 437, 20, -611, 436, 20, 0, 0, 0
L -611, 436, 20, -610, 434, 20, 0, 0, 0
L -610, 434, 20, -611, 415, 20, 0, 0, 0
L -611, 415, 20, -614, 412, 20, 0, 0, 0
L -614, 412, 20, -619, 412, 20, 0, 0, 0
L -619, 412, 20, -622, 411, 20, 0, 0, 0
L -622, 411, 20, -623, 412, 20, 0, 0, 0
L -623, 412, 20, -625, 411, 20, 0, 0, 0
L -625, 411, 20, -625, 409, 20, 0, 0, 0
L -625, 409, 20, -625, 393, 17, 0, 0, 0
L -625, 393, 17, -623, 393, 17, 0, 0, 0
L -623, 393, 17, -616, 393, 20, 0, 0, 0
L -616, 393, 20, -616, 394, 20, 0, 0, 0
L -616, 394, 20, -615, 397, 20, 0, 0, 0
L -615, 397, 20, -615, 398, 20, 0, 0, 0
L -615, 398, 20, -614, 399, 20, 0, 0, 0
L -614, 399, 20, -613, 401, 20, 0, 0, 0
L -613, 401, 20, -612, 401, 20, 0, 0, 0
L -612, 401, 20, -608, 403, 20, 0, 0, 0
L -608, 403, 20, -607, 403, 20, 0, 0, 0
L -607, 403, 20, -606, 403, 19, 0, 0, 0
L -606, 403, 19, -599, 401, 17, 0, 0, 0
L -599, 401, 17, -598, 402, 18, 0, 0, 0
L -598, 402, 18, -596, 403, 19, 0, 0, 0
L -596, 403, 19, -595, 403, 19, 0, 0, 0
L -595, 403, 19, -589, 402, 20, 0, 0, 0
L -589, 402, 20, -587, 402, 20, 0, 0, 0
L -587, 402, 20, -585, 403, 20, 0, 0, 0
L -585, 403, 20, -585, 404, 20, 0, 0, 0
L -585, 404, 20, -585, 419, 18, 0, 0, 0
L -585, 419, 18, -584, 420, 17, 0, 0, 0
L -584, 420, 17, -581, 426, 17, 0, 0, 0
L -581, 426, 17, -580, 428, 18, 0, 0, 0
L -580, 428, 18, -580, 429, 19, 0, 0, 0
L -580, 429, 19, -580, 437, 20, 0, 0, 0
L -580, 437, 20, -578, 439, 20, 0, 0, 0
L -578, 439, 20, -578, 440, 20, 0, 0, 0
L -578, 440, 20, -577, 441, 20, 0, 0, 0
L -577, 441, 20, -577, 442, 16, 0, 0, 0
L -577, 442, 16, -575, 443, 15, 0, 0, 0
L -575, 443, 15, -573, 442, 15, 0, 0, 0
L -573, 442, 15, -573, 441, 16, 0, 0, 0
L -573, 441, 16, -572, 439, 17, 0, 0, 0
L -572, 439, 17, -571, 438, 15, 0, 0, 0
L -571, 438, 15, -566, 438, 15, 0, 0, 0
L -566, 438, 15, -566, 443, 15, 0, 0, 0
L -566, 443, 15, -568, 443, 15, 0, 0, 0
L -568, 443, 15, -582, 443, 18, 0, 0, 0
L -582, 443, 18, -584, 443, 20, 0, 0, 0
L -584, 443, 20, -586, 443, 20, 0, 0, 0
L -586, 443, 20, -587, 444, 20, 0, 0, 0
L -587, 444, 20, -587, 448, 20, 0, 0, 0
L -587, 448, 20, -586, 449, 20, 0, 0, 0
L -586, 449, 20, -586, 450, 20, 0, 0, 0
L -586, 450, 20, -585, 451, 20, 0, 0, 0
L -585, 451, 20, -583, 450, 20, 0, 0, 0
L -583, 450, 20, -581, 449, 20, 0, 0, 0
L -581, 449, 20, -567, 449, 20, 0, 0, 0
L -567, 449, 20, -566, 450, 20, 0, 0, 0
L -566, 450, 20, -566, 452, 20, 0, 0, 0
L -566, 452, 20, -567, 453, 20, 0, 0, 0
L -567, 453, 20, -569, 453, 20, 0, 0, 0
L -569, 453, 20, -578, 454, 20, 0, 0, 0
L -578, 454, 20, -579, 454, 20, 0, 0, 0
L -579, 454, 20, -580, 456, 20, 0, 0, 0
L -580, 456, 20, -581, 456, 20, 0, 0, 0
L -581, 456, 20, -581, 458, 20, 0, 0, 0
L -581, 458, 20, -580, 465, 20, 0, 0, 0
L -580, 465, 20, -579, 466, 20, 0, 0, 0
L -579, 466, 20, -581, 470, 20, 0, 0, 0
L -581, 470, 20, -580, 477, 20, 0, 0, 0
L -580, 477, 20, -579, 477, 20, 0, 0, 0
L -579, 477, 20, -579, 478, 20, 0, 0, 0
L -579, 478, 20, -578, 479, 20, 0, 0, 0
L -578, 479, 20, -566, 479, 20, 0, 0, 0
L -566, 479, 20, -566, 483, 20, 0, 0, 0
L -566, 483, 20, -567, 485, 20, 0, 0, 0
L -17, -18, -3, -3, -18, -3, 0, 0, 0
L -3, -18, -3, -4, -5, -3, 0, 0, 0
L -4, -5, -3, 4, -5, -3, 0, 0, 0
L -34, 6, -5, -32, 18, -3, 0, 0, 0
L -32, 18, -3, -3, 18, -3, 0, 0, 0
L -3, 18, -3, -4, 5, -3, 0, 0, 0
L -4, 5, -3, 4, 5, -3, 0, 0, 0
L 4, 5, -3, 3, 55, -6, 0, 0, 0
L 3, 55, -6, 13, 68, -3, 0, 0, 0
L 13, 68, -3, 11, 81, -11, 0, 0, 0
L 11, 81, -11, 12, 89, -11, 0, 0, 0
L 12, 89, -11, 18, 96, -11, 0, 0, 0
L 18, 96, -11, 26, 98, -11, 0, 0, 0
L 26, 98, -11, 33, 96, -11, 0, 0, 0
L 33, 96, -11, 38, 91, -11, 0, 0, 0
L 38, 91, -11, 43, 85, -11, 0, 0, 0
L 43, 85, -11, 59, 80, -8, 0, 0, 0
L 59, 80, -8, 70, 64, -5, 0, 0, 0
L 70, 64, -5, 72, 54, -4, 0, 0, 0
L 72, 54, -4, 71, 33, -3, 0, 0, 0
L 64, 54, -3, 59, 67, -4, 0, 0, 0
L 59, 67, -4, 52, 73, -4, 0, 0, 0
L 52, 73, -4, 43, 76, -3, 0, 0, 0
L 43, 76, -3, 40, 70, -3, 0, 0, 0
L 40, 70, -3, 35, 66, -3, 0, 0, 0
L 35, 66, -3, 30, 65, -3, 0, 0, 0
L 30, 65, -3, 22, 65, -3, 0, 0, 0
L 22, 65, -3, 18, 66, -3, 0, 0, 0
L 18, 66, -3, 13, 68, -3, 0, 0, 0
L 71, 33, -3, 80, 33, -3, 0, 0, 0
L 80, 33, -3, 79, 43, -7, 0, 0, 0
L 79, 43, -7, 101, 67, -5, 0, 0, 0
L 101, 67, -5, 102, 100, -3, 0, 0, 0
L 102, 100, -3, 129, 123, -5, 0, 0, 0
L 129, 123, -5, 131, 122, -3, 0, 0, 0
L 131, 122, -3, 131, 131, -3, 0, 0, 0
L 131, 131, -3, 98, 130, -3, 0, 0, 0
L 98, 130, -3, 98, 246, -3, 0, 0, 0
L 98, 246, -3, 104, 245, -3, 0, 0, 0
L 104, 245, -3, 104, 255, -3, 0, 0, 0
L 104, 255, -3, 93, 254, -3, 0, 0, 0
L 93, 254, -3, 93, 289, -4, 0, 0, 0
L 93, 289, -4, 80, 290, -3, 0, 0, 0
L 80, 290, -3, 69, 301, -3, 0, 0, 0
L 69, 301, -3, 69, 311, -5, 0, 0, 0
L 69, 311, -5, 80, 322, -6, 0, 0, 0
L 80, 322, -6, 92, 323, -3, 0, 0, 0
L 92, 323, -3, 93, 342, -3, 0, 0, 0
L 93, 342, -3, 80, 344, -3, 0, 0, 0
L 80, 344, -3, 69, 355, -3, 0, 0, 0
L 69, 355, -3, 69, 365, -3, 0, 0, 0
L 69, 365, -3, 81, 376, -6, 0, 0, 0
L 81, 376, -6, 92, 377, -3, 0, 0, 0
L 92, 377, -3, 93, 397, -3, 0, 0, 0
L 93, 397, -3, 80, 398, -4, 0, 0, 0
L 80, 398, -4, 69, 409, -3, 0, 0, 0
L 69, 409, -3, 69, 419, -6, 0, 0, 0
L 69, 419, -6, 80, 430, -6, 0, 0, 0
L 80, 430, -6, 93, 431, -3, 0, 0, 0
L 93, 431, -3, 93, 436, -7, 0, 0, 0
L 93, 436, -7, 104, 435, -3, 0, 0, 0
L 104, 435, -3, 104, 445, -3, 0, 0, 0
L 104, 445, -3, 75, 444, 0, 0, 0, 0
L 75, 444, 0, 55, 464, -4, 0, 0, 0
L 55, 464, -4, 54, 508, 0, 0, 0, 0
L 54, 508, 0, 31, 531, 0, 0, 0, 0
L 31, 531, 0, 31, 560, -1, 0, 0, 0
L 31, 560, -1, 61, 559, 0, 0, 0, 0
L 61, 559, 0, 61, 569, 0, 0, 0, 0
L 61, 569, 0, 59, 568, 0, 0, 0, 0
L 59, 568, 0, 49, 578, -1, 0, 0, 0
L 49, 578, -1, 48, 605, 6, 0, 0, 0
L 48, 605, 6, 8, 606, 6, 0, 0, 0
L 8, 606, 6, 8, 667, 2, 0, 0, 0
L 8, 667, 2, 46, 667, 6, 0, 0, 0
L 46, 667, 6, 49, 691, 0, 0, 0, 0
L 49, 691, 0, 55, 703, -1, 0, 0, 0
L 55, 703, -1, 71, 705, 0, 0, 0, 0
L 71, 705, 0, 80, 700, 0, 0, 0, 0
L 80, 700, 0, 84, 695, 0, 0, 0, 0
L 84, 695, 0, 85, 687, -1, 0, 0, 0
L 85, 687, -1, 85, 669, 6, 0, 0, 0
L 85, 669, 6, 141, 667, 2, 0, 0, 0
L 141, 667, 2, 141, 606, 1, 0, 0, 0
L 141, 606, 1, 85, 605, 6, 0, 0, 0
L 85, 605, 6, 84, 578, 0, 0, 0, 0
L 84, 578, 0, 79, 572, 0, 0, 0, 0
L 79, 572, 0, 74, 568, 0, 0, 0, 0
L 74, 568, 0, 72, 569, 0, 0, 0, 0
L 72, 569, 0, 72, 559, 0, 0, 0, 0
L 72, 559, 0, 77, 560, 0, 0, 0, 0
L 77, 560, 0, 93, 544, 0, 0, 0, 0
L 93, 544, 0, 124, 543, -2, 0, 0, 0
L 124, 543, -2, 140, 560, 0, 0, 0, 0
L 140, 560, 0, 164, 560, 0, 0, 0, 0
L 164, 560, 0, 164, 464, 0, 0, 0, 0
L 164, 464, 0, 144, 444, 0, 0, 0, 0
L 144, 444, 0, 115, 445, -3, 0, 0, 0
L 115, 445, -3, 115, 435, -3, 0, 0, 0
L 115, 435, -3, 126, 436, -3, 0, 0, 0
L 126, 436, -3, 126, 431, -3, 0, 0, 0
L 126, 431, -3, 139, 430, -3, 0, 0, 0
L 139, 430, -3, 150, 419, -3, 0, 0, 0
L 150, 419, -3, 150, 409, -3, 0, 0, 0
L 150, 409, -3, 139, 398, -6, 0, 0, 0
L 139, 398, -6, 127, 398, -3, 0, 0, 0
L 127, 398, -3, 126, 378, -3, 0, 0, 0
L 126, 378, -3, 139, 376, -3, 0, 0, 0
L 139, 376, -3, 150, 365, -3, 0, 0, 0
L 150, 365, -3, 150, 355, -3, 0, 0, 0
L 150, 355, -3, 138, 344, -6, 0, 0, 0
L 138, 344, -6, 128, 344, -3, 0, 0, 0
L 128, 344, -3, 126, 323, -3, 0, 0, 0
L 126, 323, -3, 139, 322, -3, 0, 0, 0
L 139, 322, -3, 150, 311, -3, 0, 0, 0
L 150, 311, -3, 150, 301, -3, 0, 0, 0
L 150, 301, -3, 139, 290, -6, 0, 0, 0
L 139, 290, -6, 128, 290, -3, 0, 0, 0
L 128, 290, -3, 126, 254, -3, 0, 0, 0
L 126, 254, -3, 115, 255, -3, 0, 0, 0
L 115, 255, -3, 115, 245, -3, 0, 0, 0
L 115, 245, -3, 120, 246, -3, 0, 0, 0
L 120, 246, -3, 120, 216, -3, 0, 0, 0
L 120, 216, -3, 152, 215, -3, 0, 0, 0
L 152, 215, -3, 153, 246, -3, 0, 0, 0
L 153, 246, -3, 175, 246, -3, 0, 0, 0
L 175, 246, -3, 175, 130, -3, 0, 0, 0
L 175, 130, -3, 142, 131, -3, 0, 0, 0
L 142, 131, -3, 141, 122, -3, 0, 0, 0
L 141, 122, -3, 144, 123, -3, 0, 0, 0
L 144, 123, -3, 171, 100, -7, 0, 0, 0
L 171, 100, -7, 171, 69, -3, 0, 0, 0
L 171, 69, -3, 194, 42, -7, 0, 0, 0
L 194, 42, -7, 193, 33, -3, 0, 0, 0
L 193, 33, -3, 202, 32, -3, 0, 0, 0
L 202, 32, -3, 201, 46, -3, 0, 0, 0
L 201, 46, -3, 230, 46, -3, 0, 0, 0
L 230, 46, -3, 230, 35, -5, 0, 0, 0
L 230, 35, -5, 244, 35, -5, 0, 0, 0
L 244, 35, -5, 245, 42, -8, 0, 0, 0
L 245, 42, -8, 290, 42, -8, 0, 0, 0
L 290, 42, -8, 290, 1, -5, 0, 0, 0
L 290, 1, -5, 245, 1, -5, 0, 0, 0
L 245, 1, -5, 244, 20, -5, 0, 0, 0
L 244, 20, -5, 231, 20, -5, 0, 0, 0
L 231, 20, -5, 230, 9, -3, 0, 0, 0
L 230, 9, -3, 201, 9, -3, 0, 0, 0
L 201, 9, -3, 202, 23, -3, 0, 0, 0
L 202, 23, -3, 193, 22, -3, 0, 0, 0
L 193, 22, -3, 194, 14, -3, 0, 0, 0
L 194, 14, -3, 161, 14, -6, 0, 0, 0
L 161, 14, -6, 154, 22, -3, 0, 0, 0
L 154, 22, -3, 122, 22, -3, 0, 0, 0
L 122, 22, -3, 112, 14, -8, 0, 0, 0
L 112, 14, -8, 79, 14, -3, 0, 0, 0
L 79, 14, -3, 80, 22, -3, 0, 0, 0
L 80, 22, -3, 71, 22, -3, 0, 0, 0
L 71, 22, -3, 72, -26, -3, 0, 0, 0
L 72, -26, -3, 43, -29, -3, 0, 0, 0
L 43, -29, -3, 43, -38, -3, 0, 0, 0
L -520, 537, -5, -520, 544, -6, 0, 0, 0
L -520, 544, -6, -508, 544, -6, 0, 0, 0
L -508, 544, -6, -506, 589, -15, 0, 0, 0
L -506, 589, -15, -499, 589, -10, 0, 0, 0
L -499, 589, -10, -499, 583, -4, 0, 0, 0
L -499, 583, -4, -486, 582, -1, 0, 0, 0
L -486, 582, -1, -465, 582, -1, 0, 0, 0
L -465, 582, -1, -464, 589, -1, 0, 0, 0
L -464, 589, -1, -460, 589, -1, 0, 0, 0
L -460, 589, -1, -461, 576, -1, 0, 0, 0
L -461, 576, -1, -451, 575, -1, 0, 0, 0
L -451, 575, -1, -452, 589, -1, 0, 0, 0
L -452, 589, -1, -432, 609, -1, 0, 0, 0
L -432, 609, -1, -336, 609, -1, 0, 0, 0
L -336, 609, -1, -337, 603, -1, 0, 0, 0
L -337, 603, -1, -328, 603, -1, 0, 0, 0
L -376, 1251, -106, -368, 1250, -106, 0, 0, 0
L -368, 1250, -106, -369, 1245, -106, 0, 0, 0
L -369, 1245, -106, -336, 1245, -106, 0, 0, 0
L -336, 1245, -106, -324, 1228, -106, 0, 0, 0
L -324, 1228, -106, -308, 1217, -106, 0, 0, 0
L -308, 1217, -106, -284, 1217, -106, 0, 0, 0
L -284, 1217, -106, -268, 1229, -106, 0, 0, 0
L -268, 1229, -106, -257, 1244, -106, 0, 0, 0
L -257, 1244, -106, -257, 1268, -106, 0, 0, 0
L -257, 1268, -106, -269, 1285, -106, 0, 0, 0
L -269, 1285, -106, -283, 1294, -106, 0, 0, 0
L -283, 1294, -106, -307, 1295, -106, 0, 0, 0
L -307, 1295, -106, -319, 1287, -110, 0, 0, 0
L -319, 1287, -110, -335, 1268, -106, 0, 0, 0
L -335, 1268, -106, -369, 1267, -106, 0, 0, 0
L -369, 1267, -106, -368, 1261, -106, 0, 0, 0
L -368, 1261, -106, -376, 1262, -106, 0, 0, 0
L -431, 1317, -120, -432, 1324, -120, 0, 0, 0
L -432, 1324, -120, -426, 1323, -120, 0, 0, 0
L -426, 1323, -120, -426, 1356, -120, 0, 0, 0
L -426, 1356, -120, -410, 1368, -120, 0, 0, 0
L -410, 1368, -120, -398, 1384, -120, 0, 0, 0
L -398, 1384, -120, -398, 1408, -120, 0, 0, 0
L -398, 1408, -120, -407, 1422, -120, 0, 0, 0
L -407, 1422, -120, -424, 1435, -120, 0, 0, 0
L -424, 1435, -120, -449, 1435, -120, 0, 0, 0
L -449, 1435, -120, -464, 1425, -120, 0, 0, 0
L -464, 1425, -120, -475, 1408, -120, 0, 0, 0
L -475, 1408, -120, -475, 1384, -120, 0, 0, 0
L -475, 1384, -120, -464, 1369, -120, 0, 0, 0
L -464, 1369, -120, -448, 1357, -120, 0, 0, 0
L -448, 1357, -120, -447, 1323, -120, 0, 0, 0
L -447, 1323, -120, -442, 1324, -120, 0, 0, 0
L -442, 1324, -120, -442, 1317, -120, 0, 0, 0
L -497, 1261, -132, -505, 1261, -132, 0, 0, 0
L -505, 1261, -132, -504, 1267, -132, 0, 0, 0
L -504, 1267, -132, -536, 1267, -132, 0, 0, 0
L -536, 1267, -132, -550, 1284, -132, 0, 0, 0
L -550, 1284, -132, -565, 1295, -132, 0, 0, 0
L -565, 1295, -132, -589, 1295, -132, 0, 0, 0
L -589, 1295, -132, -605, 1284, -132, 0, 0, 0
L -605, 1284, -132, -616, 1268, -132, 0, 0, 0
L -616, 1268, -132, -616, 1244, -132, 0, 0, 0
L -616, 1244, -132, -605, 1228, -132, 0, 0, 0
L -605, 1228, -132, -589, 1217, -132, 0, 0, 0
L -589, 1217, -132, -565, 1217, -132, 0, 0, 0
L -565, 1217, -132, -550, 1227, -132, 0, 0, 0
L -550, 1227, -132, -538, 1244, -132, 0, 0, 0
L -538, 1244, -132, -504, 1245, -132, 0, 0, 0
L -504, 1245, -132, -505, 1250, -132, 0, 0, 0
L -505, 1250, -132, -497, 1250, -132, 0, 0, 0
L -442, 1195, -144, -442, 1188, -144, 0, 0, 0
L -442, 1188, -144, -447, 1189, -144, 0, 0, 0
L -447, 1189, -144, -447, 1156, -144, 0, 0, 0
L -447, 1156, -144, -464, 1144, -144, 0, 0, 0
L -464, 1144, -144, -475, 1128, -144, 0, 0, 0
L -475, 1128, -144, -475, 1103, -144, 0, 0, 0
L -475, 1103, -144, -465, 1089, -144, 0, 0, 0
L -465, 1089, -144, -449, 1077, -144, 0, 0, 0
L -449, 1077, -144, -424, 1077, -144, 0, 0, 0
L -424, 1077, -144, -409, 1087, -144, 0, 0, 0
L -409, 1087, -144, -398, 1105, -144, 0, 0, 0
L -398, 1105, -144, -398, 1128, -144, 0, 0, 0
L -398, 1128, -144, -409, 1143, -144, 0, 0, 0
L -409, 1143, -144, -427, 1159, -144, 0, 0, 0
L -427, 1159, -144, -426, 1189, -144, 0, 0, 0
L -426, 1189, -144, -432, 1188, -144, 0, 0, 0
L -432, 1188, -144, -431, 1195, -144, 0, 0, 0
L -455, 1160, -206, -477, 1166, -206, 0, 0, 0
L -477, 1166, -206, -497, 1179, -206, 0, 0, 0
L -497, 1179, -206, -508, 1187, -206, 0, 0, 0
L -508, 1187, -206, -520, 1201, -206, 0, 0, 0
L -520, 1201, -206, -529, 1218, -206, 0, 0, 0
L -529, 1218, -206, -535, 1235, -206, 0, 0, 0
L -535, 1235, -206, -535, 1276, -206, 0, 0, 0
L -535, 1276, -206, -529, 1293, -206, 0, 0, 0
L -529, 1293, -206, -521, 1309, -206, 0, 0, 0
L -521, 1309, -206, -509, 1324, -206, 0, 0, 0
L -509, 1324, -206, -494, 1336, -206, 0, 0, 0
L -494, 1336, -206, -476, 1347, -206, 0, 0, 0
L -476, 1347, -206, -458, 1352, -206, 0, 0, 0
L -458, 1352, -206, -419, 1352, -206, 0, 0, 0
L -419, 1352, -206, -399, 1347, -206, 0, 0, 0
L -399, 1347, -206, -380, 1337, -206, 0, 0, 0
L -380, 1337, -206, -367, 1327, -206, 0, 0, 0
L -367, 1327, -206, -353, 1311, -206, 0, 0, 0
L -353, 1311, -206, -344, 1295, -206, 0, 0, 0
L -344, 1295, -206, -338, 1274, -206, 0, 0, 0
L -338, 1274, -206, -338, 1240, -206, 0, 0, 0
L -338, 1240, -206, -343, 1221, -206, 0, 0, 0
L -343, 1221, -206, -352, 1203, -206, 0, 0, 0
L -352, 1203, -206, -366, 1187, -206, 0, 0, 0
L -366, 1187, -206, -381, 1174, -206, 0, 0, 0
L -381, 1174, -206, -397, 1165, -206, 0, 0, 0
L -397, 1165, -206, -417, 1160, -206, 0, 0, 0
L -417, 1160, -206, -451, 1160, -206, 0, 0, 0
L -417, 1215, -43, -418, 1072, -43, 0, 0, 0
L -418, 1072, -43, -421, 1068, -43, 0, 0, 0
L -421, 1068, -43, -431, 1069, -42, 0, 0, 0
L -431, 1069, -42, -431, 1060, -42, 0, 0, 0
L -431, 1060, -42, -346, 1061, -46, 0, 0, 0
L -346, 1061, -46, -346, 880, -50, 0, 0, 0
L -346, 880, -50, -431, 881, -42, 0, 0, 0
L -456, 905, -42, -504, 902, -43, 0, 0, 0
L -504, 902, -43, -502, 951, -42, 0, 0, 0
L -502, 951, -42, -489, 951, -42, 0, 0, 0
L -489, 951, -42, -487, 921, -45, 0, 0, 0
L -487, 921, -45, -456, 917, -43, 0, 0, 0
L -456, 917, -43, -456, 908, -42, 0, 0, 0
L -503, 991, -43, -505, 1038, -43, 0, 0, 0
L -505, 1038, -43, -456, 1036, -42, 0, 0, 0
L -456, 1036, -42, -457, 1022, -43, 0, 0, 0
L -457, 1022, -43, -487, 1023, -44, 0, 0, 0
L -487, 1023, -44, -489, 990, -42, 0, 0, 0
L -489, 990, -42, -502, 990, -42, 0, 0, 0
L -417, 1037, -42, -369, 1039, -43, 0, 0, 0
L -369, 1039, -43, -371, 991, -42, 0, 0, 0
L -371, 991, -42, -384, 990, -42, 0, 0, 0
L -384, 990, -42, -384, 1022, -43, 0, 0, 0
L -384, 1022, -43, -417, 1026, -42, 0, 0, 0
L -417, 1026, -42, -417, 1037, -42, 0, 0, 0
L -370, 950, -42, -367, 906, -42, 0, 0, 0
L -367, 906, -42, -416, 904, -42, 0, 0, 0
L -416, 904, -42, -417, 918, -42, 0, 0, 0
L -417, 918, -42, -386, 921, -42, 0, 0, 0
L -386, 921, -42, -384, 951, -42, 0, 0, 0
L -384, 951, -42, -371, 950, -42, 0, 0, 0
L -431, 881, -42, -431, 872, -42, 0, 0, 0
L -431, 872, -42, -426, 873, -42, 0, 0, 0
L -426, 873, -42, -426, 814, -26, 0, 0, 0
L -426, 814, -26, -431, 815, -26, 0, 0, 0
L -431, 815, -26, -431, 806, -26, 0, 0, 0
L -431, 806, -26, -362, 807, -26, 0, 0, 0
L -362, 807, -26, -363, 778, -22, 0, 0, 0
L -363, 778, -22, -354, 778, -22, 0, 0, 0
L -354, 778, -22, -355, 783, -22, 0, 0, 0
L -355, 783, -22, -310, 783, -7, 0, 0, 0
L -460, 528, -3, -460, 510, -1, 0, 0, 0
L -460, 510, -1, -463, 510, -1, 0, 0, 0
L -463, 510, -1, -463, 504, -1, 0, 0, 0
L -463, 504, -1, -462, 504, -1, 0, 0, 0
L -462, 504, -1, -461, 501, -1, 0, 0, 0
L -461, 501, -1, -460, 500, -1, 0, 0, 0
L -460, 500, -1, -460, 493, -1, 0, 0, 0
L -460, 493, -1, -461, 493, -1, 0, 0, 0
L -461, 493, -1, -461, 486, -2, 0, 0, 0
L -461, 486, -2, -460, 483, -4, 0, 0, 0
L -460, 483, -4, -460, 460, -1, 0, 0, 0
L -460, 460, -1, -463, 458, -1, 0, 0, 0
L -463, 458, -1, -466, 471, -1, 0, 0, 0
L -466, 471, -1, -486, 470, -1, 0, 0, 0
L -486, 470, -1, -487, 456, -1, 0, 0, 0
L -487, 456, -1, -491, 460, -1, 0, 0, 0
L -491, 460, -1, -491, 485, -1, 0, 0, 0
L -491, 485, -1, -489, 504, -3, 0, 0, 0
L -489, 504, -3, -474, 504, -1, 0, 0, 0
L -474, 504, -1, -474, 510, -1, 0, 0, 0
L -474, 510, -1, -508, 509, -1, 0, 0, 0
L -508, 509, -1, -509, 480, -2, 0, 0, 0
L -509, 480, -2, -520, 480, -2, 0, 0, 0
L -520, 480, -2, -520, 485, -1, 0, 0, 0
L -520, 485, -1, -566, 485, 17, 0, 0, 0
L -626, 525, 14, -613, 525, 16, 0, 0, 0
L -613, 525, 16, -611, 511, 17, 0, 0, 0
L -611, 511, 17, -590, 511, 17, 0, 0, 0
L -590, 511, 17, -583, 503, 17, 0, 0, 0
L -583, 503, 17, -575, 500, 17, 0, 0, 0
L -575, 500, 17, -565, 503, 13, 0, 0, 0
L -565, 503, 13, -566, 495, 17, 0, 0, 0
L -566, 495, 17, -520, 496, -1, 0, 0, 0
L -520, 496, -1, -520, 533, -4, 0, 0, 0
L -520, 533, -4, -501, 532, -1, 0, 0, 0
L -501, 532, -1, -501, 538, -1, 0, 0, 0
P -600, -400, 0, 240, 240, 240, 2, The_Royal_Observatory
P -600, -350, 0, 240, 240, 240, 2, takd
P 288, -131, 0, 255, 0, 255, 2, Zone
P -433, 1248, 0, 255, 0, 255, 2, Boss
P -477, 475, 0, 255, 0, 255, 2, Machine_Room
P -597, 420, 0, 255, 0, 255, 2, Machine_Room_Lower
P -250, 1170, 0, 255, 0, 255, 2, Spiral_Stair_Case
