L -796.0000, -27.0000, -212.0000,  -792.0000, -29.0000, -314.0000,  153, 153, 153
L -814.0000, -23.0000, -211.0000,  -796.0000, -27.0000, -212.0000,  153, 153, 153
L -820.0000, -18.0000, -211.0000,  -814.0000, -23.0000, -211.0000,  153, 153, 153
L -834.0000, -12.0000, -212.0000,  -820.0000, -18.0000, -211.0000,  153, 153, 153
L -848.0000, -12.0000, -212.0000,  -834.0000, -12.0000, -212.0000,  153, 153, 153
L -860.0000, -20.0000, -212.0000,  -848.0000, -12.0000, -212.0000,  153, 153, 153
L -868.0000, -26.0000, -212.0000,  -860.0000, -20.0000, -212.0000,  153, 153, 153
L -876.0000, -27.0000, -211.0000,  -868.0000, -26.0000, -212.0000,  153, 153, 153
L -886.0000, -7.0000, -212.0000,  -876.0000, -27.0000, -211.0000,  153, 153, 153
L -902.0000, 0.0000, -210.0000,  -886.0000, -7.0000, -212.0000,  153, 153, 153
L -902.0000, 23.0000, -210.0000,  -902.0000, 0.0000, -210.0000,  153, 153, 153
L -868.0000, 59.0000, -212.0000,  -902.0000, 23.0000, -210.0000,  153, 153, 153
L -867.0000, 81.0000, -248.0000,  -868.0000, 59.0000, -212.0000,  153, 153, 153
L -867.0000, 81.0000, -252.0000,  -867.0000, 81.0000, -248.0000,  153, 153, 153
L -878.0000, 58.0000, -212.0000,  -877.0000, 78.0000, -242.0000,  153, 153, 153
L -898.0000, 37.0000, -212.0000,  -878.0000, 58.0000, -212.0000,  153, 153, 153
L -917.0000, 22.0000, -212.0000,  -898.0000, 37.0000, -212.0000,  153, 153, 153
L -918.0000, -1.0000, -212.0000,  -917.0000, 22.0000, -212.0000,  153, 153, 153
L -926.0000, -9.0000, -212.0000,  -918.0000, -1.0000, -212.0000,  153, 153, 153
L -930.0000, -33.0000, -211.0000,  -926.0000, -9.0000, -212.0000,  153, 153, 153
L -937.0000, -42.0000, -212.0000,  -930.0000, -33.0000, -211.0000,  153, 153, 153
L -937.0000, -53.0000, -212.0000,  -937.0000, -42.0000, -212.0000,  153, 153, 153
L -927.0000, -68.0000, -212.0000,  -937.0000, -53.0000, -212.0000,  153, 153, 153
L -921.0000, -67.0000, -212.0000,  -927.0000, -68.0000, -212.0000,  153, 153, 153
L -910.0000, -72.0000, -209.0000,  -921.0000, -67.0000, -212.0000,  153, 153, 153
L -886.0000, -58.0000, -211.0000,  -910.0000, -72.0000, -209.0000,  153, 153, 153
L -876.0000, -43.0000, -210.0000,  -886.0000, -58.0000, -211.0000,  153, 153, 153
L -870.0000, -43.0000, -210.0000,  -876.0000, -43.0000, -210.0000,  153, 153, 153
L -854.0000, -57.0000, -212.0000,  -870.0000, -43.0000, -210.0000,  153, 153, 153
L -835.0000, -68.0000, -208.0000,  -854.0000, -57.0000, -212.0000,  153, 153, 153
L -818.0000, -63.0000, -212.0000,  -835.0000, -68.0000, -208.0000,  153, 153, 153
L -792.0000, -52.0000, -349.0000,  -818.0000, -63.0000, -212.0000,  153, 153, 153
L -792.0000, -52.0000, -303.0000,  -792.0000, -52.0000, -349.0000,  153, 153, 153
L -580.0000, -3.0000, -1243.0000,  -571.0000, -3.0000, -1204.0000,  0, 0, 255
L -607.0000, -4.0000, -1351.0000,  -580.0000, -3.0000, -1243.0000,  0, 0, 255
L -627.0000, -48.0000, -1351.0000,  -607.0000, -4.0000, -1351.0000,  0, 0, 255
L -631.0000, -87.0000, -1350.0000,  -627.0000, -48.0000, -1351.0000,  0, 0, 255
L -627.0000, -92.0000, -1350.0000,  -631.0000, -87.0000, -1350.0000,  0, 0, 255
L -628.0000, -118.0000, -1351.0000,  -627.0000, -92.0000, -1350.0000,  0, 0, 255
L -635.0000, -138.0000, -1351.0000,  -628.0000, -118.0000, -1351.0000,  0, 0, 255
L -641.0000, -136.0000, -1351.0000,  -635.0000, -138.0000, -1351.0000,  0, 0, 255
L -652.0000, -122.0000, -1351.0000,  -641.0000, -136.0000, -1351.0000,  0, 0, 255
L -652.0000, -94.0000, -1351.0000,  -652.0000, -122.0000, -1351.0000,  0, 0, 255
L -652.0000, -91.0000, -1349.0000,  -652.0000, -94.0000, -1351.0000,  0, 0, 255
L -650.0000, -82.0000, -1311.0000,  -652.0000, -91.0000, -1349.0000,  0, 0, 255
L -669.0000, -73.0000, -1310.0000,  -650.0000, -82.0000, -1311.0000,  0, 0, 255
L -690.0000, -58.0000, -1261.0000,  -669.0000, -73.0000, -1310.0000,  0, 0, 255
L -719.0000, -54.0000, -1261.0000,  -690.0000, -58.0000, -1261.0000,  0, 0, 255
L -736.0000, -43.0000, -1248.0000,  -719.0000, -54.0000, -1261.0000,  0, 0, 255
L -757.0000, -53.0000, -1211.0000,  -736.0000, -43.0000, -1248.0000,  0, 0, 255
L -783.0000, -49.0000, -1109.0000,  -757.0000, -53.0000, -1211.0000,  0, 0, 255
L -792.0000, -51.0000, -1108.0000,  -783.0000, -49.0000, -1109.0000,  0, 0, 255
L -797.0000, -40.0000, -1112.0000,  -792.0000, -51.0000, -1108.0000,  0, 0, 255
L -792.0000, -34.0000, -1110.0000,  -797.0000, -40.0000, -1112.0000,  0, 0, 255
L -791.0000, -30.0000, -1111.0000,  -792.0000, -34.0000, -1110.0000,  0, 0, 255
L -779.0000, -37.0000, -1113.0000,  -791.0000, -30.0000, -1111.0000,  0, 0, 255
L -758.0000, -42.0000, -1211.0000,  -779.0000, -37.0000, -1113.0000,  0, 0, 255
L -753.0000, -42.0000, -1215.0000,  -758.0000, -42.0000, -1211.0000,  0, 0, 255
L -732.0000, -35.0000, -1261.0000,  -753.0000, -42.0000, -1215.0000,  0, 0, 255
L -714.0000, -47.0000, -1260.0000,  -732.0000, -35.0000, -1261.0000,  0, 0, 255
L -690.0000, -48.0000, -1261.0000,  -714.0000, -47.0000, -1260.0000,  0, 0, 255
L -668.0000, -63.0000, -1310.0000,  -690.0000, -48.0000, -1261.0000,  0, 0, 255
L -647.0000, -62.0000, -1351.0000,  -668.0000, -63.0000, -1310.0000,  0, 0, 255
L -642.0000, -39.0000, -1351.0000,  -647.0000, -62.0000, -1351.0000,  0, 0, 255
L -641.0000, -24.0000, -1351.0000,  -642.0000, -39.0000, -1351.0000,  0, 0, 255
L -622.0000, -4.0000, -1351.0000,  -641.0000, -24.0000, -1351.0000,  0, 0, 255
L -621.0000, 3.0000, -1349.0000,  -622.0000, -4.0000, -1351.0000,  0, 0, 255
L -604.0000, 12.0000, -1334.0000,  -621.0000, 3.0000, -1349.0000,  0, 0, 255
L -571.0000, 12.0000, -1204.0000,  -604.0000, 12.0000, -1334.0000,  0, 0, 255
L -571.0000, -3.0000, -1204.0000,  -571.0000, 12.0000, -1204.0000,  0, 0, 255
L -124.0000, -642.0000, -450.0000,  -124.0000, -639.0000, -450.0000,  0, 255, 255
L -124.0000, -630.0000, -450.0000,  -124.0000, -642.0000, -450.0000,  0, 255, 255
L -104.0000, -606.0000, -450.0000,  -124.0000, -630.0000, -450.0000,  0, 255, 255
L -85.0000, -608.0000, -450.0000,  -104.0000, -606.0000, -450.0000,  0, 255, 255
L -84.0000, -597.0000, -430.0000,  -85.0000, -608.0000, -450.0000,  0, 255, 255
L -73.0000, -579.0000, -445.0000,  -84.0000, -597.0000, -430.0000,  0, 255, 255
L -54.0000, -556.0000, -830.0000,  -73.0000, -579.0000, -445.0000,  0, 255, 255
L -21.0000, -542.0000, -930.0000,  -54.0000, -556.0000, -830.0000,  0, 255, 255
L 11.0000, -544.0000, -930.0000,  -21.0000, -542.0000, -930.0000,  0, 255, 255
L 14.0000, -547.0000, -930.0000,  11.0000, -544.0000, -930.0000,  0, 255, 255
L 15.0000, -555.0000, -937.0000,  14.0000, -547.0000, -930.0000,  0, 255, 255
L 64.0000, -557.0000, -1030.0000,  15.0000, -555.0000, -937.0000,  0, 255, 255
L 65.0000, -560.0000, -1030.0000,  64.0000, -557.0000, -1030.0000,  0, 255, 255
L 93.0000, -561.0000, -1080.0000,  65.0000, -560.0000, -1030.0000,  0, 255, 255
L 101.0000, -575.0000, -1080.0000,  93.0000, -561.0000, -1080.0000,  0, 255, 255
L 124.0000, -576.0000, -1080.0000,  101.0000, -575.0000, -1080.0000,  0, 255, 255
L 144.0000, -561.0000, -1130.0000,  124.0000, -576.0000, -1080.0000,  0, 255, 255
L 160.0000, -559.0000, -1130.0000,  144.0000, -561.0000, -1130.0000,  0, 255, 255
L 160.0000, -547.0000, -1130.0000,  160.0000, -559.0000, -1130.0000,  0, 255, 255
L 167.0000, -533.0000, -1130.0000,  160.0000, -547.0000, -1130.0000,  0, 255, 255
L 160.0000, -529.0000, -1130.0000,  167.0000, -533.0000, -1130.0000,  0, 255, 255
L 160.0000, -526.0000, -1130.0000,  160.0000, -529.0000, -1130.0000,  0, 255, 255
L 156.0000, -490.0000, -1180.0000,  160.0000, -526.0000, -1130.0000,  0, 255, 255
L 139.0000, -474.0000, -1180.0000,  156.0000, -490.0000, -1180.0000,  0, 255, 255
L 106.0000, -459.0000, -1230.0000,  139.0000, -474.0000, -1180.0000,  0, 255, 255
L 77.0000, -459.0000, -1230.0000,  106.0000, -459.0000, -1230.0000,  0, 255, 255
L 53.0000, -464.0000, -1230.0000,  77.0000, -459.0000, -1230.0000,  0, 255, 255
L 37.0000, -483.0000, -1230.0000,  53.0000, -464.0000, -1230.0000,  0, 255, 255
L 16.0000, -480.0000, -1230.0000,  37.0000, -483.0000, -1230.0000,  0, 255, 255
L -10.0000, -489.0000, -1180.0000,  16.0000, -480.0000, -1230.0000,  0, 255, 255
L -60.0000, -478.0000, -1230.0000,  -10.0000, -489.0000, -1180.0000,  0, 255, 255
L -75.0000, -468.0000, -1230.0000,  -60.0000, -478.0000, -1230.0000,  0, 255, 255
L -85.0000, -479.0000, -1230.0000,  -75.0000, -468.0000, -1230.0000,  0, 255, 255
L -99.0000, -478.0000, -1230.0000,  -85.0000, -479.0000, -1230.0000,  0, 255, 255
L -103.0000, -459.0000, -1230.0000,  -99.0000, -478.0000, -1230.0000,  0, 255, 255
L -120.0000, -464.0000, -1230.0000,  -103.0000, -459.0000, -1230.0000,  0, 255, 255
L -138.0000, -458.0000, -1230.0000,  -120.0000, -464.0000, -1230.0000,  0, 255, 255
L -162.0000, -470.0000, -1230.0000,  -138.0000, -458.0000, -1230.0000,  0, 255, 255
L -182.0000, -499.0000, -1230.0000,  -162.0000, -470.0000, -1230.0000,  0, 255, 255
L -196.0000, -504.0000, -1230.0000,  -182.0000, -499.0000, -1230.0000,  0, 255, 255
L -200.0000, -522.0000, -1224.0000,  -196.0000, -504.0000, -1230.0000,  0, 255, 255
L -244.0000, -476.0000, -1230.0000,  -200.0000, -522.0000, -1224.0000,  0, 255, 255
L -250.0000, -474.0000, -1230.0000,  -244.0000, -476.0000, -1230.0000,  0, 255, 255
L -261.0000, -479.0000, -1230.0000,  -250.0000, -474.0000, -1230.0000,  0, 255, 255
L -263.0000, -496.0000, -1230.0000,  -261.0000, -479.0000, -1230.0000,  0, 255, 255
L -276.0000, -505.0000, -1180.0000,  -263.0000, -496.0000, -1230.0000,  0, 255, 255
L -276.0000, -519.0000, -1180.0000,  -276.0000, -505.0000, -1180.0000,  0, 255, 255
L -295.0000, -533.0000, -1174.0000,  -276.0000, -519.0000, -1180.0000,  0, 255, 255
L -315.0000, -534.0000, -1131.0000,  -295.0000, -533.0000, -1174.0000,  0, 255, 255
L -339.0000, -524.0000, -1130.0000,  -315.0000, -534.0000, -1131.0000,  0, 255, 255
L -365.0000, -503.0000, -1130.0000,  -339.0000, -524.0000, -1130.0000,  0, 255, 255
L -379.0000, -479.0000, -1130.0000,  -365.0000, -503.0000, -1130.0000,  0, 255, 255
L -379.0000, -455.0000, -1130.0000,  -379.0000, -479.0000, -1130.0000,  0, 255, 255
L -365.0000, -427.0000, -1130.0000,  -379.0000, -455.0000, -1130.0000,  0, 255, 255
L -339.0000, -407.0000, -1130.0000,  -365.0000, -427.0000, -1130.0000,  0, 255, 255
L -339.0000, -389.0000, -1130.0000,  -339.0000, -407.0000, -1130.0000,  0, 255, 255
L -366.0000, -361.0000, -1130.0000,  -339.0000, -389.0000, -1130.0000,  0, 255, 255
L -384.0000, -354.0000, -1130.0000,  -366.0000, -361.0000, -1130.0000,  0, 255, 255
L -389.0000, -345.0000, -1130.0000,  -384.0000, -354.0000, -1130.0000,  0, 255, 255
L -389.0000, -302.0000, -1083.0000,  -389.0000, -345.0000, -1130.0000,  0, 255, 255
L -369.0000, -257.0000, -1092.0000,  -389.0000, -302.0000, -1083.0000,  0, 255, 255
L -368.0000, -205.0000, -1130.0000,  -369.0000, -257.0000, -1092.0000,  0, 255, 255
L -349.0000, -191.0000, -1130.0000,  -368.0000, -205.0000, -1130.0000,  0, 255, 255
L -334.0000, -168.0000, -1130.0000,  -349.0000, -191.0000, -1130.0000,  0, 255, 255
L -334.0000, -160.0000, -1130.0000,  -334.0000, -168.0000, -1130.0000,  0, 255, 255
L -315.0000, -147.0000, -1130.0000,  -334.0000, -160.0000, -1130.0000,  0, 255, 255
L -294.0000, -121.0000, -1150.0000,  -315.0000, -147.0000, -1130.0000,  0, 255, 255
L -294.0000, -101.0000, -1150.0000,  -294.0000, -121.0000, -1150.0000,  0, 255, 255
L -295.0000, -98.0000, -1150.0000,  -294.0000, -101.0000, -1150.0000,  0, 255, 255
L -314.0000, -80.0000, -1150.0000,  -295.0000, -98.0000, -1150.0000,  0, 255, 255
L -353.0000, -69.0000, -1130.0000,  -314.0000, -80.0000, -1150.0000,  0, 255, 255
L -384.0000, -64.0000, -1130.0000,  -353.0000, -69.0000, -1130.0000,  0, 255, 255
L -384.0000, -59.0000, -1150.0000,  -384.0000, -64.0000, -1130.0000,  0, 255, 255
L -394.0000, -59.0000, -1150.0000,  -384.0000, -59.0000, -1150.0000,  0, 255, 255
L -436.0000, -38.0000, -1150.0000,  -394.0000, -59.0000, -1150.0000,  0, 255, 255
L -464.0000, -9.0000, -1130.0000,  -436.0000, -38.0000, -1150.0000,  0, 255, 255
L -468.0000, 0.0000, -1150.0000,  -464.0000, -9.0000, -1130.0000,  0, 255, 255
L -491.0000, 1.0000, -1150.0000,  -468.0000, 0.0000, -1150.0000,  0, 255, 255
L -526.0000, 19.0000, -1150.0000,  -491.0000, 1.0000, -1150.0000,  0, 255, 255
L -567.0000, -4.0000, -1150.0000,  -526.0000, 19.0000, -1150.0000,  0, 255, 255
L -604.0000, -3.0000, -1150.0000,  -567.0000, -4.0000, -1150.0000,  0, 255, 255
L -625.0000, -42.0000, -1150.0000,  -604.0000, -3.0000, -1150.0000,  0, 255, 255
L -631.0000, -86.0000, -1150.0000,  -625.0000, -42.0000, -1150.0000,  0, 255, 255
L -626.0000, -91.0000, -1150.0000,  -631.0000, -86.0000, -1150.0000,  0, 255, 255
L -626.0000, -117.0000, -1150.0000,  -626.0000, -91.0000, -1150.0000,  0, 255, 255
L -631.0000, -139.0000, -1150.0000,  -626.0000, -117.0000, -1150.0000,  0, 255, 255
L -639.0000, -139.0000, -1150.0000,  -631.0000, -139.0000, -1150.0000,  0, 255, 255
L -654.0000, -123.0000, -1150.0000,  -639.0000, -139.0000, -1150.0000,  0, 255, 255
L -653.0000, -90.0000, -1150.0000,  -654.0000, -123.0000, -1150.0000,  0, 255, 255
L -650.0000, -88.0000, -1150.0000,  -653.0000, -90.0000, -1150.0000,  0, 255, 255
L -649.0000, -65.0000, -1150.0000,  -650.0000, -88.0000, -1150.0000,  0, 255, 255
L -644.0000, -45.0000, -1150.0000,  -649.0000, -65.0000, -1150.0000,  0, 255, 255
L -642.0000, -24.0000, -1150.0000,  -644.0000, -45.0000, -1150.0000,  0, 255, 255
L -624.0000, -5.0000, -1150.0000,  -642.0000, -24.0000, -1150.0000,  0, 255, 255
L -622.0000, 4.0000, -1150.0000,  -624.0000, -5.0000, -1150.0000,  0, 255, 255
L -606.0000, 9.0000, -1150.0000,  -622.0000, 4.0000, -1150.0000,  0, 255, 255
L -577.0000, 12.0000, -1150.0000,  -606.0000, 9.0000, -1150.0000,  0, 255, 255
L -525.0000, 38.0000, -1150.0000,  -577.0000, 12.0000, -1150.0000,  0, 255, 255
L -490.0000, 18.0000, -1150.0000,  -525.0000, 38.0000, -1150.0000,  0, 255, 255
L -469.0000, 24.0000, -1131.0000,  -490.0000, 18.0000, -1150.0000,  0, 255, 255
L -465.0000, 30.0000, -1130.0000,  -469.0000, 24.0000, -1131.0000,  0, 255, 255
L -435.0000, 47.0000, -1130.0000,  -465.0000, 30.0000, -1130.0000,  0, 255, 255
L -401.0000, 38.0000, -1045.0000,  -435.0000, 47.0000, -1130.0000,  0, 255, 255
L -385.0000, 28.0000, -1150.0000,  -401.0000, 38.0000, -1045.0000,  0, 255, 255
L -348.0000, 23.0000, -1150.0000,  -385.0000, 28.0000, -1150.0000,  0, 255, 255
L -309.0000, 43.0000, -977.0000,  -348.0000, 23.0000, -1150.0000,  0, 255, 255
L -293.0000, 43.0000, -1150.0000,  -309.0000, 43.0000, -977.0000,  0, 255, 255
L -264.0000, 43.0000, -1150.0000,  -293.0000, 43.0000, -1150.0000,  0, 255, 255
L -224.0000, 77.0000, -1150.0000,  -264.0000, 43.0000, -1150.0000,  0, 255, 255
L -224.0000, 88.0000, -1130.0000,  -224.0000, 77.0000, -1150.0000,  0, 255, 255
L -185.0000, 98.0000, -1130.0000,  -224.0000, 88.0000, -1130.0000,  0, 255, 255
L -145.0000, 78.0000, -1150.0000,  -185.0000, 98.0000, -1130.0000,  0, 255, 255
L -104.0000, 98.0000, -1150.0000,  -145.0000, 78.0000, -1150.0000,  0, 255, 255
L -64.0000, 98.0000, -1150.0000,  -104.0000, 98.0000, -1150.0000,  0, 255, 255
L -22.0000, 121.0000, -1150.0000,  -64.0000, 98.0000, -1150.0000,  0, 255, 255
L 14.0000, 158.0000, -1150.0000,  -22.0000, 121.0000, -1150.0000,  0, 255, 255
L 56.0000, 159.0000, -1150.0000,  14.0000, 158.0000, -1150.0000,  0, 255, 255
L 74.0000, 177.0000, -1150.0000,  56.0000, 159.0000, -1150.0000,  0, 255, 255
L 94.0000, 183.0000, -1134.0000,  74.0000, 177.0000, -1150.0000,  0, 255, 255
L 97.0000, 193.0000, -1109.0000,  94.0000, 183.0000, -1134.0000,  0, 255, 255
L 155.0000, 203.0000, -1130.0000,  97.0000, 193.0000, -1109.0000,  0, 255, 255
L 155.0000, 253.0000, -1130.0000,  155.0000, 203.0000, -1130.0000,  0, 255, 255
L 202.0000, 301.0000, -1130.0000,  155.0000, 253.0000, -1130.0000,  0, 255, 255
L 209.0000, 304.0000, -1130.0000,  202.0000, 301.0000, -1130.0000,  0, 255, 255
L 210.0000, 338.0000, -1130.0000,  209.0000, 304.0000, -1130.0000,  0, 255, 255
L 230.0000, 347.0000, -1130.0000,  210.0000, 338.0000, -1130.0000,  0, 255, 255
L 230.0000, 370.0000, -1180.0000,  230.0000, 347.0000, -1130.0000,  0, 255, 255
L 190.0000, 389.0000, -1180.0000,  230.0000, 370.0000, -1180.0000,  0, 255, 255
L 189.0000, 400.0000, -1180.0000,  190.0000, 389.0000, -1180.0000,  0, 255, 255
L 185.0000, 406.0000, -1180.0000,  189.0000, 400.0000, -1180.0000,  0, 255, 255
L 185.0000, 413.0000, -1180.0000,  185.0000, 406.0000, -1180.0000,  0, 255, 255
L 190.0000, 418.0000, -1180.0000,  185.0000, 413.0000, -1180.0000,  0, 255, 255
L 170.0000, 439.0000, -1230.0000,  190.0000, 418.0000, -1180.0000,  0, 255, 255
L 170.0000, 454.0000, -1230.0000,  170.0000, 439.0000, -1230.0000,  0, 255, 255
L 186.0000, 467.0000, -1230.0000,  170.0000, 454.0000, -1230.0000,  0, 255, 255
L 166.0000, 498.0000, -1230.0000,  186.0000, 467.0000, -1230.0000,  0, 255, 255
L 140.0000, 510.0000, -1230.0000,  166.0000, 498.0000, -1230.0000,  0, 255, 255
L 141.0000, 518.0000, -1230.0000,  140.0000, 510.0000, -1230.0000,  0, 255, 255
L 119.0000, 545.0000, -1230.0000,  141.0000, 518.0000, -1230.0000,  0, 255, 255
L 106.0000, 540.0000, -1230.0000,  119.0000, 545.0000, -1230.0000,  0, 255, 255
L 60.0000, 555.0000, -1230.0000,  106.0000, 540.0000, -1230.0000,  0, 255, 255
L 60.0000, 563.0000, -1230.0000,  60.0000, 555.0000, -1230.0000,  0, 255, 255
L 64.0000, 572.0000, -1230.0000,  60.0000, 563.0000, -1230.0000,  0, 255, 255
L 65.0000, 588.0000, -1230.0000,  64.0000, 572.0000, -1230.0000,  0, 255, 255
L 70.0000, 611.0000, -1230.0000,  65.0000, 588.0000, -1230.0000,  0, 255, 255
L 70.0000, 623.0000, -1230.0000,  70.0000, 611.0000, -1230.0000,  0, 255, 255
L 82.0000, 629.0000, -1230.0000,  70.0000, 623.0000, -1230.0000,  0, 255, 255
L 89.0000, 629.0000, -1230.0000,  82.0000, 629.0000, -1230.0000,  0, 255, 255
L 90.0000, 650.0000, -1230.0000,  89.0000, 629.0000, -1230.0000,  0, 255, 255
L 76.0000, 656.0000, -1230.0000,  90.0000, 650.0000, -1230.0000,  0, 255, 255
L 71.0000, 660.0000, -1211.0000,  76.0000, 656.0000, -1230.0000,  0, 255, 255
L 71.0000, 689.0000, -1091.0000,  71.0000, 660.0000, -1211.0000,  0, 255, 255
L 66.0000, 708.0000, -962.0000,  71.0000, 689.0000, -1091.0000,  0, 255, 255
L 66.0000, 725.0000, -962.0000,  66.0000, 708.0000, -962.0000,  0, 255, 255
L 57.0000, 744.0000, -962.0000,  66.0000, 725.0000, -962.0000,  0, 255, 255
L 56.0000, 752.0000, -962.0000,  57.0000, 744.0000, -962.0000,  0, 255, 255
L 71.0000, 758.0000, -962.0000,  56.0000, 752.0000, -962.0000,  0, 255, 255
L 71.0000, 760.0000, -962.0000,  71.0000, 758.0000, -962.0000,  0, 255, 255
L 71.0000, 760.0000, -962.0000,  71.0000, 760.0000, -962.0000,  0, 255, 255
L 82.0000, 749.0000, -980.0000,  83.0000, 763.0000, -980.0000,  0, 255, 255
L 66.0000, 746.0000, -980.0000,  82.0000, 749.0000, -980.0000,  0, 255, 255
L 82.0000, 724.0000, -980.0000,  66.0000, 746.0000, -980.0000,  0, 255, 255
L 83.0000, 710.0000, -980.0000,  82.0000, 724.0000, -980.0000,  0, 255, 255
L 88.0000, 669.0000, -1228.0000,  83.0000, 710.0000, -980.0000,  0, 255, 255
L 108.0000, 649.0000, -1230.0000,  88.0000, 669.0000, -1228.0000,  0, 255, 255
L 108.0000, 630.0000, -1230.0000,  108.0000, 649.0000, -1230.0000,  0, 255, 255
L 88.0000, 615.0000, -1230.0000,  108.0000, 630.0000, -1230.0000,  0, 255, 255
L 82.0000, 575.0000, -1230.0000,  88.0000, 615.0000, -1230.0000,  0, 255, 255
L 88.0000, 563.0000, -1230.0000,  82.0000, 575.0000, -1230.0000,  0, 255, 255
L 118.0000, 563.0000, -1230.0000,  88.0000, 563.0000, -1230.0000,  0, 255, 255
L 163.0000, 518.0000, -1230.0000,  118.0000, 563.0000, -1230.0000,  0, 255, 255
L 206.0000, 489.0000, -1230.0000,  163.0000, 518.0000, -1230.0000,  0, 255, 255
L 208.0000, 468.0000, -1230.0000,  206.0000, 489.0000, -1230.0000,  0, 255, 255
L 217.0000, 459.0000, -1230.0000,  208.0000, 468.0000, -1230.0000,  0, 255, 255
L 228.0000, 439.0000, -1230.0000,  217.0000, 459.0000, -1230.0000,  0, 255, 255
L 220.0000, 428.0000, -1223.0000,  228.0000, 439.0000, -1230.0000,  0, 255, 255
L 208.0000, 419.0000, -1180.0000,  220.0000, 428.0000, -1223.0000,  0, 255, 255
L 213.0000, 409.0000, -1180.0000,  208.0000, 419.0000, -1180.0000,  0, 255, 255
L 208.0000, 398.0000, -1180.0000,  213.0000, 409.0000, -1180.0000,  0, 255, 255
L 247.0000, 369.0000, -1180.0000,  208.0000, 398.0000, -1180.0000,  0, 255, 255
L 248.0000, 349.0000, -1131.0000,  247.0000, 369.0000, -1180.0000,  0, 255, 255
L 228.0000, 330.0000, -1130.0000,  248.0000, 349.0000, -1131.0000,  0, 255, 255
L 227.0000, 309.0000, -1130.0000,  228.0000, 330.0000, -1130.0000,  0, 255, 255
L 168.0000, 249.0000, -1130.0000,  227.0000, 309.0000, -1130.0000,  0, 255, 255
L 167.0000, 246.0000, -1130.0000,  168.0000, 249.0000, -1130.0000,  0, 255, 255
L 178.0000, 224.0000, -1130.0000,  167.0000, 246.0000, -1130.0000,  0, 255, 255
L 178.0000, 215.0000, -1130.0000,  178.0000, 224.0000, -1130.0000,  0, 255, 255
L 173.0000, 205.0000, -1130.0000,  178.0000, 215.0000, -1130.0000,  0, 255, 255
L 212.0000, 169.0000, -1130.0000,  173.0000, 205.0000, -1130.0000,  0, 255, 255
L 212.0000, 160.0000, -1132.0000,  212.0000, 169.0000, -1130.0000,  0, 255, 255
L 241.0000, 149.0000, -1150.0000,  212.0000, 160.0000, -1132.0000,  0, 255, 255
L 274.0000, 148.0000, -1150.0000,  241.0000, 149.0000, -1150.0000,  0, 255, 255
L 284.0000, 151.0000, -1150.0000,  274.0000, 148.0000, -1150.0000,  0, 255, 255
L 288.0000, 149.0000, -1060.0000,  284.0000, 151.0000, -1150.0000,  0, 255, 255
L 275.0000, 142.0000, -1132.0000,  288.0000, 149.0000, -1060.0000,  0, 255, 255
L 244.0000, 136.0000, -1132.0000,  275.0000, 142.0000, -1132.0000,  0, 255, 255
L 213.0000, 136.0000, -1130.0000,  244.0000, 136.0000, -1132.0000,  0, 255, 255
L 207.0000, 126.0000, -1112.0000,  213.0000, 136.0000, -1130.0000,  0, 255, 255
L 189.0000, 112.0000, -1112.0000,  207.0000, 126.0000, -1112.0000,  0, 255, 255
L 142.0000, 112.0000, -1112.0000,  189.0000, 112.0000, -1112.0000,  0, 255, 255
L 111.0000, 121.0000, -1112.0000,  142.0000, 112.0000, -1112.0000,  0, 255, 255
L 99.0000, 141.0000, -1112.0000,  111.0000, 121.0000, -1112.0000,  0, 255, 255
L 93.0000, 156.0000, -1132.0000,  99.0000, 141.0000, -1112.0000,  0, 255, 255
L 74.0000, 161.0000, -1132.0000,  93.0000, 156.0000, -1132.0000,  0, 255, 255
L 53.0000, 141.0000, -1132.0000,  74.0000, 161.0000, -1132.0000,  0, 255, 255
L 10.0000, 138.0000, -1132.0000,  53.0000, 141.0000, -1132.0000,  0, 255, 255
L -24.0000, 103.0000, -1132.0000,  10.0000, 138.0000, -1132.0000,  0, 255, 255
L -64.0000, 82.0000, -1132.0000,  -24.0000, 103.0000, -1132.0000,  0, 255, 255
L -106.0000, 81.0000, -1132.0000,  -64.0000, 82.0000, -1132.0000,  0, 255, 255
L -109.0000, 78.0000, -1132.0000,  -106.0000, 81.0000, -1132.0000,  0, 255, 255
L -127.0000, 59.0000, -1112.0000,  -109.0000, 78.0000, -1132.0000,  0, 255, 255
L -147.0000, 30.0000, -1107.0000,  -127.0000, 59.0000, -1112.0000,  0, 255, 255
L -162.0000, 25.0000, -1068.0000,  -147.0000, 30.0000, -1107.0000,  0, 255, 255
L -183.0000, 20.0000, -1062.0000,  -162.0000, 25.0000, -1068.0000,  0, 255, 255
L -183.0000, 26.0000, -1062.0000,  -183.0000, 20.0000, -1062.0000,  0, 255, 255
L -203.0000, 45.0000, -1062.0000,  -183.0000, 26.0000, -1062.0000,  0, 255, 255
L -226.0000, 61.0000, -1132.0000,  -203.0000, 45.0000, -1062.0000,  0, 255, 255
L -266.0000, 26.0000, -1132.0000,  -226.0000, 61.0000, -1132.0000,  0, 255, 255
L -309.0000, 26.0000, -1132.0000,  -266.0000, 26.0000, -1132.0000,  0, 255, 255
L -351.0000, 6.0000, -1132.0000,  -309.0000, 26.0000, -1132.0000,  0, 255, 255
L -387.0000, 5.0000, -1132.0000,  -351.0000, 6.0000, -1132.0000,  0, 255, 255
L -395.0000, 2.0000, -1132.0000,  -387.0000, 5.0000, -1132.0000,  0, 255, 255
L -417.0000, 0.0000, -1115.0000,  -395.0000, 2.0000, -1132.0000,  0, 255, 255
L -418.0000, -4.0000, -1112.0000,  -417.0000, 0.0000, -1115.0000,  0, 255, 255
L -434.0000, -23.0000, -1132.0000,  -418.0000, -4.0000, -1112.0000,  0, 255, 255
L -406.0000, -37.0000, -1132.0000,  -434.0000, -23.0000, -1132.0000,  0, 255, 255
L -354.0000, -43.0000, -1132.0000,  -406.0000, -37.0000, -1132.0000,  0, 255, 255
L -315.0000, -62.0000, -1132.0000,  -354.0000, -43.0000, -1132.0000,  0, 255, 255
L -296.0000, -63.0000, -1132.0000,  -315.0000, -62.0000, -1132.0000,  0, 255, 255
L -278.0000, -100.0000, -1132.0000,  -296.0000, -63.0000, -1132.0000,  0, 255, 255
L -258.0000, -120.0000, -1112.0000,  -278.0000, -100.0000, -1132.0000,  0, 255, 255
L -238.0000, -167.0000, -1070.0000,  -258.0000, -120.0000, -1112.0000,  0, 255, 255
L -227.0000, -191.0000, -1062.0000,  -238.0000, -167.0000, -1070.0000,  0, 255, 255
L -228.0000, -205.0000, -1062.0000,  -227.0000, -191.0000, -1062.0000,  0, 255, 255
L -236.0000, -212.0000, -1063.0000,  -228.0000, -205.0000, -1062.0000,  0, 255, 255
L -257.0000, -225.0000, -1132.0000,  -236.0000, -212.0000, -1063.0000,  0, 255, 255
L -257.0000, -268.0000, -1132.0000,  -257.0000, -225.0000, -1132.0000,  0, 255, 255
L -259.0000, -267.0000, -1132.0000,  -257.0000, -268.0000, -1132.0000,  0, 255, 255
L -273.0000, -249.0000, -1132.0000,  -259.0000, -267.0000, -1132.0000,  0, 255, 255
L -275.0000, -233.0000, -1112.0000,  -273.0000, -249.0000, -1132.0000,  0, 255, 255
L -293.0000, -223.0000, -1112.0000,  -275.0000, -233.0000, -1112.0000,  0, 255, 255
L -293.0000, -214.0000, -1112.0000,  -293.0000, -223.0000, -1112.0000,  0, 255, 255
L -315.0000, -193.0000, -1112.0000,  -293.0000, -214.0000, -1112.0000,  0, 255, 255
L -352.0000, -218.0000, -1112.0000,  -315.0000, -193.0000, -1112.0000,  0, 255, 255
L -352.0000, -259.0000, -1067.0000,  -352.0000, -218.0000, -1112.0000,  0, 255, 255
L -370.0000, -296.0000, -1062.0000,  -352.0000, -259.0000, -1067.0000,  0, 255, 255
L -372.0000, -340.0000, -1112.0000,  -370.0000, -296.0000, -1062.0000,  0, 255, 255
L -347.0000, -351.0000, -1112.0000,  -372.0000, -340.0000, -1112.0000,  0, 255, 255
L -327.0000, -361.0000, -1112.0000,  -347.0000, -351.0000, -1112.0000,  0, 255, 255
L -318.0000, -375.0000, -1112.0000,  -327.0000, -361.0000, -1112.0000,  0, 255, 255
L -317.0000, -390.0000, -1112.0000,  -318.0000, -375.0000, -1112.0000,  0, 255, 255
L -321.0000, -402.0000, -1112.0000,  -317.0000, -390.0000, -1112.0000,  0, 255, 255
L -317.0000, -406.0000, -1112.0000,  -321.0000, -402.0000, -1112.0000,  0, 255, 255
L -294.0000, -412.0000, -1163.0000,  -317.0000, -406.0000, -1112.0000,  0, 255, 255
L -274.0000, -413.0000, -1211.0000,  -294.0000, -412.0000, -1163.0000,  0, 255, 255
L -263.0000, -421.0000, -1211.0000,  -274.0000, -413.0000, -1211.0000,  0, 255, 255
L -260.0000, -442.0000, -1211.0000,  -263.0000, -421.0000, -1211.0000,  0, 255, 255
L -249.0000, -442.0000, -1211.0000,  -260.0000, -442.0000, -1211.0000,  0, 255, 255
L -239.0000, -427.0000, -1211.0000,  -249.0000, -442.0000, -1211.0000,  0, 255, 255
L -195.0000, -398.0000, -1211.0000,  -239.0000, -427.0000, -1211.0000,  0, 255, 255
L -160.0000, -387.0000, -1211.0000,  -195.0000, -398.0000, -1211.0000,  0, 255, 255
L -141.0000, -392.0000, -1211.0000,  -160.0000, -387.0000, -1211.0000,  0, 255, 255
L -117.0000, -388.0000, -1211.0000,  -141.0000, -392.0000, -1211.0000,  0, 255, 255
L -106.0000, -392.0000, -1211.0000,  -117.0000, -388.0000, -1211.0000,  0, 255, 255
L -76.0000, -392.0000, -1211.0000,  -106.0000, -392.0000, -1211.0000,  0, 255, 255
L -62.0000, -388.0000, -1211.0000,  -76.0000, -392.0000, -1211.0000,  0, 255, 255
L -34.0000, -392.0000, -1211.0000,  -62.0000, -388.0000, -1211.0000,  0, 255, 255
L -6.0000, -387.0000, -1211.0000,  -34.0000, -392.0000, -1211.0000,  0, 255, 255
L 5.0000, -388.0000, -1211.0000,  -6.0000, -387.0000, -1211.0000,  0, 255, 255
L 16.0000, -392.0000, -1211.0000,  5.0000, -388.0000, -1211.0000,  0, 255, 255
L 33.0000, -390.0000, -1211.0000,  16.0000, -392.0000, -1211.0000,  0, 255, 255
L 41.0000, -388.0000, -1211.0000,  33.0000, -390.0000, -1211.0000,  0, 255, 255
L 62.0000, -391.0000, -1211.0000,  41.0000, -388.0000, -1211.0000,  0, 255, 255
L 80.0000, -387.0000, -1211.0000,  62.0000, -391.0000, -1211.0000,  0, 255, 255
L 107.0000, -392.0000, -1211.0000,  80.0000, -387.0000, -1211.0000,  0, 255, 255
L 138.0000, -392.0000, -1161.0000,  107.0000, -392.0000, -1211.0000,  0, 255, 255
L 161.0000, -386.0000, -1161.0000,  138.0000, -392.0000, -1161.0000,  0, 255, 255
L 161.0000, -374.0000, -1161.0000,  161.0000, -386.0000, -1161.0000,  0, 255, 255
L 196.0000, -396.0000, -1161.0000,  161.0000, -374.0000, -1161.0000,  0, 255, 255
L 222.0000, -408.0000, -1161.0000,  196.0000, -396.0000, -1161.0000,  0, 255, 255
L 231.0000, -460.0000, -1161.0000,  222.0000, -408.0000, -1161.0000,  0, 255, 255
L 218.0000, -497.0000, -1161.0000,  231.0000, -460.0000, -1161.0000,  0, 255, 255
L 198.0000, -522.0000, -1115.0000,  218.0000, -497.0000, -1161.0000,  0, 255, 255
L 192.0000, -533.0000, -1112.0000,  198.0000, -522.0000, -1115.0000,  0, 255, 255
L 188.0000, -555.0000, -1112.0000,  192.0000, -533.0000, -1112.0000,  0, 255, 255
L 170.0000, -604.0000, -1112.0000,  188.0000, -555.0000, -1112.0000,  0, 255, 255
L 159.0000, -607.0000, -1112.0000,  170.0000, -604.0000, -1112.0000,  0, 255, 255
L 140.0000, -610.0000, -1101.0000,  159.0000, -607.0000, -1112.0000,  0, 255, 255
L 129.0000, -618.0000, -1075.0000,  140.0000, -610.0000, -1101.0000,  0, 255, 255
L 124.0000, -613.0000, -1062.0000,  129.0000, -618.0000, -1075.0000,  0, 255, 255
L 105.0000, -612.0000, -1062.0000,  124.0000, -613.0000, -1062.0000,  0, 255, 255
L 94.0000, -598.0000, -1062.0000,  105.0000, -612.0000, -1062.0000,  0, 255, 255
L 70.0000, -593.0000, -1018.0000,  94.0000, -598.0000, -1062.0000,  0, 255, 255
L 57.0000, -604.0000, -1012.0000,  70.0000, -593.0000, -1018.0000,  0, 255, 255
L 57.0000, -644.0000, -1012.0000,  57.0000, -604.0000, -1012.0000,  0, 255, 255
L 48.0000, -657.0000, -1012.0000,  57.0000, -644.0000, -1012.0000,  0, 255, 255
L 3.0000, -658.0000, -912.0000,  48.0000, -657.0000, -1012.0000,  0, 255, 255
L -5.0000, -667.0000, -912.0000,  3.0000, -658.0000, -912.0000,  0, 255, 255
L -26.0000, -663.0000, -858.0000,  -5.0000, -667.0000, -912.0000,  0, 255, 255
L -30.0000, -667.0000, -812.0000,  -26.0000, -663.0000, -858.0000,  0, 255, 255
L -42.0000, -657.0000, -765.0000,  -30.0000, -667.0000, -812.0000,  0, 255, 255
L -54.0000, -657.0000, -614.0000,  -42.0000, -657.0000, -765.0000,  0, 255, 255
L -73.0000, -638.0000, -423.0000,  -54.0000, -657.0000, -614.0000,  0, 255, 255
L -86.0000, -617.0000, -432.0000,  -73.0000, -638.0000, -423.0000,  0, 255, 255
L -108.0000, -620.0000, -432.0000,  -86.0000, -617.0000, -432.0000,  0, 255, 255
L -123.0000, -638.0000, -432.0000,  -108.0000, -620.0000, -432.0000,  0, 255, 255
L -123.0000, -638.0000, -432.0000,  -123.0000, -638.0000, -432.0000,  0, 255, 255
L 15.0000, -612.0000, 34.0000,  1.0000, -625.0000, 34.0000,  255, 0, 0
L 14.0000, -597.0000, 34.0000,  15.0000, -612.0000, 34.0000,  255, 0, 0
L 1.0000, -585.0000, 34.0000,  14.0000, -597.0000, 34.0000,  255, 0, 0
L -12.0000, -585.0000, 34.0000,  1.0000, -585.0000, 34.0000,  255, 0, 0
L -24.0000, -598.0000, 34.0000,  -12.0000, -585.0000, 34.0000,  255, 0, 0
L -24.0000, -612.0000, 34.0000,  -24.0000, -598.0000, 34.0000,  255, 0, 0
L -12.0000, -625.0000, 34.0000,  -24.0000, -612.0000, 34.0000,  255, 0, 0
L 1.0000, -625.0000, 34.0000,  -12.0000, -625.0000, 34.0000,  255, 0, 0
L 67.0000, -595.0000, 84.0000,  67.0000, -584.0000, 91.0000,  255, 255, 255
L 68.0000, -598.0000, 84.0000,  67.0000, -595.0000, 84.0000,  255, 255, 255
L 74.0000, -598.0000, 84.0000,  68.0000, -598.0000, 84.0000,  255, 255, 255
L 75.0000, -597.0000, 84.0000,  74.0000, -598.0000, 84.0000,  255, 255, 255
L 92.0000, -601.0000, 84.0000,  75.0000, -597.0000, 84.0000,  255, 255, 255
L 94.0000, -603.0000, 84.0000,  92.0000, -601.0000, 84.0000,  255, 255, 255
L 99.0000, -603.0000, 84.0000,  94.0000, -603.0000, 84.0000,  255, 255, 255
L 101.0000, -602.0000, 84.0000,  99.0000, -603.0000, 84.0000,  255, 255, 255
L 127.0000, -602.0000, 134.0000,  101.0000, -602.0000, 84.0000,  255, 255, 255
L 127.0000, -628.0000, 184.0000,  127.0000, -602.0000, 134.0000,  255, 255, 255
L 81.0000, -628.0000, 384.0000,  127.0000, -628.0000, 184.0000,  255, 255, 255
L 51.0000, -628.0000, 384.0000,  81.0000, -628.0000, 384.0000,  102, 102, 102
L 44.0000, -627.0000, 384.0000,  51.0000, -628.0000, 384.0000,  102, 102, 102
L 42.0000, -628.0000, 384.0000,  44.0000, -627.0000, 384.0000,  102, 102, 102
L 42.0000, -640.0000, 394.0000,  42.0000, -628.0000, 384.0000,  102, 102, 102
L 35.0000, -648.0000, 394.0000,  42.0000, -640.0000, 394.0000,  102, 102, 102
L 29.0000, -648.0000, 384.0000,  35.0000, -648.0000, 394.0000,  102, 102, 102
L 27.0000, -650.0000, 384.0000,  29.0000, -648.0000, 384.0000,  102, 102, 102
L 27.0000, -675.0000, 384.0000,  27.0000, -650.0000, 384.0000,  102, 102, 102
L 29.0000, -677.0000, 384.0000,  27.0000, -675.0000, 384.0000,  102, 102, 102
L 32.0000, -677.0000, 384.0000,  29.0000, -677.0000, 384.0000,  102, 102, 102
L 34.0000, -678.0000, 384.0000,  32.0000, -677.0000, 384.0000,  102, 102, 102
L 39.0000, -678.0000, 384.0000,  34.0000, -678.0000, 384.0000,  102, 102, 102
L 41.0000, -677.0000, 384.0000,  39.0000, -678.0000, 384.0000,  102, 102, 102
L 50.0000, -677.0000, 384.0000,  41.0000, -677.0000, 384.0000,  102, 102, 102
L 52.0000, -675.0000, 384.0000,  50.0000, -677.0000, 384.0000,  102, 102, 102
L 52.0000, -672.0000, 384.0000,  52.0000, -675.0000, 384.0000,  102, 102, 102
L 50.0000, -668.0000, 384.0000,  52.0000, -672.0000, 384.0000,  102, 102, 102
L 49.0000, -668.0000, 384.0000,  50.0000, -668.0000, 384.0000,  102, 102, 102
L 46.0000, -665.0000, 384.0000,  49.0000, -668.0000, 384.0000,  102, 102, 102
L 46.0000, -659.0000, 384.0000,  46.0000, -665.0000, 384.0000,  102, 102, 102
L 48.0000, -652.0000, 384.0000,  46.0000, -659.0000, 384.0000,  102, 102, 102
L 62.0000, -652.0000, 404.0000,  48.0000, -652.0000, 384.0000,  102, 102, 102
L 62.0000, -668.0000, 384.0000,  62.0000, -652.0000, 404.0000,  102, 102, 102
L 58.0000, -668.0000, 384.0000,  62.0000, -668.0000, 384.0000,  102, 102, 102
L 56.0000, -673.0000, 384.0000,  58.0000, -668.0000, 384.0000,  102, 102, 102
L 56.0000, -675.0000, 384.0000,  56.0000, -673.0000, 384.0000,  102, 102, 102
L 58.0000, -677.0000, 384.0000,  56.0000, -675.0000, 384.0000,  102, 102, 102
L 75.0000, -677.0000, 384.0000,  58.0000, -677.0000, 384.0000,  102, 102, 102
L 77.0000, -675.0000, 384.0000,  75.0000, -677.0000, 384.0000,  102, 102, 102
L 77.0000, -673.0000, 384.0000,  77.0000, -675.0000, 384.0000,  102, 102, 102
L 75.0000, -668.0000, 384.0000,  77.0000, -673.0000, 384.0000,  102, 102, 102
L 74.0000, -668.0000, 384.0000,  75.0000, -668.0000, 384.0000,  102, 102, 102
L 71.0000, -664.0000, 384.0000,  74.0000, -668.0000, 384.0000,  102, 102, 102
L 71.0000, -659.0000, 384.0000,  71.0000, -664.0000, 384.0000,  102, 102, 102
L 73.0000, -652.0000, 384.0000,  71.0000, -659.0000, 384.0000,  102, 102, 102
L 87.0000, -652.0000, 404.0000,  73.0000, -652.0000, 384.0000,  102, 102, 102
L 87.0000, -668.0000, 384.0000,  87.0000, -652.0000, 404.0000,  102, 102, 102
L 83.0000, -668.0000, 384.0000,  87.0000, -668.0000, 384.0000,  102, 102, 102
L 81.0000, -673.0000, 384.0000,  83.0000, -668.0000, 384.0000,  102, 102, 102
L 81.0000, -674.0000, 384.0000,  81.0000, -673.0000, 384.0000,  102, 102, 102
L 83.0000, -677.0000, 384.0000,  81.0000, -674.0000, 384.0000,  102, 102, 102
L 100.0000, -677.0000, 384.0000,  83.0000, -677.0000, 384.0000,  102, 102, 102
L 102.0000, -675.0000, 384.0000,  100.0000, -677.0000, 384.0000,  102, 102, 102
L 102.0000, -673.0000, 384.0000,  102.0000, -675.0000, 384.0000,  102, 102, 102
L 100.0000, -668.0000, 384.0000,  102.0000, -673.0000, 384.0000,  102, 102, 102
L 99.0000, -668.0000, 384.0000,  100.0000, -668.0000, 384.0000,  102, 102, 102
L 96.0000, -664.0000, 384.0000,  99.0000, -668.0000, 384.0000,  102, 102, 102
L 96.0000, -659.0000, 384.0000,  96.0000, -664.0000, 384.0000,  102, 102, 102
L 98.0000, -652.0000, 384.0000,  96.0000, -659.0000, 384.0000,  102, 102, 102
L 112.0000, -652.0000, 404.0000,  98.0000, -652.0000, 384.0000,  102, 102, 102
L 112.0000, -668.0000, 384.0000,  112.0000, -652.0000, 404.0000,  102, 102, 102
L 108.0000, -668.0000, 384.0000,  112.0000, -668.0000, 384.0000,  102, 102, 102
L 106.0000, -673.0000, 384.0000,  108.0000, -668.0000, 384.0000,  102, 102, 102
L 106.0000, -675.0000, 384.0000,  106.0000, -673.0000, 384.0000,  102, 102, 102
L 108.0000, -677.0000, 384.0000,  106.0000, -675.0000, 384.0000,  102, 102, 102
L 112.0000, -677.0000, 384.0000,  108.0000, -677.0000, 384.0000,  102, 102, 102
L 112.0000, -683.0000, 384.0000,  112.0000, -677.0000, 384.0000,  102, 102, 102
L 108.0000, -683.0000, 384.0000,  112.0000, -683.0000, 384.0000,  102, 102, 102
L 106.0000, -685.0000, 384.0000,  108.0000, -683.0000, 384.0000,  102, 102, 102
L 106.0000, -687.0000, 384.0000,  106.0000, -685.0000, 384.0000,  102, 102, 102
L 108.0000, -692.0000, 384.0000,  106.0000, -687.0000, 384.0000,  102, 102, 102
L 112.0000, -692.0000, 384.0000,  108.0000, -692.0000, 384.0000,  102, 102, 102
L 112.0000, -708.0000, 404.0000,  112.0000, -692.0000, 384.0000,  102, 102, 102
L 98.0000, -708.0000, 384.0000,  112.0000, -708.0000, 404.0000,  102, 102, 102
L 96.0000, -701.0000, 384.0000,  98.0000, -708.0000, 384.0000,  102, 102, 102
L 96.0000, -695.0000, 384.0000,  96.0000, -701.0000, 384.0000,  102, 102, 102
L 100.0000, -692.0000, 384.0000,  96.0000, -695.0000, 384.0000,  102, 102, 102
L 100.0000, -692.0000, 384.0000,  100.0000, -692.0000, 384.0000,  102, 102, 102
L 102.0000, -687.0000, 384.0000,  100.0000, -692.0000, 384.0000,  102, 102, 102
L 102.0000, -685.0000, 384.0000,  102.0000, -687.0000, 384.0000,  102, 102, 102
L 100.0000, -683.0000, 384.0000,  102.0000, -685.0000, 384.0000,  102, 102, 102
L 82.0000, -683.0000, 384.0000,  100.0000, -683.0000, 384.0000,  102, 102, 102
L 81.0000, -685.0000, 384.0000,  82.0000, -683.0000, 384.0000,  102, 102, 102
L 81.0000, -687.0000, 384.0000,  81.0000, -685.0000, 384.0000,  102, 102, 102
L 83.0000, -692.0000, 384.0000,  81.0000, -687.0000, 384.0000,  102, 102, 102
L 87.0000, -692.0000, 384.0000,  83.0000, -692.0000, 384.0000,  102, 102, 102
L 87.0000, -708.0000, 404.0000,  87.0000, -692.0000, 384.0000,  102, 102, 102
L 73.0000, -708.0000, 384.0000,  87.0000, -708.0000, 404.0000,  102, 102, 102
L 71.0000, -701.0000, 384.0000,  73.0000, -708.0000, 384.0000,  102, 102, 102
L 71.0000, -695.0000, 384.0000,  71.0000, -701.0000, 384.0000,  102, 102, 102
L 74.0000, -692.0000, 384.0000,  71.0000, -695.0000, 384.0000,  102, 102, 102
L 75.0000, -692.0000, 384.0000,  74.0000, -692.0000, 384.0000,  102, 102, 102
L 77.0000, -687.0000, 384.0000,  75.0000, -692.0000, 384.0000,  102, 102, 102
L 77.0000, -685.0000, 384.0000,  77.0000, -687.0000, 384.0000,  102, 102, 102
L 75.0000, -683.0000, 384.0000,  77.0000, -685.0000, 384.0000,  102, 102, 102
L 58.0000, -683.0000, 384.0000,  75.0000, -683.0000, 384.0000,  102, 102, 102
L 56.0000, -685.0000, 384.0000,  58.0000, -683.0000, 384.0000,  102, 102, 102
L 56.0000, -687.0000, 384.0000,  56.0000, -685.0000, 384.0000,  102, 102, 102
L 58.0000, -692.0000, 384.0000,  56.0000, -687.0000, 384.0000,  102, 102, 102
L 62.0000, -692.0000, 384.0000,  58.0000, -692.0000, 384.0000,  102, 102, 102
L 62.0000, -708.0000, 404.0000,  62.0000, -692.0000, 384.0000,  102, 102, 102
L 48.0000, -708.0000, 384.0000,  62.0000, -708.0000, 404.0000,  102, 102, 102
L 46.0000, -701.0000, 384.0000,  48.0000, -708.0000, 384.0000,  102, 102, 102
L 46.0000, -696.0000, 384.0000,  46.0000, -701.0000, 384.0000,  102, 102, 102
L 49.0000, -692.0000, 384.0000,  46.0000, -696.0000, 384.0000,  102, 102, 102
L 50.0000, -692.0000, 384.0000,  49.0000, -692.0000, 384.0000,  102, 102, 102
L 52.0000, -687.0000, 384.0000,  50.0000, -692.0000, 384.0000,  102, 102, 102
L 52.0000, -684.0000, 384.0000,  52.0000, -687.0000, 384.0000,  102, 102, 102
L 50.0000, -683.0000, 384.0000,  52.0000, -684.0000, 384.0000,  102, 102, 102
L 41.0000, -683.0000, 384.0000,  50.0000, -683.0000, 384.0000,  102, 102, 102
L 39.0000, -682.0000, 384.0000,  41.0000, -683.0000, 384.0000,  102, 102, 102
L 34.0000, -682.0000, 384.0000,  39.0000, -682.0000, 384.0000,  102, 102, 102
L 32.0000, -683.0000, 384.0000,  34.0000, -682.0000, 384.0000,  102, 102, 102
L 29.0000, -683.0000, 384.0000,  32.0000, -683.0000, 384.0000,  102, 102, 102
L 27.0000, -684.0000, 384.0000,  29.0000, -683.0000, 384.0000,  102, 102, 102
L 27.0000, -711.0000, 384.0000,  27.0000, -684.0000, 384.0000,  102, 102, 102
L 20.0000, -718.0000, 384.0000,  27.0000, -711.0000, 384.0000,  102, 102, 102
L 4.0000, -718.0000, 384.0000,  20.0000, -718.0000, 384.0000,  102, 102, 102
L 2.0000, -719.0000, 384.0000,  4.0000, -718.0000, 384.0000,  102, 102, 102
L 2.0000, -723.0000, 384.0000,  2.0000, -719.0000, 384.0000,  102, 102, 102
L 1.0000, -724.0000, 384.0000,  2.0000, -723.0000, 384.0000,  102, 102, 102
L 1.0000, -730.0000, 384.0000,  1.0000, -724.0000, 384.0000,  102, 102, 102
L 2.0000, -731.0000, 384.0000,  1.0000, -730.0000, 384.0000,  102, 102, 102
L 2.0000, -735.0000, 384.0000,  2.0000, -731.0000, 384.0000,  102, 102, 102
L 4.0000, -737.0000, 384.0000,  2.0000, -735.0000, 384.0000,  102, 102, 102
L 9.0000, -737.0000, 384.0000,  4.0000, -737.0000, 384.0000,  102, 102, 102
L 11.0000, -735.0000, 384.0000,  9.0000, -737.0000, 384.0000,  102, 102, 102
L 11.0000, -727.0000, 384.0000,  11.0000, -735.0000, 384.0000,  102, 102, 102
L 87.0000, -727.0000, 384.0000,  11.0000, -727.0000, 384.0000,  102, 102, 102
L 87.0000, -763.0000, 384.0000,  87.0000, -727.0000, 384.0000,  102, 102, 102
L 11.0000, -763.0000, 384.0000,  87.0000, -763.0000, 384.0000,  102, 102, 102
L 11.0000, -755.0000, 384.0000,  11.0000, -763.0000, 384.0000,  102, 102, 102
L 9.0000, -753.0000, 384.0000,  11.0000, -755.0000, 384.0000,  102, 102, 102
L 0.0000, -753.0000, 384.0000,  9.0000, -753.0000, 384.0000,  102, 102, 102
L -2.0000, -754.0000, 384.0000,  0.0000, -753.0000, 384.0000,  102, 102, 102
L -2.0000, -758.0000, 384.0000,  -2.0000, -754.0000, 384.0000,  102, 102, 102
L -3.0000, -759.0000, 384.0000,  -2.0000, -758.0000, 384.0000,  102, 102, 102
L -3.0000, -762.0000, 384.0000,  -3.0000, -759.0000, 384.0000,  102, 102, 102
L -3.0000, -762.0000, 384.0000,  -3.0000, -762.0000, 384.0000,  102, 102, 102
L -1.0000, -767.0000, 384.0000,  -3.0000, -762.0000, 384.0000,  102, 102, 102
L -1.0000, -767.0000, 384.0000,  -1.0000, -767.0000, 384.0000,  102, 102, 102
L 2.0000, -767.0000, 384.0000,  -1.0000, -767.0000, 384.0000,  102, 102, 102
L 2.0000, -783.0000, 424.0000,  2.0000, -767.0000, 384.0000,  102, 102, 102
L -13.0000, -783.0000, 423.0000,  2.0000, -783.0000, 424.0000,  102, 102, 102
L -13.0000, -767.0000, 411.0000,  -13.0000, -783.0000, 423.0000,  102, 102, 102
L -8.0000, -766.0000, 384.0000,  -13.0000, -767.0000, 411.0000,  102, 102, 102
L -7.0000, -762.0000, 384.0000,  -8.0000, -766.0000, 384.0000,  102, 102, 102
L -7.0000, -760.0000, 384.0000,  -7.0000, -762.0000, 384.0000,  102, 102, 102
L -8.0000, -758.0000, 384.0000,  -7.0000, -760.0000, 384.0000,  102, 102, 102
L -8.0000, -755.0000, 384.0000,  -8.0000, -758.0000, 384.0000,  102, 102, 102
L -10.0000, -753.0000, 384.0000,  -8.0000, -755.0000, 384.0000,  102, 102, 102
L -18.0000, -753.0000, 384.0000,  -10.0000, -753.0000, 384.0000,  102, 102, 102
L -18.0000, -753.0000, 384.0000,  -18.0000, -753.0000, 384.0000,  102, 102, 102
L -18.0000, -737.0000, 384.0000,  -18.0000, -753.0000, 384.0000,  102, 102, 102
L -15.0000, -737.0000, 384.0000,  -18.0000, -737.0000, 384.0000,  102, 102, 102
L -13.0000, -735.0000, 384.0000,  -15.0000, -737.0000, 384.0000,  102, 102, 102
L -13.0000, -731.0000, 384.0000,  -13.0000, -735.0000, 384.0000,  102, 102, 102
L -12.0000, -730.0000, 384.0000,  -13.0000, -731.0000, 384.0000,  102, 102, 102
L -12.0000, -730.0000, 384.0000,  -12.0000, -730.0000, 384.0000,  102, 102, 102
L -12.0000, -724.0000, 384.0000,  -12.0000, -730.0000, 384.0000,  102, 102, 102
L -13.0000, -723.0000, 384.0000,  -12.0000, -724.0000, 384.0000,  102, 102, 102
L -13.0000, -720.0000, 384.0000,  -13.0000, -723.0000, 384.0000,  102, 102, 102
L -15.0000, -718.0000, 384.0000,  -13.0000, -720.0000, 384.0000,  102, 102, 102
L -35.0000, -718.0000, 432.0000,  -15.0000, -718.0000, 384.0000,  102, 102, 102
L -38.0000, -715.0000, 425.0000,  -35.0000, -718.0000, 432.0000,  102, 102, 102
L -38.0000, -711.0000, 384.0000,  -38.0000, -715.0000, 425.0000,  102, 102, 102
L -38.0000, -685.0000, 384.0000,  -38.0000, -711.0000, 384.0000,  102, 102, 102
L -39.0000, -683.0000, 384.0000,  -38.0000, -685.0000, 384.0000,  102, 102, 102
L -40.0000, -683.0000, 384.0000,  -39.0000, -683.0000, 384.0000,  102, 102, 102
L -43.0000, -683.0000, 384.0000,  -40.0000, -683.0000, 384.0000,  102, 102, 102
L -45.0000, -682.0000, 384.0000,  -43.0000, -683.0000, 384.0000,  102, 102, 102
L -45.0000, -682.0000, 384.0000,  -45.0000, -682.0000, 384.0000,  102, 102, 102
L -45.0000, -682.0000, 384.0000,  -45.0000, -682.0000, 384.0000,  102, 102, 102
L -50.0000, -682.0000, 384.0000,  -45.0000, -682.0000, 384.0000,  102, 102, 102
L -52.0000, -683.0000, 384.0000,  -50.0000, -682.0000, 384.0000,  102, 102, 102
L -61.0000, -683.0000, 384.0000,  -52.0000, -683.0000, 384.0000,  102, 102, 102
L -63.0000, -685.0000, 384.0000,  -61.0000, -683.0000, 384.0000,  102, 102, 102
L -63.0000, -687.0000, 384.0000,  -63.0000, -685.0000, 384.0000,  102, 102, 102
L -61.0000, -692.0000, 384.0000,  -63.0000, -687.0000, 384.0000,  102, 102, 102
L -57.0000, -692.0000, 384.0000,  -61.0000, -692.0000, 384.0000,  102, 102, 102
L -57.0000, -708.0000, 404.0000,  -57.0000, -692.0000, 384.0000,  102, 102, 102
L -71.0000, -708.0000, 384.0000,  -57.0000, -708.0000, 404.0000,  102, 102, 102
L -73.0000, -701.0000, 384.0000,  -71.0000, -708.0000, 384.0000,  102, 102, 102
L -73.0000, -695.0000, 384.0000,  -73.0000, -701.0000, 384.0000,  102, 102, 102
L -70.0000, -692.0000, 384.0000,  -73.0000, -695.0000, 384.0000,  102, 102, 102
L -69.0000, -692.0000, 384.0000,  -70.0000, -692.0000, 384.0000,  102, 102, 102
L -67.0000, -687.0000, 384.0000,  -69.0000, -692.0000, 384.0000,  102, 102, 102
L -67.0000, -685.0000, 384.0000,  -67.0000, -687.0000, 384.0000,  102, 102, 102
L -69.0000, -683.0000, 384.0000,  -67.0000, -685.0000, 384.0000,  102, 102, 102
L -86.0000, -683.0000, 384.0000,  -69.0000, -683.0000, 384.0000,  102, 102, 102
L -88.0000, -685.0000, 384.0000,  -86.0000, -683.0000, 384.0000,  102, 102, 102
L -88.0000, -687.0000, 384.0000,  -88.0000, -685.0000, 384.0000,  102, 102, 102
L -86.0000, -692.0000, 384.0000,  -88.0000, -687.0000, 384.0000,  102, 102, 102
L -82.0000, -692.0000, 384.0000,  -86.0000, -692.0000, 384.0000,  102, 102, 102
L -82.0000, -708.0000, 404.0000,  -82.0000, -692.0000, 384.0000,  102, 102, 102
L -96.0000, -708.0000, 384.0000,  -82.0000, -708.0000, 404.0000,  102, 102, 102
L -98.0000, -701.0000, 384.0000,  -96.0000, -708.0000, 384.0000,  102, 102, 102
L -98.0000, -696.0000, 384.0000,  -98.0000, -701.0000, 384.0000,  102, 102, 102
L -95.0000, -692.0000, 384.0000,  -98.0000, -696.0000, 384.0000,  102, 102, 102
L -94.0000, -692.0000, 384.0000,  -95.0000, -692.0000, 384.0000,  102, 102, 102
L -92.0000, -687.0000, 384.0000,  -94.0000, -692.0000, 384.0000,  102, 102, 102
L -92.0000, -685.0000, 384.0000,  -92.0000, -687.0000, 384.0000,  102, 102, 102
L -94.0000, -683.0000, 384.0000,  -92.0000, -685.0000, 384.0000,  102, 102, 102
L -111.0000, -683.0000, 384.0000,  -94.0000, -683.0000, 384.0000,  102, 102, 102
L -113.0000, -684.0000, 384.0000,  -111.0000, -683.0000, 384.0000,  102, 102, 102
L -113.0000, -687.0000, 384.0000,  -113.0000, -684.0000, 384.0000,  102, 102, 102
L -111.0000, -692.0000, 384.0000,  -113.0000, -687.0000, 384.0000,  102, 102, 102
L -107.0000, -692.0000, 384.0000,  -111.0000, -692.0000, 384.0000,  102, 102, 102
L -107.0000, -708.0000, 404.0000,  -107.0000, -692.0000, 384.0000,  102, 102, 102
L -121.0000, -708.0000, 384.0000,  -107.0000, -708.0000, 404.0000,  102, 102, 102
L -123.0000, -701.0000, 384.0000,  -121.0000, -708.0000, 384.0000,  102, 102, 102
L -123.0000, -696.0000, 384.0000,  -123.0000, -701.0000, 384.0000,  102, 102, 102
L -119.0000, -692.0000, 384.0000,  -123.0000, -696.0000, 384.0000,  102, 102, 102
L -119.0000, -692.0000, 384.0000,  -119.0000, -692.0000, 384.0000,  102, 102, 102
L -117.0000, -687.0000, 384.0000,  -119.0000, -692.0000, 384.0000,  102, 102, 102
L -117.0000, -685.0000, 384.0000,  -117.0000, -687.0000, 384.0000,  102, 102, 102
L -119.0000, -683.0000, 384.0000,  -117.0000, -685.0000, 384.0000,  102, 102, 102
L -123.0000, -683.0000, 384.0000,  -119.0000, -683.0000, 384.0000,  102, 102, 102
L -123.0000, -677.0000, 384.0000,  -123.0000, -683.0000, 384.0000,  102, 102, 102
L -119.0000, -677.0000, 384.0000,  -123.0000, -677.0000, 384.0000,  102, 102, 102
L -117.0000, -675.0000, 384.0000,  -119.0000, -677.0000, 384.0000,  102, 102, 102
L -117.0000, -672.0000, 384.0000,  -117.0000, -675.0000, 384.0000,  102, 102, 102
L -119.0000, -668.0000, 384.0000,  -117.0000, -672.0000, 384.0000,  102, 102, 102
L -123.0000, -665.0000, 384.0000,  -119.0000, -668.0000, 384.0000,  102, 102, 102
L -123.0000, -659.0000, 384.0000,  -123.0000, -665.0000, 384.0000,  102, 102, 102
L -121.0000, -652.0000, 384.0000,  -123.0000, -659.0000, 384.0000,  102, 102, 102
L -107.0000, -652.0000, 404.0000,  -121.0000, -652.0000, 384.0000,  102, 102, 102
L -107.0000, -668.0000, 384.0000,  -107.0000, -652.0000, 404.0000,  102, 102, 102
L -111.0000, -668.0000, 384.0000,  -107.0000, -668.0000, 384.0000,  102, 102, 102
L -113.0000, -673.0000, 384.0000,  -111.0000, -668.0000, 384.0000,  102, 102, 102
L -113.0000, -674.0000, 384.0000,  -113.0000, -673.0000, 384.0000,  102, 102, 102
L -111.0000, -677.0000, 384.0000,  -113.0000, -674.0000, 384.0000,  102, 102, 102
L -94.0000, -677.0000, 384.0000,  -111.0000, -677.0000, 384.0000,  102, 102, 102
L -92.0000, -674.0000, 384.0000,  -94.0000, -677.0000, 384.0000,  102, 102, 102
L -92.0000, -673.0000, 384.0000,  -92.0000, -674.0000, 384.0000,  102, 102, 102
L -92.0000, -673.0000, 384.0000,  -92.0000, -673.0000, 384.0000,  102, 102, 102
L -94.0000, -668.0000, 384.0000,  -92.0000, -673.0000, 384.0000,  102, 102, 102
L -98.0000, -665.0000, 384.0000,  -94.0000, -668.0000, 384.0000,  102, 102, 102
L -98.0000, -659.0000, 384.0000,  -98.0000, -665.0000, 384.0000,  102, 102, 102
L -96.0000, -652.0000, 384.0000,  -98.0000, -659.0000, 384.0000,  102, 102, 102
L -82.0000, -652.0000, 404.0000,  -96.0000, -652.0000, 384.0000,  102, 102, 102
L -82.0000, -668.0000, 384.0000,  -82.0000, -652.0000, 404.0000,  102, 102, 102
L -86.0000, -668.0000, 384.0000,  -82.0000, -668.0000, 384.0000,  102, 102, 102
L -88.0000, -673.0000, 384.0000,  -86.0000, -668.0000, 384.0000,  102, 102, 102
L -88.0000, -675.0000, 384.0000,  -88.0000, -673.0000, 384.0000,  102, 102, 102
L -86.0000, -677.0000, 384.0000,  -88.0000, -675.0000, 384.0000,  102, 102, 102
L -69.0000, -677.0000, 384.0000,  -86.0000, -677.0000, 384.0000,  102, 102, 102
L -67.0000, -673.0000, 384.0000,  -69.0000, -677.0000, 384.0000,  102, 102, 102
L -69.0000, -668.0000, 384.0000,  -67.0000, -673.0000, 384.0000,  102, 102, 102
L -73.0000, -664.0000, 384.0000,  -69.0000, -668.0000, 384.0000,  102, 102, 102
L -73.0000, -659.0000, 384.0000,  -73.0000, -664.0000, 384.0000,  102, 102, 102
L -71.0000, -652.0000, 384.0000,  -73.0000, -659.0000, 384.0000,  102, 102, 102
L -57.0000, -652.0000, 404.0000,  -71.0000, -652.0000, 384.0000,  102, 102, 102
L -57.0000, -668.0000, 384.0000,  -57.0000, -652.0000, 404.0000,  102, 102, 102
L -61.0000, -668.0000, 384.0000,  -57.0000, -668.0000, 384.0000,  102, 102, 102
L -63.0000, -673.0000, 384.0000,  -61.0000, -668.0000, 384.0000,  102, 102, 102
L -63.0000, -675.0000, 384.0000,  -63.0000, -673.0000, 384.0000,  102, 102, 102
L -61.0000, -677.0000, 384.0000,  -63.0000, -675.0000, 384.0000,  102, 102, 102
L -52.0000, -677.0000, 384.0000,  -61.0000, -677.0000, 384.0000,  102, 102, 102
L -50.0000, -678.0000, 384.0000,  -52.0000, -677.0000, 384.0000,  102, 102, 102
L -45.0000, -678.0000, 384.0000,  -50.0000, -678.0000, 384.0000,  102, 102, 102
L -43.0000, -677.0000, 384.0000,  -45.0000, -678.0000, 384.0000,  102, 102, 102
L -40.0000, -677.0000, 384.0000,  -43.0000, -677.0000, 384.0000,  102, 102, 102
L -38.0000, -675.0000, 384.0000,  -40.0000, -677.0000, 384.0000,  102, 102, 102
L -38.0000, -650.0000, 384.0000,  -38.0000, -675.0000, 384.0000,  102, 102, 102
L -40.0000, -648.0000, 384.0000,  -38.0000, -650.0000, 384.0000,  102, 102, 102
L -45.0000, -648.0000, 394.0000,  -40.0000, -648.0000, 384.0000,  102, 102, 102
L -53.0000, -640.0000, 394.0000,  -45.0000, -648.0000, 394.0000,  102, 102, 102
L -53.0000, -629.0000, 384.0000,  -53.0000, -640.0000, 394.0000,  102, 102, 102
L -55.0000, -627.0000, 384.0000,  -53.0000, -629.0000, 384.0000,  102, 102, 102
L -60.0000, -627.0000, 384.0000,  -55.0000, -627.0000, 384.0000,  102, 102, 102
L -62.0000, -628.0000, 384.0000,  -60.0000, -627.0000, 384.0000,  102, 102, 102
L -118.0000, -628.0000, 484.0000,  -62.0000, -628.0000, 384.0000,  102, 102, 102
L -118.0000, -602.0000, 534.0000,  -118.0000, -628.0000, 484.0000,  102, 102, 102
L -90.0000, -602.0000, 632.0000,  -118.0000, -602.0000, 534.0000,  0, 153, 153
L -77.0000, -602.0000, 634.0000,  -90.0000, -602.0000, 632.0000,  0, 153, 153
L -75.0000, -603.0000, 634.0000,  -77.0000, -602.0000, 634.0000,  0, 153, 153
L -70.0000, -603.0000, 634.0000,  -75.0000, -603.0000, 634.0000,  0, 153, 153
L -68.0000, -602.0000, 634.0000,  -70.0000, -603.0000, 634.0000,  0, 153, 153
L -60.0000, -602.0000, 634.0000,  -68.0000, -602.0000, 634.0000,  0, 153, 153
L -58.0000, -600.0000, 634.0000,  -60.0000, -602.0000, 634.0000,  0, 153, 153
L -58.0000, -555.0000, 649.0000,  -58.0000, -600.0000, 634.0000,  0, 153, 153
L -54.0000, -552.0000, 648.0000,  -58.0000, -555.0000, 649.0000,  0, 153, 153
L -40.0000, -552.0000, 634.0000,  -54.0000, -552.0000, 648.0000,  0, 153, 153
L -38.0000, -550.0000, 654.0000,  -40.0000, -552.0000, 634.0000,  0, 153, 153
L -38.0000, -541.0000, 669.0000,  -38.0000, -550.0000, 654.0000,  0, 153, 153
L -29.0000, -532.0000, 674.0000,  -38.0000, -541.0000, 669.0000,  0, 153, 153
L 18.0000, -532.0000, 674.0000,  -29.0000, -532.0000, 674.0000,  0, 153, 153
L 27.0000, -541.0000, 669.0000,  18.0000, -532.0000, 674.0000,  0, 153, 153
L 27.0000, -550.0000, 654.0000,  27.0000, -541.0000, 669.0000,  0, 153, 153
L 29.0000, -552.0000, 634.0000,  27.0000, -550.0000, 654.0000,  0, 153, 153
L 47.0000, -552.0000, 634.0000,  29.0000, -552.0000, 634.0000,  0, 153, 153
L 47.0000, -557.0000, 646.0000,  47.0000, -552.0000, 634.0000,  0, 153, 153
L 47.0000, -600.0000, 634.0000,  47.0000, -557.0000, 646.0000,  0, 153, 153
L 49.0000, -602.0000, 634.0000,  47.0000, -600.0000, 634.0000,  0, 153, 153
L 57.0000, -602.0000, 634.0000,  49.0000, -602.0000, 634.0000,  0, 153, 153
L 59.0000, -603.0000, 634.0000,  57.0000, -602.0000, 634.0000,  0, 153, 153
L 64.0000, -603.0000, 634.0000,  59.0000, -603.0000, 634.0000,  0, 153, 153
L 66.0000, -602.0000, 634.0000,  64.0000, -603.0000, 634.0000,  0, 153, 153
L 79.0000, -602.0000, 634.0000,  66.0000, -602.0000, 634.0000,  0, 153, 153
L 99.0000, -602.0000, 534.0000,  79.0000, -602.0000, 634.0000,  102, 102, 102
L 101.0000, -600.0000, 533.0000,  99.0000, -602.0000, 534.0000,  102, 102, 102
L 101.0000, -600.0000, 533.0000,  101.0000, -600.0000, 533.0000,  102, 102, 102
L 101.0000, -590.0000, 484.0000,  101.0000, -600.0000, 533.0000,  102, 102, 102
L 99.0000, -588.0000, 484.0000,  101.0000, -590.0000, 484.0000,  102, 102, 102
L 51.0000, -588.0000, 384.0000,  99.0000, -588.0000, 484.0000,  102, 102, 102
L 49.0000, -587.0000, 384.0000,  51.0000, -588.0000, 384.0000,  102, 102, 102
L 44.0000, -587.0000, 384.0000,  49.0000, -587.0000, 384.0000,  102, 102, 102
L 42.0000, -589.0000, 384.0000,  44.0000, -587.0000, 384.0000,  102, 102, 102
L 42.0000, -600.0000, 394.0000,  42.0000, -589.0000, 384.0000,  102, 102, 102
L 42.0000, -609.0000, 394.0000,  42.0000, -600.0000, 394.0000,  102, 102, 102
L 42.0000, -621.0000, 384.0000,  42.0000, -609.0000, 394.0000,  102, 102, 102
L 43.0000, -623.0000, 384.0000,  42.0000, -621.0000, 384.0000,  102, 102, 102
L 49.0000, -623.0000, 384.0000,  43.0000, -623.0000, 384.0000,  102, 102, 102
L 51.0000, -622.0000, 384.0000,  49.0000, -623.0000, 384.0000,  102, 102, 102
L 81.0000, -622.0000, 384.0000,  51.0000, -622.0000, 384.0000,  102, 102, 102
L 119.0000, -622.0000, 194.0000,  81.0000, -622.0000, 384.0000,  255, 255, 255
L 121.0000, -620.0000, 184.0000,  119.0000, -622.0000, 194.0000,  255, 255, 255
L 121.0000, -610.0000, 144.0000,  121.0000, -620.0000, 184.0000,  255, 255, 255
L 119.0000, -608.0000, 134.0000,  121.0000, -610.0000, 144.0000,  255, 255, 255
L 101.0000, -608.0000, 84.0000,  119.0000, -608.0000, 134.0000,  255, 255, 255
L 99.0000, -607.0000, 84.0000,  101.0000, -608.0000, 84.0000,  255, 255, 255
L 94.0000, -607.0000, 84.0000,  99.0000, -607.0000, 84.0000,  255, 255, 255
L 92.0000, -608.0000, 84.0000,  94.0000, -607.0000, 84.0000,  255, 255, 255
L 75.0000, -612.0000, 84.0000,  92.0000, -608.0000, 84.0000,  255, 255, 255
L 69.0000, -612.0000, 84.0000,  75.0000, -612.0000, 84.0000,  255, 255, 255
L 67.0000, -614.0000, 84.0000,  69.0000, -612.0000, 84.0000,  255, 255, 255
L 67.0000, -619.0000, 84.0000,  67.0000, -614.0000, 84.0000,  255, 255, 255
L 67.0000, -641.0000, 84.0000,  67.0000, -619.0000, 84.0000,  255, 255, 255
L 67.0000, -659.0000, 89.0000,  67.0000, -641.0000, 84.0000,  255, 255, 255
L 63.0000, -663.0000, 84.0000,  67.0000, -659.0000, 89.0000,  255, 255, 255
L 38.0000, -663.0000, 88.0000,  63.0000, -663.0000, 84.0000,  255, 255, 255
L 30.0000, -663.0000, 84.0000,  38.0000, -663.0000, 88.0000,  255, 255, 255
L 18.0000, -663.0000, 89.0000,  30.0000, -663.0000, 84.0000,  255, 255, 255
L 10.0000, -663.0000, 90.0000,  18.0000, -663.0000, 89.0000,  255, 255, 255
L 3.0000, -663.0000, 86.0000,  10.0000, -663.0000, 90.0000,  255, 255, 255
L 2.0000, -665.0000, 84.0000,  3.0000, -663.0000, 86.0000,  255, 255, 255
L 2.0000, -690.0000, 84.0000,  2.0000, -665.0000, 84.0000,  255, 255, 255
L 4.0000, -692.0000, 84.0000,  2.0000, -690.0000, 84.0000,  255, 255, 255
L 22.0000, -692.0000, 84.0000,  4.0000, -692.0000, 84.0000,  255, 255, 255
L 22.0000, -735.0000, 84.0000,  22.0000, -692.0000, 84.0000,  255, 255, 255
L 25.0000, -737.0000, 94.0000,  22.0000, -735.0000, 84.0000,  255, 255, 255
L 32.0000, -744.0000, 94.0000,  25.0000, -737.0000, 94.0000,  255, 255, 255
L 35.0000, -748.0000, 84.0000,  32.0000, -744.0000, 94.0000,  255, 255, 255
L 32.0000, -755.0000, 94.0000,  34.0000, -752.0000, 84.0000,  255, 255, 255
L 24.0000, -763.0000, 94.0000,  32.0000, -755.0000, 94.0000,  255, 255, 255
L 22.0000, -765.0000, 84.0000,  24.0000, -763.0000, 94.0000,  255, 255, 255
L 22.0000, -784.0000, -9.0000,  22.0000, -765.0000, 84.0000,  255, 255, 255
L 22.0000, -796.0000, -15.0000,  22.0000, -784.0000, -9.0000,  255, 255, 255
L 24.0000, -797.0000, -15.0000,  22.0000, -796.0000, -15.0000,  255, 255, 255
L 62.0000, -796.0000, 184.0000,  24.0000, -797.0000, -15.0000,  255, 255, 255
L 62.0000, -893.0000, 187.0000,  62.0000, -796.0000, 184.0000,  255, 255, 255
L 24.0000, -893.0000, -15.0000,  62.0000, -893.0000, 187.0000,  255, 255, 255
L 22.0000, -895.0000, -15.0000,  24.0000, -893.0000, -15.0000,  255, 255, 255
L 22.0000, -895.0000, -15.0000,  22.0000, -895.0000, -15.0000,  255, 255, 255
L 11.0000, -903.0000, -15.0000,  22.0000, -895.0000, -15.0000,  255, 255, 255
L -23.0000, -903.0000, -15.0000,  11.0000, -903.0000, -15.0000,  255, 255, 255
L -33.0000, -894.0000, -15.0000,  -23.0000, -903.0000, -15.0000,  255, 255, 255
L -35.0000, -893.0000, -15.0000,  -33.0000, -894.0000, -15.0000,  255, 255, 255
L -73.0000, -893.0000, 184.0000,  -35.0000, -893.0000, -15.0000,  255, 255, 255
L -73.0000, -796.0000, 186.0000,  -73.0000, -893.0000, 184.0000,  255, 255, 255
L -35.0000, -797.0000, -15.0000,  -73.0000, -796.0000, 186.0000,  255, 255, 255
L -33.0000, -795.0000, -15.0000,  -35.0000, -797.0000, -15.0000,  255, 255, 255
L -33.0000, -784.0000, -9.0000,  -33.0000, -795.0000, -15.0000,  255, 255, 255
L -33.0000, -765.0000, 84.0000,  -33.0000, -784.0000, -9.0000,  255, 255, 255
L -36.0000, -763.0000, 94.0000,  -33.0000, -765.0000, 84.0000,  255, 255, 255
L -43.0000, -755.0000, 94.0000,  -36.0000, -763.0000, 94.0000,  255, 255, 255
L -45.0000, -752.0000, 84.0000,  -43.0000, -755.0000, 94.0000,  255, 255, 255
L -50.0000, -752.0000, 84.0000,  -45.0000, -752.0000, 84.0000,  255, 255, 255
L -52.0000, -753.0000, 84.0000,  -50.0000, -752.0000, 84.0000,  255, 255, 255
L -60.0000, -753.0000, 84.0000,  -52.0000, -753.0000, 84.0000,  255, 255, 255
L -88.0000, -753.0000, -15.0000,  -60.0000, -753.0000, 84.0000,  255, 0, 255
L -88.0000, -707.0000, -165.0000,  -88.0000, -753.0000, -15.0000,  255, 0, 255
L -52.0000, -707.0000, -265.0000,  -88.0000, -707.0000, -165.0000,  255, 0, 255
L -52.0000, -733.0000, -315.0000,  -52.0000, -707.0000, -265.0000,  255, 0, 255
L -154.0000, -733.0000, -365.0000,  -52.0000, -733.0000, -315.0000,  255, 0, 255
L -166.0000, -733.0000, -369.0000,  -154.0000, -733.0000, -365.0000,  255, 0, 255
L -175.0000, -733.0000, -415.0000,  -166.0000, -733.0000, -369.0000,  255, 0, 255
L -177.0000, -735.0000, -415.0000,  -175.0000, -733.0000, -415.0000,  255, 0, 255
L -177.0000, -744.0000, -415.0000,  -177.0000, -735.0000, -415.0000,  255, 0, 255
L -186.0000, -753.0000, -415.0000,  -177.0000, -744.0000, -415.0000,  255, 0, 255
L -274.0000, -753.0000, -415.0000,  -186.0000, -753.0000, -415.0000,  255, 0, 255
L -284.0000, -743.0000, -415.0000,  -274.0000, -753.0000, -415.0000,  255, 0, 255
L -288.0000, -743.0000, -415.0000,  -284.0000, -743.0000, -415.0000,  255, 0, 255
L -288.0000, -717.0000, -415.0000,  -288.0000, -743.0000, -415.0000,  255, 0, 255
L -283.0000, -716.0000, -415.0000,  -288.0000, -717.0000, -415.0000,  255, 0, 255
L -274.0000, -707.0000, -415.0000,  -283.0000, -716.0000, -415.0000,  255, 0, 255
L -186.0000, -707.0000, -415.0000,  -274.0000, -707.0000, -415.0000,  255, 0, 255
L -177.0000, -716.0000, -415.0000,  -186.0000, -707.0000, -415.0000,  255, 0, 255
L -177.0000, -725.0000, -415.0000,  -177.0000, -716.0000, -415.0000,  255, 0, 255
L -175.0000, -727.0000, -415.0000,  -177.0000, -725.0000, -415.0000,  255, 0, 255
L -166.0000, -726.0000, -369.0000,  -175.0000, -727.0000, -415.0000,  255, 0, 255
L -156.0000, -728.0000, -365.0000,  -166.0000, -726.0000, -369.0000,  255, 0, 255
L -154.0000, -727.0000, -365.0000,  -156.0000, -728.0000, -365.0000,  255, 0, 255
L -60.0000, -727.0000, -315.0000,  -154.0000, -727.0000, -365.0000,  255, 0, 255
L -58.0000, -725.0000, -315.0000,  -60.0000, -727.0000, -315.0000,  255, 0, 255
L -58.0000, -715.0000, -265.0000,  -58.0000, -725.0000, -315.0000,  255, 0, 255
L -59.0000, -713.0000, -265.0000,  -58.0000, -715.0000, -265.0000,  255, 0, 255
L -80.0000, -713.0000, -165.0000,  -59.0000, -713.0000, -265.0000,  255, 0, 255
L -82.0000, -715.0000, -165.0000,  -80.0000, -713.0000, -165.0000,  255, 0, 255
L -82.0000, -744.0000, -25.0000,  -82.0000, -715.0000, -165.0000,  255, 0, 255
L -80.0000, -747.0000, -15.0000,  -82.0000, -744.0000, -25.0000,  255, 0, 255
L -60.0000, -747.0000, 83.0000,  -80.0000, -747.0000, -15.0000,  255, 0, 255
L -45.0000, -748.0000, 84.0000,  -60.0000, -747.0000, 83.0000,  255, 255, 255
L -43.0000, -746.0000, 84.0000,  -45.0000, -748.0000, 84.0000,  255, 255, 255
L -43.0000, -744.0000, 94.0000,  -43.0000, -746.0000, 84.0000,  255, 255, 255
L -35.0000, -737.0000, 94.0000,  -43.0000, -744.0000, 94.0000,  255, 255, 255
L -33.0000, -735.0000, 84.0000,  -35.0000, -737.0000, 94.0000,  255, 255, 255
L -33.0000, -692.0000, 84.0000,  -33.0000, -735.0000, 84.0000,  255, 255, 255
L -15.0000, -692.0000, 84.0000,  -33.0000, -692.0000, 84.0000,  255, 255, 255
L -13.0000, -690.0000, 84.0000,  -15.0000, -692.0000, 84.0000,  255, 255, 255
L -13.0000, -665.0000, 84.0000,  -13.0000, -690.0000, 84.0000,  255, 255, 255
L -14.0000, -663.0000, 91.0000,  -13.0000, -665.0000, 84.0000,  255, 255, 255
L -21.0000, -663.0000, 84.0000,  -14.0000, -663.0000, 91.0000,  255, 255, 255
L -74.0000, -663.0000, 87.0000,  -21.0000, -663.0000, 84.0000,  255, 255, 255
L -78.0000, -659.0000, 91.0000,  -74.0000, -663.0000, 87.0000,  255, 255, 255
L -78.0000, -625.0000, 91.0000,  -78.0000, -659.0000, 91.0000,  255, 255, 255
L -78.0000, -619.0000, 84.0000,  -78.0000, -625.0000, 91.0000,  255, 255, 255
L -78.0000, -614.0000, 84.0000,  -78.0000, -619.0000, 84.0000,  255, 255, 255
L -80.0000, -612.0000, 84.0000,  -78.0000, -614.0000, 84.0000,  255, 255, 255
L -86.0000, -612.0000, 84.0000,  -80.0000, -612.0000, 84.0000,  255, 255, 255
L -103.0000, -608.0000, 84.0000,  -86.0000, -612.0000, 84.0000,  255, 255, 255
L -105.0000, -607.0000, 84.0000,  -103.0000, -608.0000, 84.0000,  255, 255, 255
L -110.0000, -607.0000, 84.0000,  -105.0000, -607.0000, 84.0000,  255, 255, 255
L -112.0000, -608.0000, 84.0000,  -110.0000, -607.0000, 84.0000,  255, 255, 255
L -138.0000, -608.0000, 134.0000,  -112.0000, -608.0000, 84.0000,  255, 255, 255
L -138.0000, -582.0000, 184.0000,  -138.0000, -608.0000, 134.0000,  255, 255, 255
L -62.0000, -582.0000, 384.0000,  -138.0000, -582.0000, 184.0000,  255, 255, 255
L -60.0000, -583.0000, 384.0000,  -62.0000, -582.0000, 384.0000,  102, 102, 102
L -55.0000, -583.0000, 384.0000,  -60.0000, -583.0000, 384.0000,  102, 102, 102
L -53.0000, -581.0000, 384.0000,  -55.0000, -583.0000, 384.0000,  102, 102, 102
L -53.0000, -569.0000, 394.0000,  -53.0000, -581.0000, 384.0000,  102, 102, 102
L -45.0000, -562.0000, 394.0000,  -53.0000, -569.0000, 394.0000,  102, 102, 102
L 34.0000, -562.0000, 394.0000,  -45.0000, -562.0000, 394.0000,  102, 102, 102
L 42.0000, -569.0000, 394.0000,  34.0000, -562.0000, 394.0000,  102, 102, 102
L 51.0000, -582.0000, 384.0000,  42.0000, -569.0000, 394.0000,  102, 102, 102
L 107.0000, -582.0000, 484.0000,  51.0000, -582.0000, 384.0000,  102, 102, 102
L 107.0000, -608.0000, 534.0000,  107.0000, -582.0000, 484.0000,  102, 102, 102
L 66.0000, -608.0000, 634.0000,  107.0000, -608.0000, 534.0000,  102, 102, 102
L 64.0000, -607.0000, 634.0000,  66.0000, -608.0000, 634.0000,  102, 102, 102
L 59.0000, -607.0000, 634.0000,  64.0000, -607.0000, 634.0000,  102, 102, 102
L 57.0000, -608.0000, 634.0000,  59.0000, -607.0000, 634.0000,  102, 102, 102
L 49.0000, -608.0000, 634.0000,  57.0000, -608.0000, 634.0000,  0, 153, 153
L 47.0000, -610.0000, 634.0000,  49.0000, -608.0000, 634.0000,  0, 153, 153
L 47.0000, -654.0000, 642.0000,  47.0000, -610.0000, 634.0000,  0, 153, 153
L 44.0000, -658.0000, 648.0000,  47.0000, -654.0000, 642.0000,  0, 153, 153
L 19.0000, -658.0000, 634.0000,  44.0000, -658.0000, 648.0000,  0, 153, 153
L 17.0000, -660.0000, 644.0000,  19.0000, -658.0000, 634.0000,  0, 153, 153
L 18.0000, -671.0000, 634.0000,  17.0000, -660.0000, 644.0000,  0, 153, 153
L 25.0000, -671.0000, 634.0000,  18.0000, -671.0000, 634.0000,  0, 153, 153
L 53.0000, -671.0000, 634.0000,  25.0000, -671.0000, 634.0000,  0, 153, 153
L 60.0000, -671.0000, 634.0000,  53.0000, -671.0000, 634.0000,  0, 153, 153
L 61.0000, -670.0000, 634.0000,  60.0000, -671.0000, 634.0000,  0, 153, 153
L 61.0000, -662.0000, 634.0000,  61.0000, -670.0000, 634.0000,  0, 153, 153
L 87.0000, -662.0000, 634.0000,  61.0000, -662.0000, 634.0000,  0, 153, 153
L 87.0000, -684.0000, 634.0000,  87.0000, -662.0000, 634.0000,  0, 153, 153
L 83.0000, -688.0000, 634.0000,  87.0000, -684.0000, 634.0000,  0, 153, 153
L 61.0000, -688.0000, 634.0000,  83.0000, -688.0000, 634.0000,  0, 153, 153
L 61.0000, -680.0000, 634.0000,  61.0000, -688.0000, 634.0000,  0, 153, 153
L 60.0000, -678.0000, 634.0000,  61.0000, -680.0000, 634.0000,  0, 153, 153
L 53.0000, -678.0000, 634.0000,  60.0000, -678.0000, 634.0000,  0, 153, 153
L 25.0000, -678.0000, 634.0000,  53.0000, -678.0000, 634.0000,  0, 153, 153
L 18.0000, -678.0000, 634.0000,  25.0000, -678.0000, 634.0000,  0, 153, 153
L 17.0000, -680.0000, 643.0000,  18.0000, -678.0000, 634.0000,  0, 153, 153
L 8.0000, -688.0000, 639.0000,  17.0000, -680.0000, 643.0000,  0, 153, 153
L 7.0000, -696.0000, 694.0000,  8.0000, -688.0000, 639.0000,  0, 153, 153
L 7.0000, -704.0000, 694.0000,  7.0000, -696.0000, 694.0000,  0, 153, 153
L 3.0000, -708.0000, 694.0000,  7.0000, -704.0000, 694.0000,  0, 153, 153
L -2.0000, -710.0000, 694.0000,  3.0000, -708.0000, 694.0000,  0, 153, 153
L -2.0000, -710.0000, 694.0000,  -2.0000, -710.0000, 694.0000,  0, 153, 153
L -2.0000, -739.0000, 634.0000,  -2.0000, -710.0000, 694.0000,  0, 153, 153
L -2.0000, -745.0000, 634.0000,  -2.0000, -739.0000, 634.0000,  0, 153, 153
L 8.0000, -747.0000, 634.0000,  -2.0000, -745.0000, 634.0000,  0, 153, 153
L 12.0000, -751.0000, 634.0000,  8.0000, -747.0000, 634.0000,  0, 153, 153
L 12.0000, -777.0000, 634.0000,  12.0000, -751.0000, 634.0000,  0, 153, 153
L 8.0000, -783.0000, 634.0000,  12.0000, -777.0000, 634.0000,  0, 153, 153
L -19.0000, -783.0000, 634.0000,  8.0000, -783.0000, 634.0000,  0, 153, 153
L -23.0000, -779.0000, 634.0000,  -19.0000, -783.0000, 634.0000,  0, 153, 153
L -23.0000, -751.0000, 634.0000,  -23.0000, -779.0000, 634.0000,  0, 153, 153
L -18.0000, -747.0000, 634.0000,  -23.0000, -751.0000, 634.0000,  0, 153, 153
L -8.0000, -745.0000, 634.0000,  -18.0000, -747.0000, 634.0000,  0, 153, 153
L -8.0000, -739.0000, 634.0000,  -8.0000, -745.0000, 634.0000,  0, 153, 153
L -8.0000, -710.0000, 694.0000,  -8.0000, -739.0000, 634.0000,  0, 153, 153
L -10.0000, -708.0000, 694.0000,  -8.0000, -710.0000, 694.0000,  0, 153, 153
L -14.0000, -708.0000, 694.0000,  -10.0000, -708.0000, 694.0000,  0, 153, 153
L -18.0000, -704.0000, 694.0000,  -14.0000, -708.0000, 694.0000,  0, 153, 153
L -18.0000, -696.0000, 694.0000,  -18.0000, -704.0000, 694.0000,  0, 153, 153
L -19.0000, -688.0000, 637.0000,  -18.0000, -696.0000, 694.0000,  0, 153, 153
L -29.0000, -678.0000, 634.0000,  -19.0000, -688.0000, 637.0000,  0, 153, 153
L -36.0000, -678.0000, 634.0000,  -29.0000, -678.0000, 634.0000,  0, 153, 153
L -64.0000, -678.0000, 634.0000,  -36.0000, -678.0000, 634.0000,  0, 153, 153
L -71.0000, -678.0000, 634.0000,  -64.0000, -678.0000, 634.0000,  0, 153, 153
L -72.0000, -684.0000, 634.0000,  -71.0000, -678.0000, 634.0000,  0, 153, 153
L -72.0000, -696.0000, 634.0000,  -72.0000, -684.0000, 634.0000,  0, 153, 153
L -74.0000, -698.0000, 634.0000,  -72.0000, -696.0000, 634.0000,  0, 153, 153
L -92.0000, -698.0000, 634.0000,  -74.0000, -698.0000, 634.0000,  0, 153, 153
L -98.0000, -698.0000, 634.0000,  -92.0000, -698.0000, 634.0000,  0, 153, 153
L -116.0000, -698.0000, 634.0000,  -98.0000, -698.0000, 634.0000,  0, 153, 153
L -118.0000, -696.0000, 634.0000,  -116.0000, -698.0000, 634.0000,  0, 153, 153
L -118.0000, -678.0000, 634.0000,  -118.0000, -696.0000, 634.0000,  0, 153, 153
L -118.0000, -672.0000, 634.0000,  -118.0000, -678.0000, 634.0000,  0, 153, 153
L -118.0000, -654.0000, 634.0000,  -118.0000, -672.0000, 634.0000,  0, 153, 153
L -116.0000, -652.0000, 634.0000,  -118.0000, -654.0000, 634.0000,  0, 153, 153
L -98.0000, -652.0000, 634.0000,  -116.0000, -652.0000, 634.0000,  0, 153, 153
L -92.0000, -652.0000, 634.0000,  -98.0000, -652.0000, 634.0000,  0, 153, 153
L -74.0000, -652.0000, 634.0000,  -92.0000, -652.0000, 634.0000,  0, 153, 153
L -72.0000, -654.0000, 634.0000,  -74.0000, -652.0000, 634.0000,  0, 153, 153
L -72.0000, -666.0000, 634.0000,  -72.0000, -654.0000, 634.0000,  0, 153, 153
L -71.0000, -672.0000, 634.0000,  -72.0000, -666.0000, 634.0000,  0, 153, 153
L -64.0000, -671.0000, 634.0000,  -71.0000, -672.0000, 634.0000,  0, 153, 153
L -36.0000, -671.0000, 634.0000,  -64.0000, -671.0000, 634.0000,  0, 153, 153
L -34.0000, -673.0000, 634.0000,  -36.0000, -671.0000, 634.0000,  0, 153, 153
L -31.0000, -673.0000, 634.0000,  -34.0000, -673.0000, 634.0000,  0, 153, 153
L -29.0000, -671.0000, 634.0000,  -31.0000, -673.0000, 634.0000,  0, 153, 153
L -28.0000, -669.0000, 644.0000,  -29.0000, -671.0000, 634.0000,  0, 153, 153
L -28.0000, -660.0000, 644.0000,  -28.0000, -669.0000, 644.0000,  0, 153, 153
L -30.0000, -658.0000, 634.0000,  -28.0000, -660.0000, 644.0000,  0, 153, 153
L -55.0000, -658.0000, 647.0000,  -30.0000, -658.0000, 634.0000,  0, 153, 153
L -58.0000, -654.0000, 644.0000,  -55.0000, -658.0000, 647.0000,  0, 153, 153
L -58.0000, -610.0000, 634.0000,  -58.0000, -654.0000, 644.0000,  0, 153, 153
L -60.0000, -608.0000, 634.0000,  -58.0000, -610.0000, 634.0000,  0, 153, 153
L -68.0000, -608.0000, 634.0000,  -60.0000, -608.0000, 634.0000,  0, 153, 153
L -70.0000, -607.0000, 634.0000,  -68.0000, -608.0000, 634.0000,  102, 102, 102
L -75.0000, -607.0000, 634.0000,  -70.0000, -607.0000, 634.0000,  102, 102, 102
L -77.0000, -608.0000, 634.0000,  -75.0000, -607.0000, 634.0000,  102, 102, 102
L -110.0000, -608.0000, 534.0000,  -77.0000, -608.0000, 634.0000,  102, 102, 102
L -112.0000, -610.0000, 534.0000,  -110.0000, -608.0000, 534.0000,  102, 102, 102
L -112.0000, -620.0000, 484.0000,  -112.0000, -610.0000, 534.0000,  102, 102, 102
L -110.0000, -622.0000, 484.0000,  -112.0000, -620.0000, 484.0000,  102, 102, 102
L -62.0000, -622.0000, 384.0000,  -110.0000, -622.0000, 484.0000,  102, 102, 102
L -60.0000, -623.0000, 384.0000,  -62.0000, -622.0000, 384.0000,  102, 102, 102
L -55.0000, -623.0000, 384.0000,  -60.0000, -623.0000, 384.0000,  102, 102, 102
L -53.0000, -621.0000, 384.0000,  -55.0000, -623.0000, 384.0000,  102, 102, 102
L -53.0000, -589.0000, 384.0000,  -53.0000, -621.0000, 384.0000,  102, 102, 102
L -55.0000, -587.0000, 384.0000,  -53.0000, -589.0000, 384.0000,  102, 102, 102
L -60.0000, -587.0000, 384.0000,  -55.0000, -587.0000, 384.0000,  102, 102, 102
L -60.0000, -587.0000, 384.0000,  -60.0000, -587.0000, 384.0000,  102, 102, 102
L -62.0000, -588.0000, 384.0000,  -60.0000, -587.0000, 384.0000,  102, 102, 102
L -92.0000, -588.0000, 384.0000,  -62.0000, -588.0000, 384.0000,  102, 102, 102
L -130.0000, -588.0000, 194.0000,  -92.0000, -588.0000, 384.0000,  255, 255, 255
L -132.0000, -590.0000, 184.0000,  -130.0000, -588.0000, 194.0000,  255, 255, 255
L -132.0000, -600.0000, 144.0000,  -132.0000, -590.0000, 184.0000,  255, 255, 255
L -130.0000, -602.0000, 134.0000,  -132.0000, -600.0000, 144.0000,  255, 255, 255
L -112.0000, -602.0000, 84.0000,  -130.0000, -602.0000, 134.0000,  255, 255, 255
L -111.0000, -602.0000, 84.0000,  -112.0000, -602.0000, 84.0000,  255, 255, 255
L -104.0000, -603.0000, 84.0000,  -111.0000, -602.0000, 84.0000,  255, 255, 255
L -103.0000, -601.0000, 84.0000,  -104.0000, -603.0000, 84.0000,  255, 255, 255
L -86.0000, -597.0000, 84.0000,  -103.0000, -601.0000, 84.0000,  255, 255, 255
L -80.0000, -598.0000, 84.0000,  -86.0000, -597.0000, 84.0000,  255, 255, 255
L -78.0000, -596.0000, 84.0000,  -80.0000, -598.0000, 84.0000,  255, 255, 255
L -78.0000, -576.0000, 88.0000,  -78.0000, -596.0000, 84.0000,  255, 255, 255
L -78.0000, -569.0000, 91.0000,  -78.0000, -576.0000, 88.0000,  255, 255, 255
L -79.0000, -568.0000, 89.0000,  -78.0000, -569.0000, 91.0000,  255, 255, 255
L -86.0000, -568.0000, 90.0000,  -79.0000, -568.0000, 89.0000,  255, 255, 255
L -199.0000, -568.0000, 88.0000,  -86.0000, -568.0000, 90.0000,  255, 255, 255
L -203.0000, -564.0000, 92.0000,  -199.0000, -568.0000, 88.0000,  255, 255, 255
L -205.0000, -563.0000, 84.0000,  -203.0000, -564.0000, 92.0000,  255, 255, 255
L -239.0000, -563.0000, 179.0000,  -205.0000, -563.0000, 84.0000,  255, 255, 255
L -258.0000, -544.0000, 184.0000,  -239.0000, -563.0000, 179.0000,  255, 255, 255
L -258.0000, -316.0000, 184.0000,  -258.0000, -544.0000, 184.0000,  255, 255, 255
L -239.0000, -297.0000, 184.0000,  -258.0000, -316.0000, 184.0000,  255, 255, 255
L -150.0000, -297.0000, 184.0000,  -239.0000, -297.0000, 184.0000,  255, 255, 255
L 139.0000, -297.0000, 184.0000,  -150.0000, -297.0000, 184.0000,  153, 0, 0
L 238.0000, -297.0000, 184.0000,  139.0000, -297.0000, 184.0000,  255, 255, 255
L 257.0000, -316.0000, 184.0000,  238.0000, -297.0000, 184.0000,  255, 255, 255
L 257.0000, -544.0000, 184.0000,  257.0000, -316.0000, 184.0000,  255, 255, 255
L 238.0000, -563.0000, 179.0000,  257.0000, -544.0000, 184.0000,  255, 255, 255
L 203.0000, -563.0000, 84.0000,  238.0000, -563.0000, 179.0000,  255, 255, 255
L 202.0000, -564.0000, 91.0000,  203.0000, -563.0000, 84.0000,  255, 255, 255
L 198.0000, -568.0000, 89.0000,  202.0000, -564.0000, 91.0000,  255, 255, 255
L 75.0000, -568.0000, 84.0000,  198.0000, -568.0000, 89.0000,  255, 255, 255
L 68.0000, -568.0000, 91.0000,  75.0000, -568.0000, 84.0000,  255, 255, 255
L 67.0000, -569.0000, 90.0000,  68.0000, -568.0000, 91.0000,  255, 255, 255
L 67.0000, -576.0000, 88.0000,  67.0000, -569.0000, 90.0000,  255, 255, 255
L 67.0000, -584.0000, 91.0000,  67.0000, -576.0000, 88.0000,  255, 255, 255
L 2.0000, -513.0000, 84.0000,  2.0000, -512.0000, 84.0000,  255, 255, 255
L 0.0000, -513.0000, 84.0000,  2.0000, -513.0000, 84.0000,  255, 255, 255
L -2.0000, -515.0000, 84.0000,  0.0000, -513.0000, 84.0000,  255, 255, 255
L -2.0000, -545.0000, 84.0000,  -2.0000, -515.0000, 84.0000,  255, 255, 255
L 0.0000, -547.0000, 84.0000,  -2.0000, -545.0000, 84.0000,  255, 255, 255
L 3.0000, -547.0000, 89.0000,  0.0000, -547.0000, 84.0000,  255, 255, 255
L 63.0000, -547.0000, 89.0000,  3.0000, -547.0000, 89.0000,  255, 255, 255
L 67.0000, -550.0000, 90.0000,  63.0000, -547.0000, 89.0000,  255, 255, 255
L 68.0000, -552.0000, 90.0000,  67.0000, -550.0000, 90.0000,  255, 255, 255
L 75.0000, -552.0000, 84.0000,  68.0000, -552.0000, 90.0000,  255, 255, 255
L 198.0000, -552.0000, 90.0000,  75.0000, -552.0000, 84.0000,  255, 255, 255
L 202.0000, -555.0000, 91.0000,  198.0000, -552.0000, 90.0000,  255, 255, 255
L 204.0000, -557.0000, 84.0000,  202.0000, -555.0000, 91.0000,  255, 255, 255
L 239.0000, -557.0000, 184.0000,  204.0000, -557.0000, 84.0000,  255, 255, 255
L 251.0000, -545.0000, 184.0000,  239.0000, -557.0000, 184.0000,  255, 255, 255
L 251.0000, -315.0000, 184.0000,  251.0000, -545.0000, 184.0000,  255, 255, 255
L 239.0000, -303.0000, 184.0000,  251.0000, -315.0000, 184.0000,  255, 255, 255
L 139.0000, -303.0000, 184.0000,  239.0000, -303.0000, 184.0000,  255, 255, 255
L -150.0000, -303.0000, 184.0000,  139.0000, -303.0000, 184.0000,  153, 0, 0
L -240.0000, -303.0000, 184.0000,  -150.0000, -303.0000, 184.0000,  255, 255, 255
L -252.0000, -315.0000, 184.0000,  -240.0000, -303.0000, 184.0000,  255, 255, 255
L -252.0000, -545.0000, 184.0000,  -252.0000, -315.0000, 184.0000,  255, 255, 255
L -240.0000, -557.0000, 183.0000,  -252.0000, -545.0000, 184.0000,  255, 255, 255
L -205.0000, -557.0000, 84.0000,  -240.0000, -557.0000, 183.0000,  255, 255, 255
L -203.0000, -556.0000, 90.0000,  -205.0000, -557.0000, 84.0000,  255, 255, 255
L -199.0000, -552.0000, 88.0000,  -203.0000, -556.0000, 90.0000,  255, 255, 255
L -86.0000, -552.0000, 88.0000,  -199.0000, -552.0000, 88.0000,  255, 255, 255
L -79.0000, -552.0000, 90.0000,  -86.0000, -552.0000, 88.0000,  255, 255, 255
L -78.0000, -550.0000, 91.0000,  -79.0000, -552.0000, 90.0000,  255, 255, 255
L -74.0000, -547.0000, 84.0000,  -78.0000, -550.0000, 91.0000,  255, 255, 255
L -10.0000, -547.0000, 84.0000,  -74.0000, -547.0000, 84.0000,  255, 255, 255
L -8.0000, -545.0000, 84.0000,  -10.0000, -547.0000, 84.0000,  255, 255, 255
L -9.0000, -513.0000, 84.0000,  -8.0000, -545.0000, 84.0000,  255, 255, 255
L -13.0000, -513.0000, 84.0000,  -9.0000, -513.0000, 84.0000,  255, 255, 255
L -13.0000, -512.0000, 84.0000,  -13.0000, -513.0000, 84.0000,  255, 255, 255
L -2.0000, -360.0000, 84.0000,  -1.0000, -505.0000, 84.0000,  153, 0, 0
L -8.0000, -360.0000, 84.0000,  -9.0000, -505.0000, 84.0000,  153, 0, 0
L -22.0000, -360.0000, 34.0000,  -16.0000, -353.0000, 61.0000,  255, 255, 255
L -17.0000, -366.0000, 34.0000,  -22.0000, -360.0000, 34.0000,  255, 255, 255
L -17.0000, -384.0000, 34.0000,  -17.0000, -366.0000, 34.0000,  255, 255, 255
L -22.0000, -390.0000, 24.0000,  -17.0000, -384.0000, 34.0000,  255, 255, 255
L -17.0000, -396.0000, 24.0000,  -22.0000, -390.0000, 24.0000,  255, 255, 255
L -17.0000, -414.0000, 24.0000,  -17.0000, -396.0000, 24.0000,  255, 255, 255
L -22.0000, -420.0000, 24.0000,  -17.0000, -414.0000, 24.0000,  255, 255, 255
L -17.0000, -426.0000, 24.0000,  -22.0000, -420.0000, 24.0000,  255, 255, 255
L -17.0000, -444.0000, 24.0000,  -17.0000, -426.0000, 24.0000,  255, 255, 255
L -22.0000, -450.0000, 24.0000,  -17.0000, -444.0000, 24.0000,  255, 255, 255
L -17.0000, -456.0000, 24.0000,  -22.0000, -450.0000, 24.0000,  255, 255, 255
L -17.0000, -474.0000, 24.0000,  -17.0000, -456.0000, 24.0000,  255, 255, 255
L -22.0000, -480.0000, 24.0000,  -17.0000, -474.0000, 24.0000,  255, 255, 255
L -17.0000, -486.0000, 25.0000,  -22.0000, -480.0000, 24.0000,  255, 255, 255
L -17.0000, -501.0000, 34.0000,  -17.0000, -486.0000, 25.0000,  255, 255, 255
L -22.0000, -503.0000, 34.0000,  -17.0000, -501.0000, 34.0000,  255, 255, 255
L -78.0000, -503.0000, 34.0000,  -22.0000, -503.0000, 34.0000,  255, 255, 255
L -78.0000, -494.0000, 34.0000,  -78.0000, -503.0000, 34.0000,  255, 255, 255
L -99.0000, -473.0000, 34.0000,  -78.0000, -494.0000, 34.0000,  255, 255, 255
L -131.0000, -473.0000, 34.0000,  -99.0000, -473.0000, 34.0000,  255, 255, 255
L -152.0000, -494.0000, 34.0000,  -131.0000, -473.0000, 34.0000,  255, 255, 255
L -152.0000, -523.0000, 34.0000,  -152.0000, -494.0000, 34.0000,  255, 255, 255
L -199.0000, -523.0000, 34.0000,  -152.0000, -523.0000, 34.0000,  255, 255, 255
L -238.0000, -479.0000, 24.0000,  -199.0000, -523.0000, 34.0000,  255, 255, 255
L -238.0000, -426.0000, 24.0000,  -238.0000, -479.0000, 24.0000,  255, 255, 255
L -194.0000, -397.0000, 24.0000,  -238.0000, -426.0000, 24.0000,  255, 255, 255
L -186.0000, -394.0000, 24.0000,  -194.0000, -397.0000, 24.0000,  255, 255, 255
L -185.0000, -395.0000, 24.0000,  -186.0000, -394.0000, 24.0000,  255, 255, 255
L -182.0000, -397.0000, 24.0000,  -185.0000, -395.0000, 24.0000,  255, 255, 255
L -171.0000, -398.0000, 24.0000,  -182.0000, -397.0000, 24.0000,  255, 255, 255
L -154.0000, -399.0000, 24.0000,  -171.0000, -398.0000, 24.0000,  255, 255, 255
L -141.0000, -398.0000, 24.0000,  -154.0000, -399.0000, 24.0000,  255, 255, 255
L -137.0000, -396.0000, 24.0000,  -141.0000, -398.0000, 24.0000,  255, 255, 255
L -132.0000, -390.0000, 24.0000,  -137.0000, -396.0000, 24.0000,  255, 255, 255
L -130.0000, -381.0000, 34.0000,  -132.0000, -390.0000, 24.0000,  255, 255, 255
L -133.0000, -371.0000, 34.0000,  -130.0000, -381.0000, 34.0000,  255, 255, 255
L -137.0000, -366.0000, 34.0000,  -133.0000, -371.0000, 34.0000,  255, 255, 255
L -145.0000, -360.0000, 34.0000,  -137.0000, -366.0000, 34.0000,  255, 255, 255
L -138.0000, -345.0000, 34.0000,  -145.0000, -360.0000, 34.0000,  255, 255, 255
L -148.0000, -315.0000, 34.0000,  -138.0000, -345.0000, 34.0000,  255, 255, 255
L -144.0000, -312.0000, 34.0000,  -148.0000, -315.0000, 34.0000,  255, 255, 255
L -126.0000, -312.0000, 34.0000,  -144.0000, -312.0000, 34.0000,  255, 255, 255
L -120.0000, -317.0000, 34.0000,  -126.0000, -312.0000, 34.0000,  255, 255, 255
L -114.0000, -312.0000, 34.0000,  -120.0000, -317.0000, 34.0000,  255, 255, 255
L -96.0000, -312.0000, 34.0000,  -114.0000, -312.0000, 34.0000,  255, 255, 255
L -90.0000, -317.0000, 34.0000,  -96.0000, -312.0000, 34.0000,  255, 255, 255
L -84.0000, -312.0000, 34.0000,  -90.0000, -317.0000, 34.0000,  255, 255, 255
L -66.0000, -312.0000, 34.0000,  -84.0000, -312.0000, 34.0000,  255, 255, 255
L -60.0000, -317.0000, 34.0000,  -66.0000, -312.0000, 34.0000,  255, 255, 255
L -54.0000, -312.0000, 34.0000,  -60.0000, -317.0000, 34.0000,  255, 255, 255
L -36.0000, -312.0000, 34.0000,  -54.0000, -312.0000, 34.0000,  255, 255, 255
L -30.0000, -317.0000, 34.0000,  -36.0000, -312.0000, 34.0000,  255, 255, 255
L -24.0000, -312.0000, 34.0000,  -30.0000, -317.0000, 34.0000,  255, 255, 255
L -18.0000, -312.0000, 34.0000,  -24.0000, -312.0000, 34.0000,  255, 255, 255
L -18.0000, -288.0000, 34.0000,  -18.0000, -312.0000, 34.0000,  255, 255, 255
L -24.0000, -288.0000, 34.0000,  -18.0000, -288.0000, 34.0000,  255, 255, 255
L -30.0000, -283.0000, 34.0000,  -24.0000, -288.0000, 34.0000,  255, 255, 255
L -36.0000, -288.0000, 34.0000,  -30.0000, -283.0000, 34.0000,  255, 255, 255
L -54.0000, -288.0000, 34.0000,  -36.0000, -288.0000, 34.0000,  255, 255, 255
L -60.0000, -283.0000, 34.0000,  -54.0000, -288.0000, 34.0000,  255, 255, 255
L -66.0000, -288.0000, 34.0000,  -60.0000, -283.0000, 34.0000,  255, 255, 255
L -84.0000, -288.0000, 34.0000,  -66.0000, -288.0000, 34.0000,  255, 255, 255
L -90.0000, -283.0000, 34.0000,  -84.0000, -288.0000, 34.0000,  255, 255, 255
L -96.0000, -288.0000, 34.0000,  -90.0000, -283.0000, 34.0000,  255, 255, 255
L -114.0000, -288.0000, 34.0000,  -96.0000, -288.0000, 34.0000,  255, 255, 255
L -120.0000, -283.0000, 34.0000,  -114.0000, -288.0000, 34.0000,  255, 255, 255
L -126.0000, -288.0000, 34.0000,  -120.0000, -283.0000, 34.0000,  255, 255, 255
L -144.0000, -288.0000, 34.0000,  -126.0000, -288.0000, 34.0000,  255, 255, 255
L -147.0000, -285.0000, 34.0000,  -144.0000, -288.0000, 34.0000,  255, 255, 255
L -139.0000, -276.0000, 34.0000,  -147.0000, -285.0000, 34.0000,  255, 255, 255
L -119.0000, -266.0000, 34.0000,  -139.0000, -276.0000, 34.0000,  255, 255, 255
L -109.0000, -256.0000, 34.0000,  -119.0000, -266.0000, 34.0000,  255, 255, 255
L -89.0000, -247.0000, 34.0000,  -109.0000, -256.0000, 34.0000,  255, 255, 255
L -79.0000, -236.0000, 34.0000,  -89.0000, -247.0000, 34.0000,  255, 255, 255
L -58.0000, -226.0000, 34.0000,  -79.0000, -236.0000, 34.0000,  255, 255, 255
L -58.0000, -216.0000, 34.0000,  -58.0000, -226.0000, 34.0000,  255, 255, 255
L -38.0000, -206.0000, 34.0000,  -58.0000, -216.0000, 34.0000,  255, 255, 255
L -28.0000, -196.0000, 34.0000,  -38.0000, -206.0000, 34.0000,  255, 255, 255
L -23.0000, -181.0000, 34.0000,  -28.0000, -196.0000, 34.0000,  255, 255, 255
L -18.0000, -176.0000, 34.0000,  -23.0000, -181.0000, 34.0000,  255, 255, 255
L -18.0000, -157.0000, 34.0000,  -18.0000, -176.0000, 34.0000,  255, 255, 255
L 11.0000, -360.0000, 34.0000,  4.0000, -353.0000, 67.0000,  255, 255, 255
L 6.0000, -366.0000, 34.0000,  11.0000, -360.0000, 34.0000,  255, 255, 255
L 6.0000, -384.0000, 34.0000,  6.0000, -366.0000, 34.0000,  255, 255, 255
L 11.0000, -391.0000, 24.0000,  6.0000, -384.0000, 34.0000,  255, 255, 255
L 6.0000, -396.0000, 24.0000,  11.0000, -391.0000, 24.0000,  255, 255, 255
L 6.0000, -414.0000, 24.0000,  6.0000, -396.0000, 24.0000,  255, 255, 255
L 11.0000, -419.0000, 24.0000,  6.0000, -414.0000, 24.0000,  255, 255, 255
L 6.0000, -426.0000, 24.0000,  11.0000, -419.0000, 24.0000,  255, 255, 255
L 6.0000, -444.0000, 24.0000,  6.0000, -426.0000, 24.0000,  255, 255, 255
L 11.0000, -450.0000, 24.0000,  6.0000, -444.0000, 24.0000,  255, 255, 255
L 6.0000, -456.0000, 24.0000,  11.0000, -450.0000, 24.0000,  255, 255, 255
L 6.0000, -474.0000, 24.0000,  6.0000, -456.0000, 24.0000,  255, 255, 255
L 11.0000, -480.0000, 24.0000,  6.0000, -474.0000, 24.0000,  255, 255, 255
L 6.0000, -486.0000, 34.0000,  11.0000, -480.0000, 24.0000,  255, 255, 255
L 6.0000, -501.0000, 34.0000,  6.0000, -486.0000, 34.0000,  255, 255, 255
L 9.0000, -501.0000, 34.0000,  6.0000, -501.0000, 34.0000,  255, 255, 255
L 11.0000, -503.0000, 34.0000,  9.0000, -501.0000, 34.0000,  255, 255, 255
L 67.0000, -503.0000, 34.0000,  11.0000, -503.0000, 34.0000,  255, 255, 255
L 67.0000, -494.0000, 34.0000,  67.0000, -503.0000, 34.0000,  255, 255, 255
L 88.0000, -473.0000, 34.0000,  67.0000, -494.0000, 34.0000,  255, 255, 255
L 120.0000, -473.0000, 34.0000,  88.0000, -473.0000, 34.0000,  255, 255, 255
L 141.0000, -494.0000, 34.0000,  120.0000, -473.0000, 34.0000,  255, 255, 255
L 141.0000, -523.0000, 34.0000,  141.0000, -494.0000, 34.0000,  255, 255, 255
L 159.0000, -523.0000, 31.0000,  141.0000, -523.0000, 34.0000,  255, 255, 255
L 198.0000, -523.0000, 24.0000,  159.0000, -523.0000, 31.0000,  255, 255, 255
L 217.0000, -499.0000, 24.0000,  198.0000, -523.0000, 24.0000,  255, 255, 255
L 232.0000, -460.0000, 24.0000,  217.0000, -499.0000, 24.0000,  255, 255, 255
L 222.0000, -406.0000, 24.0000,  232.0000, -460.0000, 24.0000,  255, 255, 255
L 197.0000, -396.0000, 24.0000,  222.0000, -406.0000, 24.0000,  255, 255, 255
L 158.0000, -371.0000, 34.0000,  197.0000, -396.0000, 24.0000,  255, 255, 255
L 137.0000, -344.0000, 34.0000,  158.0000, -371.0000, 34.0000,  255, 255, 255
L 147.0000, -335.0000, 34.0000,  137.0000, -344.0000, 34.0000,  255, 255, 255
L 137.0000, -316.0000, 34.0000,  147.0000, -335.0000, 34.0000,  255, 255, 255
L 133.0000, -312.0000, 34.0000,  137.0000, -316.0000, 34.0000,  255, 255, 255
L 115.0000, -312.0000, 34.0000,  133.0000, -312.0000, 34.0000,  255, 255, 255
L 109.0000, -317.0000, 34.0000,  115.0000, -312.0000, 34.0000,  255, 255, 255
L 103.0000, -312.0000, 34.0000,  109.0000, -317.0000, 34.0000,  255, 255, 255
L 85.0000, -312.0000, 34.0000,  103.0000, -312.0000, 34.0000,  255, 255, 255
L 79.0000, -317.0000, 34.0000,  85.0000, -312.0000, 34.0000,  255, 255, 255
L 73.0000, -312.0000, 34.0000,  79.0000, -317.0000, 34.0000,  255, 255, 255
L 55.0000, -312.0000, 34.0000,  73.0000, -312.0000, 34.0000,  255, 255, 255
L 49.0000, -317.0000, 34.0000,  55.0000, -312.0000, 34.0000,  255, 255, 255
L 43.0000, -312.0000, 34.0000,  49.0000, -317.0000, 34.0000,  255, 255, 255
L 25.0000, -312.0000, 34.0000,  43.0000, -312.0000, 34.0000,  255, 255, 255
L 20.0000, -317.0000, 34.0000,  25.0000, -312.0000, 34.0000,  255, 255, 255
L 13.0000, -312.0000, 34.0000,  20.0000, -317.0000, 34.0000,  255, 255, 255
L 8.0000, -311.0000, 34.0000,  13.0000, -312.0000, 34.0000,  255, 255, 255
L 7.0000, -288.0000, 34.0000,  8.0000, -311.0000, 34.0000,  255, 255, 255
L 13.0000, -288.0000, 34.0000,  7.0000, -288.0000, 34.0000,  255, 255, 255
L 13.0000, -288.0000, 34.0000,  13.0000, -288.0000, 34.0000,  255, 255, 255
L 18.0000, -283.0000, 34.0000,  13.0000, -288.0000, 34.0000,  255, 255, 255
L 25.0000, -288.0000, 34.0000,  18.0000, -283.0000, 34.0000,  255, 255, 255
L 43.0000, -288.0000, 34.0000,  25.0000, -288.0000, 34.0000,  255, 255, 255
L 49.0000, -283.0000, 34.0000,  43.0000, -288.0000, 34.0000,  255, 255, 255
L 55.0000, -288.0000, 34.0000,  49.0000, -283.0000, 34.0000,  255, 255, 255
L 73.0000, -288.0000, 34.0000,  55.0000, -288.0000, 34.0000,  255, 255, 255
L 79.0000, -283.0000, 34.0000,  73.0000, -288.0000, 34.0000,  255, 255, 255
L 85.0000, -288.0000, 34.0000,  79.0000, -283.0000, 34.0000,  255, 255, 255
L 103.0000, -288.0000, 34.0000,  85.0000, -288.0000, 34.0000,  255, 255, 255
L 106.0000, -284.0000, 34.0000,  103.0000, -288.0000, 34.0000,  255, 255, 255
L 115.0000, -288.0000, 34.0000,  106.0000, -284.0000, 34.0000,  255, 255, 255
L 133.0000, -288.0000, 34.0000,  115.0000, -288.0000, 34.0000,  255, 255, 255
L 137.0000, -285.0000, 34.0000,  133.0000, -288.0000, 34.0000,  255, 255, 255
L 127.0000, -266.0000, 34.0000,  137.0000, -285.0000, 34.0000,  255, 255, 255
L 97.0000, -245.0000, 34.0000,  127.0000, -266.0000, 34.0000,  255, 255, 255
L 97.0000, -236.0000, 34.0000,  97.0000, -245.0000, 34.0000,  255, 255, 255
L 79.0000, -227.0000, 34.0000,  97.0000, -236.0000, 34.0000,  255, 255, 255
L 68.0000, -216.0000, 34.0000,  79.0000, -227.0000, 34.0000,  255, 255, 255
L 49.0000, -207.0000, 34.0000,  68.0000, -216.0000, 34.0000,  255, 255, 255
L 38.0000, -207.0000, 34.0000,  49.0000, -207.0000, 34.0000,  255, 255, 255
L 28.0000, -197.0000, 34.0000,  38.0000, -207.0000, 34.0000,  255, 255, 255
L 24.0000, -197.0000, 34.0000,  28.0000, -197.0000, 34.0000,  255, 255, 255
L 13.0000, -181.0000, 34.0000,  24.0000, -197.0000, 34.0000,  255, 255, 255
L 7.0000, -175.0000, 34.0000,  13.0000, -181.0000, 34.0000,  255, 255, 255
L 7.0000, -157.0000, 34.0000,  7.0000, -175.0000, 34.0000,  255, 255, 255
L -53.0000, -133.0000, 24.0000,  -53.0000, -109.0000, 24.0000,  255, 255, 255
L -15.0000, -133.0000, 24.0000,  -53.0000, -133.0000, 24.0000,  255, 255, 255
L -13.0000, -135.0000, 24.0000,  -15.0000, -133.0000, 24.0000,  255, 255, 255
L -13.0000, -155.0000, 24.0000,  -13.0000, -135.0000, 24.0000,  255, 255, 255
L -15.0000, -157.0000, 34.0000,  -13.0000, -155.0000, 24.0000,  255, 255, 255
L -18.0000, -157.0000, 34.0000,  -15.0000, -157.0000, 34.0000,  255, 255, 255
L -37.0000, -115.0000, 24.0000,  -37.0000, -105.0000, 24.0000,  255, 255, 255
L -35.0000, -117.0000, 24.0000,  -37.0000, -115.0000, 24.0000,  255, 255, 255
L 2.0000, -117.0000, 24.0000,  -35.0000, -117.0000, 24.0000,  255, 255, 255
L 2.0000, -155.0000, 24.0000,  2.0000, -117.0000, 24.0000,  255, 255, 255
L 2.0000, -155.0000, 24.0000,  2.0000, -155.0000, 24.0000,  255, 255, 255
L 4.0000, -157.0000, 34.0000,  2.0000, -155.0000, 24.0000,  255, 255, 255
L 7.0000, -157.0000, 34.0000,  4.0000, -157.0000, 34.0000,  255, 255, 255
P 0.0000, -250.0000, 0.0000,  255, 255, 255,  2,  Succor
P -877.0000, 78.0000, 0.0000,  255, 255, 255,  2,  Great
P 77.0000, 759.0000, 0.0000,  255, 255, 255,  2,  Thurgadin
P 0.0000, -600.0000, 0.0000,  255, 0, 0,  2,  The
P 68.0000, -744.0000, 0.0000,  102, 102, 102,  2,  Barracks
P 34.0000, -750.0000, 0.0000,  255, 255, 255,  2,  Guarded
P -211.0000, -730.0000, 0.0000,  255, 0, 255,  2,  Hall
P -45.0000, -106.0000, 0.0000,  255, 255, 255,  2,  Thurgadin
