L 71.0000, -140.0000, 100.0000,  65.0000, -141.0000, 100.0000,  0, 0, 0
L 72.0000, -134.0000, 100.0000,  71.0000, -140.0000, 100.0000,  0, 0, 0
L 71.0000, -134.0000, 100.0000,  72.0000, -134.0000, 100.0000,  0, 0, 0
L 71.0000, -125.0000, 100.0000,  71.0000, -134.0000, 100.0000,  0, 0, 0
L 57.0000, -124.0000, 100.0000,  71.0000, -125.0000, 100.0000,  0, 0, 0
L 56.0000, -110.0000, 100.0000,  57.0000, -124.0000, 100.0000,  0, 0, 0
L 51.0000, -110.0000, 100.0000,  56.0000, -110.0000, 100.0000,  0, 0, 0
L 51.0000, -108.0000, 100.0000,  51.0000, -110.0000, 100.0000,  0, 0, 0
L 47.0000, -108.0000, 100.0000,  51.0000, -108.0000, 100.0000,  0, 0, 0
L 46.0000, -110.0000, 100.0000,  47.0000, -108.0000, 100.0000,  0, 0, 0
L 40.0000, -111.0000, 100.0000,  46.0000, -110.0000, 100.0000,  0, 0, 0
L 40.0000, -124.0000, 100.0000,  40.0000, -111.0000, 100.0000,  0, 0, 0
L 15.0000, -124.0000, 100.0000,  40.0000, -124.0000, 100.0000,  0, 0, 0
L 15.0000, -99.0000, 100.0000,  15.0000, -124.0000, 100.0000,  0, 0, 0
L 46.0000, -99.0000, 100.0000,  15.0000, -99.0000, 100.0000,  0, 0, 0
L 47.0000, -101.0000, 100.0000,  46.0000, -99.0000, 100.0000,  0, 0, 0
L 51.0000, -101.0000, 100.0000,  47.0000, -101.0000, 100.0000,  0, 0, 0
L 51.0000, -99.0000, 100.0000,  51.0000, -101.0000, 100.0000,  0, 0, 0
L 57.0000, -98.0000, 100.0000,  51.0000, -99.0000, 100.0000,  0, 0, 0
L 57.0000, -82.0000, 100.0000,  57.0000, -98.0000, 100.0000,  0, 0, 0
L 51.0000, -82.0000, 100.0000,  57.0000, -82.0000, 100.0000,  0, 0, 0
L 50.0000, -80.0000, 100.0000,  51.0000, -82.0000, 100.0000,  0, 0, 0
L 46.0000, -81.0000, 100.0000,  50.0000, -80.0000, 100.0000,  0, 0, 0
L 46.0000, -82.0000, 100.0000,  46.0000, -81.0000, 100.0000,  0, 0, 0
L 15.0000, -82.0000, 100.0000,  46.0000, -82.0000, 100.0000,  0, 0, 0
L 15.0000, -57.0000, 100.0000,  15.0000, -82.0000, 100.0000,  0, 0, 0
L 40.0000, -57.0000, 100.0000,  15.0000, -57.0000, 100.0000,  0, 0, 0
L 41.0000, -71.0000, 100.0000,  40.0000, -57.0000, 100.0000,  0, 0, 0
L 46.0000, -71.0000, 100.0000,  41.0000, -71.0000, 100.0000,  0, 0, 0
L 46.0000, -73.0000, 100.0000,  46.0000, -71.0000, 100.0000,  0, 0, 0
L 51.0000, -72.0000, 100.0000,  46.0000, -73.0000, 100.0000,  0, 0, 0
L 51.0000, -71.0000, 100.0000,  51.0000, -72.0000, 100.0000,  0, 0, 0
L 57.0000, -71.0000, 100.0000,  51.0000, -71.0000, 100.0000,  0, 0, 0
L 57.0000, -57.0000, 100.0000,  57.0000, -71.0000, 100.0000,  0, 0, 0
L 70.0000, -57.0000, 100.0000,  57.0000, -57.0000, 100.0000,  0, 0, 0
L 71.0000, -55.0000, 100.0000,  70.0000, -57.0000, 100.0000,  0, 0, 0
L 73.0000, -53.0000, 100.0000,  71.0000, -55.0000, 100.0000,  0, 0, 0
L 73.0000, -51.0000, 100.0000,  73.0000, -53.0000, 100.0000,  0, 0, 0
L 71.0000, -50.0000, 100.0000,  73.0000, -51.0000, 100.0000,  0, 0, 0
L 71.0000, -40.0000, 100.0000,  71.0000, -50.0000, 100.0000,  0, 0, 0
L 56.0000, -26.0000, 100.0000,  71.0000, -40.0000, 100.0000,  0, 0, 0
L 41.0000, -26.0000, 100.0000,  56.0000, -26.0000, 100.0000,  0, 0, 0
L 40.0000, -40.0000, 100.0000,  41.0000, -26.0000, 100.0000,  0, 0, 0
L -12.0000, -40.0000, 100.0000,  40.0000, -40.0000, 100.0000,  0, 0, 0
L -12.0000, -1.0000, 100.0000,  -12.0000, -40.0000, 100.0000,  0, 0, 0
L 40.0000, -1.0000, 100.0000,  -12.0000, -1.0000, 100.0000,  0, 0, 0
L 40.0000, -14.0000, 100.0000,  40.0000, -1.0000, 100.0000,  0, 0, 0
L 56.0000, -15.0000, 100.0000,  40.0000, -14.0000, 100.0000,  0, 0, 0
L 71.0000, -1.0000, 100.0000,  56.0000, -15.0000, 100.0000,  0, 0, 0
L 71.0000, 14.0000, 100.0000,  71.0000, -1.0000, 100.0000,  0, 0, 0
L 57.0000, 28.0000, 100.0000,  71.0000, 14.0000, 100.0000,  0, 0, 0
L 57.0000, 57.0000, 100.0000,  57.0000, 28.0000, 100.0000,  0, 0, 0
L 26.0000, 57.0000, 100.0000,  57.0000, 57.0000, 100.0000,  0, 0, 0
L 27.0000, 40.0000, 100.0000,  26.0000, 57.0000, 100.0000,  0, 0, 0
L 40.0000, 40.0000, 100.0000,  27.0000, 40.0000, 100.0000,  0, 0, 0
L 40.0000, 15.0000, 100.0000,  40.0000, 40.0000, 100.0000,  0, 0, 0
L 1.0000, 15.0000, 100.0000,  40.0000, 15.0000, 100.0000,  0, 0, 0
L 1.0000, 40.0000, 100.0000,  1.0000, 15.0000, 100.0000,  0, 0, 0
L 15.0000, 41.0000, 100.0000,  1.0000, 40.0000, 100.0000,  0, 0, 0
L 15.0000, 70.0000, 100.0000,  15.0000, 41.0000, 100.0000,  0, 0, 0
L -28.0000, 71.0000, 100.0000,  15.0000, 70.0000, 100.0000,  0, 0, 0
L -29.0000, 41.0000, 100.0000,  -28.0000, 71.0000, 100.0000,  0, 0, 0
L -15.0000, 40.0000, 100.0000,  -29.0000, 41.0000, 100.0000,  0, 0, 0
L -15.0000, 28.0000, 100.0000,  -15.0000, 40.0000, 100.0000,  0, 0, 0
L -18.0000, 28.0000, 100.0000,  -15.0000, 28.0000, 100.0000,  0, 0, 0
L -18.0000, 15.0000, 100.0000,  -18.0000, 28.0000, 100.0000,  0, 0, 0
L -54.0000, 15.0000, 100.0000,  -18.0000, 15.0000, 100.0000,  0, 0, 0
L -54.0000, 40.0000, 100.0000,  -54.0000, 15.0000, 100.0000,  0, 0, 0
L -40.0000, 41.0000, 100.0000,  -54.0000, 40.0000, 100.0000,  0, 0, 0
L -40.0000, 82.0000, 100.0000,  -40.0000, 41.0000, 100.0000,  0, 0, 0
L -12.0000, 82.0000, 100.0000,  -40.0000, 82.0000, 100.0000,  0, 0, 0
L 28.0000, 110.0000, 100.0000,  -12.0000, 82.0000, 100.0000,  0, 0, 0
L 57.0000, 125.0000, 100.0000,  28.0000, 110.0000, 100.0000,  0, 0, 0
L 71.0000, 138.0000, 100.0000,  57.0000, 125.0000, 100.0000,  0, 0, 0
L 71.0000, 154.0000, 100.0000,  71.0000, 138.0000, 100.0000,  0, 0, 0
L 56.0000, 169.0000, 100.0000,  71.0000, 154.0000, 100.0000,  0, 0, 0
L 1.0000, 169.0000, 100.0000,  56.0000, 169.0000, 100.0000,  0, 0, 0
L -1.0000, 211.0000, 100.0000,  1.0000, 169.0000, 100.0000,  0, 0, 0
L -14.0000, 211.0000, 100.0000,  -1.0000, 211.0000, 100.0000,  0, 0, 0
L -15.0000, 197.0000, 100.0000,  -14.0000, 211.0000, 100.0000,  0, 0, 0
L -54.0000, 197.0000, 100.0000,  -15.0000, 197.0000, 100.0000,  0, 0, 0
L -54.0000, 236.0000, 100.0000,  -54.0000, 197.0000, 100.0000,  0, 0, 0
L -15.0000, 236.0000, 100.0000,  -54.0000, 236.0000, 100.0000,  0, 0, 0
L -15.0000, 222.0000, 100.0000,  -15.0000, 236.0000, 100.0000,  0, 0, 0
L 12.0000, 222.0000, 100.0000,  -15.0000, 222.0000, 100.0000,  0, 0, 0
L 13.0000, 180.0000, 100.0000,  12.0000, 222.0000, 100.0000,  0, 0, 0
L 56.0000, 180.0000, 100.0000,  13.0000, 180.0000, 100.0000,  0, 0, 0
L 71.0000, 195.0000, 100.0000,  56.0000, 180.0000, 100.0000,  0, 0, 0
L 71.0000, 200.0000, 100.0000,  71.0000, 195.0000, 100.0000,  0, 0, 0
L 72.0000, 200.0000, 100.0000,  71.0000, 200.0000, 100.0000,  0, 0, 0
L 72.0000, 205.0000, 100.0000,  72.0000, 200.0000, 100.0000,  0, 0, 0
L 71.0000, 205.0000, 100.0000,  72.0000, 205.0000, 100.0000,  0, 0, 0
L 70.0000, 211.0000, 100.0000,  71.0000, 205.0000, 100.0000,  0, 0, 0
L 29.0000, 211.0000, 100.0000,  70.0000, 211.0000, 100.0000,  0, 0, 0
L 30.0000, 279.0000, 100.0000,  29.0000, 211.0000, 100.0000,  0, 0, 0
L 71.0000, 307.0000, 100.0000,  30.0000, 279.0000, 100.0000,  0, 0, 0
L 71.0000, 326.0000, 100.0000,  71.0000, 307.0000, 100.0000,  0, 0, 0
L 73.0000, 327.0000, 100.0000,  71.0000, 326.0000, 100.0000,  0, 0, 0
L 73.0000, 330.0000, 100.0000,  73.0000, 327.0000, 100.0000,  0, 0, 0
L 71.0000, 331.0000, 100.0000,  73.0000, 330.0000, 100.0000,  0, 0, 0
L 71.0000, 348.0000, 100.0000,  71.0000, 331.0000, 100.0000,  0, 0, 0
L 82.0000, 348.0000, 100.0000,  71.0000, 348.0000, 100.0000,  0, 0, 0
L 82.0000, 331.0000, 100.0000,  82.0000, 348.0000, 100.0000,  0, 0, 0
L 80.0000, 330.0000, 100.0000,  82.0000, 331.0000, 100.0000,  0, 0, 0
L 80.0000, 327.0000, 100.0000,  80.0000, 330.0000, 100.0000,  0, 0, 0
L 82.0000, 326.0000, 100.0000,  80.0000, 327.0000, 100.0000,  0, 0, 0
L 82.0000, 306.0000, 100.0000,  82.0000, 326.0000, 100.0000,  0, 0, 0
L 124.0000, 279.0000, 100.0000,  82.0000, 306.0000, 100.0000,  0, 0, 0
L 124.0000, 211.0000, 100.0000,  124.0000, 279.0000, 100.0000,  0, 0, 0
L 83.0000, 211.0000, 100.0000,  124.0000, 211.0000, 100.0000,  0, 0, 0
L 82.0000, 205.0000, 100.0000,  83.0000, 211.0000, 100.0000,  0, 0, 0
L 80.0000, 204.0000, 100.0000,  82.0000, 205.0000, 100.0000,  0, 0, 0
L 81.0000, 200.0000, 100.0000,  80.0000, 204.0000, 100.0000,  0, 0, 0
L 82.0000, 200.0000, 100.0000,  81.0000, 200.0000, 100.0000,  0, 0, 0
L 82.0000, 194.0000, 100.0000,  82.0000, 200.0000, 100.0000,  0, 0, 0
L 97.0000, 180.0000, 100.0000,  82.0000, 194.0000, 100.0000,  0, 0, 0
L 140.0000, 180.0000, 100.0000,  97.0000, 180.0000, 100.0000,  0, 0, 0
L 141.0000, 222.0000, 100.0000,  140.0000, 180.0000, 100.0000,  0, 0, 0
L 168.0000, 222.0000, 100.0000,  141.0000, 222.0000, 100.0000,  0, 0, 0
L 169.0000, 236.0000, 100.0000,  168.0000, 222.0000, 100.0000,  0, 0, 0
L 208.0000, 236.0000, 100.0000,  169.0000, 236.0000, 100.0000,  0, 0, 0
L 207.0000, 226.0000, 100.0000,  208.0000, 236.0000, 100.0000,  0, 0, 0
L 208.0000, 207.0000, 100.0000,  207.0000, 226.0000, 100.0000,  0, 0, 0
L 208.0000, 197.0000, 100.0000,  208.0000, 207.0000, 100.0000,  0, 0, 0
L 169.0000, 197.0000, 100.0000,  208.0000, 197.0000, 100.0000,  0, 0, 0
L 168.0000, 211.0000, 100.0000,  169.0000, 197.0000, 100.0000,  0, 0, 0
L 153.0000, 211.0000, 100.0000,  168.0000, 211.0000, 100.0000,  0, 0, 0
L 152.0000, 169.0000, 100.0000,  153.0000, 211.0000, 100.0000,  0, 0, 0
L 97.0000, 169.0000, 100.0000,  152.0000, 169.0000, 100.0000,  0, 0, 0
L 82.0000, 154.0000, 100.0000,  97.0000, 169.0000, 100.0000,  0, 0, 0
L 82.0000, 138.0000, 100.0000,  82.0000, 154.0000, 100.0000,  0, 0, 0
L 97.0000, 124.0000, 100.0000,  82.0000, 138.0000, 100.0000,  0, 0, 0
L 125.0000, 110.0000, 100.0000,  97.0000, 124.0000, 100.0000,  0, 0, 0
L 168.0000, 82.0000, 100.0000,  125.0000, 110.0000, 100.0000,  0, 0, 0
L 194.0000, 82.0000, 100.0000,  168.0000, 82.0000, 100.0000,  0, 0, 0
L 194.0000, 40.0000, 100.0000,  194.0000, 82.0000, 100.0000,  0, 0, 0
L 208.0000, 40.0000, 100.0000,  194.0000, 40.0000, 100.0000,  0, 0, 0
L 208.0000, 15.0000, 100.0000,  208.0000, 40.0000, 100.0000,  0, 0, 0
L 169.0000, 15.0000, 100.0000,  208.0000, 15.0000, 100.0000,  0, 0, 0
L 169.0000, 40.0000, 100.0000,  169.0000, 15.0000, 100.0000,  0, 0, 0
L 183.0000, 40.0000, 100.0000,  169.0000, 40.0000, 100.0000,  0, 0, 0
L 183.0000, 70.0000, 100.0000,  183.0000, 40.0000, 100.0000,  0, 0, 0
L 139.0000, 71.0000, 100.0000,  183.0000, 70.0000, 100.0000,  0, 0, 0
L 139.0000, 40.0000, 100.0000,  139.0000, 71.0000, 100.0000,  0, 0, 0
L 152.0000, 40.0000, 100.0000,  139.0000, 40.0000, 100.0000,  0, 0, 0
L 152.0000, 15.0000, 100.0000,  152.0000, 40.0000, 100.0000,  0, 0, 0
L 113.0000, 15.0000, 100.0000,  152.0000, 15.0000, 100.0000,  0, 0, 0
L 113.0000, 40.0000, 100.0000,  113.0000, 15.0000, 100.0000,  0, 0, 0
L 127.0000, 40.0000, 100.0000,  113.0000, 40.0000, 100.0000,  0, 0, 0
L 127.0000, 56.0000, 100.0000,  127.0000, 40.0000, 100.0000,  0, 0, 0
L 97.0000, 57.0000, 100.0000,  127.0000, 56.0000, 100.0000,  0, 0, 0
L 96.0000, 28.0000, 100.0000,  97.0000, 57.0000, 100.0000,  0, 0, 0
L 82.0000, 13.0000, 100.0000,  96.0000, 28.0000, 100.0000,  0, 0, 0
L 82.0000, -1.0000, 100.0000,  82.0000, 13.0000, 100.0000,  0, 0, 0
L 97.0000, -15.0000, 100.0000,  82.0000, -1.0000, 100.0000,  0, 0, 0
L 112.0000, -15.0000, 100.0000,  97.0000, -15.0000, 100.0000,  0, 0, 0
L 113.0000, -1.0000, 100.0000,  112.0000, -15.0000, 100.0000,  0, 0, 0
L 166.0000, -1.0000, 100.0000,  113.0000, -1.0000, 100.0000,  0, 0, 0
L 166.0000, -40.0000, 100.0000,  166.0000, -1.0000, 100.0000,  0, 0, 0
L 115.0000, -40.0000, 100.0000,  166.0000, -40.0000, 100.0000,  0, 0, 0
L 115.0000, -28.0000, 100.0000,  115.0000, -40.0000, 100.0000,  0, 0, 0
L 97.0000, -26.0000, 100.0000,  115.0000, -28.0000, 100.0000,  0, 0, 0
L 82.0000, -41.0000, 100.0000,  97.0000, -26.0000, 100.0000,  0, 0, 0
L 82.0000, -50.0000, 100.0000,  82.0000, -41.0000, 100.0000,  0, 0, 0
L 80.0000, -51.0000, 100.0000,  82.0000, -50.0000, 100.0000,  0, 0, 0
L 80.0000, -55.0000, 100.0000,  80.0000, -51.0000, 100.0000,  0, 0, 0
L 82.0000, -55.0000, 100.0000,  80.0000, -55.0000, 100.0000,  0, 0, 0
L 83.0000, -57.0000, 100.0000,  82.0000, -55.0000, 100.0000,  0, 0, 0
L 96.0000, -57.0000, 100.0000,  83.0000, -57.0000, 100.0000,  0, 0, 0
L 96.0000, -70.0000, 100.0000,  96.0000, -57.0000, 100.0000,  0, 0, 0
L 102.0000, -71.0000, 100.0000,  96.0000, -70.0000, 100.0000,  0, 0, 0
L 103.0000, -73.0000, 100.0000,  102.0000, -71.0000, 100.0000,  0, 0, 0
L 107.0000, -72.0000, 100.0000,  103.0000, -73.0000, 100.0000,  0, 0, 0
L 107.0000, -71.0000, 100.0000,  107.0000, -72.0000, 100.0000,  0, 0, 0
L 112.0000, -71.0000, 100.0000,  107.0000, -71.0000, 100.0000,  0, 0, 0
L 113.0000, -57.0000, 100.0000,  112.0000, -71.0000, 100.0000,  0, 0, 0
L 138.0000, -57.0000, 100.0000,  113.0000, -57.0000, 100.0000,  0, 0, 0
L 138.0000, -82.0000, 100.0000,  138.0000, -57.0000, 100.0000,  0, 0, 0
L 107.0000, -82.0000, 100.0000,  138.0000, -82.0000, 100.0000,  0, 0, 0
L 106.0000, -80.0000, 100.0000,  107.0000, -82.0000, 100.0000,  0, 0, 0
L 102.0000, -81.0000, 100.0000,  106.0000, -80.0000, 100.0000,  0, 0, 0
L 102.0000, -82.0000, 100.0000,  102.0000, -81.0000, 100.0000,  0, 0, 0
L 96.0000, -83.0000, 100.0000,  102.0000, -82.0000, 100.0000,  0, 0, 0
L 96.0000, -98.0000, 100.0000,  96.0000, -83.0000, 100.0000,  0, 0, 0
L 102.0000, -99.0000, 100.0000,  96.0000, -98.0000, 100.0000,  0, 0, 0
L 102.0000, -101.0000, 100.0000,  102.0000, -99.0000, 100.0000,  0, 0, 0
L 107.0000, -101.0000, 100.0000,  102.0000, -101.0000, 100.0000,  0, 0, 0
L 107.0000, -99.0000, 100.0000,  107.0000, -101.0000, 100.0000,  0, 0, 0
L 138.0000, -99.0000, 100.0000,  107.0000, -99.0000, 100.0000,  0, 0, 0
L 138.0000, -124.0000, 100.0000,  138.0000, -99.0000, 100.0000,  0, 0, 0
L 113.0000, -124.0000, 100.0000,  138.0000, -124.0000, 100.0000,  0, 0, 0
L 112.0000, -110.0000, 100.0000,  113.0000, -124.0000, 100.0000,  0, 0, 0
L 107.0000, -110.0000, 100.0000,  112.0000, -110.0000, 100.0000,  0, 0, 0
L 106.0000, -108.0000, 100.0000,  107.0000, -110.0000, 100.0000,  0, 0, 0
L 102.0000, -109.0000, 100.0000,  106.0000, -108.0000, 100.0000,  0, 0, 0
L 102.0000, -110.0000, 100.0000,  102.0000, -109.0000, 100.0000,  0, 0, 0
L 96.0000, -110.0000, 100.0000,  102.0000, -110.0000, 100.0000,  0, 0, 0
L 96.0000, -124.0000, 100.0000,  96.0000, -110.0000, 100.0000,  0, 0, 0
L 82.0000, -125.0000, 100.0000,  96.0000, -124.0000, 100.0000,  0, 0, 0
L 82.0000, -134.0000, 100.0000,  82.0000, -125.0000, 100.0000,  0, 0, 0
L 80.0000, -134.0000, 100.0000,  82.0000, -134.0000, 100.0000,  0, 0, 0
L 80.0000, -138.0000, 100.0000,  80.0000, -134.0000, 100.0000,  0, 0, 0
L 82.0000, -139.0000, 100.0000,  80.0000, -138.0000, 100.0000,  0, 0, 0
L 13.0000, -280.0000, 100.0000,  41.0000, -306.0000, 100.0000,  0, 0, 0
L 15.0000, -264.0000, 100.0000,  13.0000, -280.0000, 100.0000,  0, 0, 0
L 27.0000, -239.0000, 100.0000,  15.0000, -264.0000, 100.0000,  0, 0, 0
L 100.0000, -292.0000, 100.0000,  84.0000, -267.0000, 100.0000,  0, 0, 0
L 181.0000, -293.0000, 100.0000,  100.0000, -292.0000, 100.0000,  0, 0, 0
L 192.0000, -278.0000, 100.0000,  181.0000, -293.0000, 100.0000,  0, 0, 0
L 194.0000, -251.0000, 100.0000,  192.0000, -278.0000, 100.0000,  0, 0, 0
L 210.0000, -250.0000, 100.0000,  194.0000, -251.0000, 100.0000,  0, 0, 0
L 226.0000, -278.0000, 100.0000,  210.0000, -250.0000, 100.0000,  0, 0, 0
L 237.0000, -277.0000, 100.0000,  226.0000, -278.0000, 100.0000,  0, 0, 0
L 263.0000, -265.0000, 100.0000,  237.0000, -277.0000, 100.0000,  0, 0, 0
L 293.0000, -264.0000, 100.0000,  263.0000, -265.0000, 100.0000,  0, 0, 0
L 306.0000, -252.0000, 100.0000,  293.0000, -264.0000, 100.0000,  0, 0, 0
L 323.0000, -250.0000, 100.0000,  306.0000, -252.0000, 100.0000,  0, 0, 0
L 337.0000, -240.0000, 100.0000,  323.0000, -250.0000, 100.0000,  0, 0, 0
L 335.0000, -225.0000, 100.0000,  337.0000, -240.0000, 100.0000,  0, 0, 0
L 361.0000, -157.0000, 100.0000,  361.0000, -152.0000, 100.0000,  0, 0, 0
L 375.0000, -158.0000, 100.0000,  361.0000, -157.0000, 100.0000,  0, 0, 0
L 374.0000, -160.0000, 100.0000,  375.0000, -158.0000, 100.0000,  0, 0, 0
L 375.0000, -168.0000, 100.0000,  374.0000, -160.0000, 100.0000,  0, 0, 0
L 380.0000, -172.0000, 100.0000,  375.0000, -168.0000, 100.0000,  0, 0, 0
L 385.0000, -173.0000, 100.0000,  380.0000, -172.0000, 100.0000,  0, 0, 0
L 390.0000, -173.0000, 100.0000,  385.0000, -173.0000, 100.0000,  0, 0, 0
L 390.0000, -181.0000, 100.0000,  390.0000, -173.0000, 100.0000,  0, 0, 0
L 378.0000, -192.0000, 100.0000,  390.0000, -181.0000, 100.0000,  0, 0, 0
L 398.0000, -210.0000, 100.0000,  378.0000, -192.0000, 100.0000,  0, 0, 0
L 402.0000, -227.0000, 100.0000,  398.0000, -210.0000, 100.0000,  0, 0, 0
L 389.0000, -242.0000, 100.0000,  402.0000, -227.0000, 100.0000,  0, 0, 0
L 349.0000, -242.0000, 100.0000,  389.0000, -242.0000, 100.0000,  0, 0, 0
L 348.0000, -265.0000, 100.0000,  349.0000, -242.0000, 100.0000,  0, 0, 0
L 335.0000, -278.0000, 100.0000,  348.0000, -265.0000, 100.0000,  0, 0, 0
L 321.0000, -278.0000, 100.0000,  335.0000, -278.0000, 100.0000,  0, 0, 0
L 306.0000, -306.0000, 100.0000,  321.0000, -278.0000, 100.0000,  0, 0, 0
L 292.0000, -306.0000, 100.0000,  306.0000, -306.0000, 100.0000,  0, 0, 0
L 278.0000, -321.0000, 100.0000,  292.0000, -306.0000, 100.0000,  0, 0, 0
L 269.0000, -348.0000, 100.0000,  278.0000, -321.0000, 100.0000,  0, 0, 0
L 267.0000, -346.0000, 100.0000,  269.0000, -348.0000, 100.0000,  0, 0, 0
L 263.0000, -350.0000, 100.0000,  267.0000, -346.0000, 100.0000,  0, 0, 0
L 259.0000, -354.0000, 100.0000,  263.0000, -350.0000, 100.0000,  0, 0, 0
L 256.0000, -358.0000, 100.0000,  259.0000, -354.0000, 100.0000,  0, 0, 0
L 258.0000, -363.0000, 100.0000,  256.0000, -358.0000, 100.0000,  0, 0, 0
L 264.0000, -367.0000, 100.0000,  258.0000, -363.0000, 100.0000,  0, 0, 0
L 264.0000, -378.0000, 100.0000,  264.0000, -367.0000, 100.0000,  0, 0, 0
L 280.0000, -379.0000, 100.0000,  264.0000, -378.0000, 100.0000,  0, 0, 0
L 308.0000, -351.0000, 100.0000,  280.0000, -379.0000, 100.0000,  0, 0, 0
L 334.0000, -364.0000, 100.0000,  308.0000, -351.0000, 100.0000,  0, 0, 0
L 334.0000, -432.0000, 100.0000,  334.0000, -364.0000, 100.0000,  0, 0, 0
L 295.0000, -432.0000, 100.0000,  334.0000, -432.0000, 100.0000,  0, 0, 0
L 280.0000, -390.0000, 100.0000,  295.0000, -432.0000, 100.0000,  0, 0, 0
L 253.0000, -390.0000, 100.0000,  280.0000, -390.0000, 100.0000,  0, 0, 0
L 252.0000, -362.0000, 100.0000,  253.0000, -390.0000, 100.0000,  0, 0, 0
L 248.0000, -358.0000, 100.0000,  252.0000, -362.0000, 100.0000,  0, 0, 0
L 245.0000, -354.0000, 100.0000,  248.0000, -358.0000, 100.0000,  0, 0, 0
L 249.0000, -350.0000, 100.0000,  245.0000, -354.0000, 100.0000,  0, 0, 0
L 244.0000, -346.0000, 100.0000,  249.0000, -350.0000, 100.0000,  0, 0, 0
L 238.0000, -341.0000, 100.0000,  244.0000, -346.0000, 100.0000,  0, 0, 0
L 230.0000, -346.0000, 100.0000,  238.0000, -341.0000, 100.0000,  0, 0, 0
L 228.0000, -348.0000, 100.0000,  230.0000, -346.0000, 100.0000,  0, 0, 0
L 210.0000, -348.0000, 100.0000,  228.0000, -348.0000, 100.0000,  0, 0, 0
L 182.0000, -320.0000, 100.0000,  210.0000, -348.0000, 100.0000,  0, 0, 0
L 153.0000, -334.0000, 100.0000,  182.0000, -320.0000, 100.0000,  0, 0, 0
L 147.0000, -334.0000, 100.0000,  153.0000, -334.0000, 100.0000,  0, 0, 0
L 151.0000, -327.0000, 100.0000,  147.0000, -334.0000, 100.0000,  0, 0, 0
L 147.0000, -322.0000, 100.0000,  151.0000, -327.0000, 100.0000,  0, 0, 0
L 144.0000, -315.0000, 100.0000,  147.0000, -322.0000, 100.0000,  0, 0, 0
L 140.0000, -313.0000, 100.0000,  144.0000, -315.0000, 100.0000,  0, 0, 0
L 123.0000, -321.0000, 100.0000,  140.0000, -313.0000, 100.0000,  0, 0, 0
L 83.0000, -334.0000, 100.0000,  123.0000, -321.0000, 100.0000,  0, 0, 0
L 70.0000, -334.0000, 100.0000,  83.0000, -334.0000, 100.0000,  0, 0, 0
L 57.0000, -307.0000, 100.0000,  70.0000, -334.0000, 100.0000,  0, 0, 0
L 41.0000, -306.0000, 100.0000,  57.0000, -307.0000, 100.0000,  0, 0, 0
L 13.0000, -320.0000, 100.0000,  41.0000, -306.0000, 100.0000,  0, 0, 0
L -1.0000, -320.0000, 100.0000,  13.0000, -320.0000, 100.0000,  0, 0, 0
L -40.0000, -279.0000, 100.0000,  -1.0000, -320.0000, 100.0000,  0, 0, 0
L -40.0000, -266.0000, 100.0000,  -40.0000, -279.0000, 100.0000,  0, 0, 0
L -26.0000, -239.0000, 100.0000,  -40.0000, -266.0000, 100.0000,  0, 0, 0
L -3.0000, -231.0000, 100.0000,  -26.0000, -239.0000, 100.0000,  0, 0, 0
L -4.0000, -231.0000, 100.0000,  -3.0000, -231.0000, 100.0000,  0, 0, 0
L 3.0000, -237.0000, 100.0000,  -4.0000, -231.0000, 100.0000,  0, 0, 0
L 9.0000, -237.0000, 100.0000,  3.0000, -237.0000, 100.0000,  0, 0, 0
L 17.0000, -229.0000, 100.0000,  9.0000, -237.0000, 100.0000,  0, 0, 0
L 27.0000, -239.0000, 100.0000,  17.0000, -229.0000, 100.0000,  0, 0, 0
L 85.0000, -266.0000, 100.0000,  27.0000, -239.0000, 100.0000,  0, 0, 0
L 85.0000, -208.0000, 100.0000,  85.0000, -266.0000, 100.0000,  0, 0, 0
L 57.0000, -181.0000, 100.0000,  85.0000, -208.0000, 100.0000,  0, 0, 0
L 57.0000, -152.0000, 100.0000,  57.0000, -181.0000, 100.0000,  0, 0, 0
L 63.0000, -146.0000, 100.0000,  57.0000, -152.0000, 100.0000,  0, 0, 0
L 65.0000, -141.0000, 100.0000,  63.0000, -146.0000, 100.0000,  0, 0, 0
L 71.0000, -141.0000, 100.0000,  65.0000, -141.0000, 100.0000,  0, 0, 0
L 71.0000, -139.0000, 100.0000,  71.0000, -141.0000, 100.0000,  0, 0, 0
L 86.0000, -141.0000, 100.0000,  82.0000, -139.0000, 100.0000,  0, 0, 0
L 89.0000, -146.0000, 100.0000,  86.0000, -141.0000, 100.0000,  0, 0, 0
L 96.0000, -148.0000, 100.0000,  89.0000, -146.0000, 100.0000,  0, 0, 0
L 100.0000, -147.0000, 100.0000,  96.0000, -148.0000, 100.0000,  0, 0, 0
L 124.0000, -195.0000, 100.0000,  100.0000, -147.0000, 100.0000,  0, 0, 0
L 110.0000, -209.0000, 100.0000,  124.0000, -195.0000, 100.0000,  0, 0, 0
L 110.0000, -237.0000, 100.0000,  110.0000, -209.0000, 100.0000,  0, 0, 0
L 124.0000, -266.0000, 100.0000,  110.0000, -237.0000, 100.0000,  0, 0, 0
L 152.0000, -281.0000, 100.0000,  124.0000, -266.0000, 100.0000,  0, 0, 0
L 169.0000, -280.0000, 100.0000,  152.0000, -281.0000, 100.0000,  0, 0, 0
L 183.0000, -252.0000, 100.0000,  169.0000, -280.0000, 100.0000,  0, 0, 0
L 183.0000, -238.0000, 100.0000,  183.0000, -252.0000, 100.0000,  0, 0, 0
L 196.0000, -225.0000, 100.0000,  183.0000, -238.0000, 100.0000,  0, 0, 0
L 223.0000, -239.0000, 100.0000,  196.0000, -225.0000, 100.0000,  0, 0, 0
L 251.0000, -239.0000, 100.0000,  223.0000, -239.0000, 100.0000,  0, 0, 0
L 265.0000, -253.0000, 100.0000,  251.0000, -239.0000, 100.0000,  0, 0, 0
L 280.0000, -239.0000, 100.0000,  265.0000, -253.0000, 100.0000,  0, 0, 0
L 308.0000, -239.0000, 100.0000,  280.0000, -239.0000, 100.0000,  0, 0, 0
L 335.0000, -226.0000, 100.0000,  308.0000, -239.0000, 100.0000,  0, 0, 0
L 335.0000, -209.0000, 100.0000,  335.0000, -226.0000, 100.0000,  0, 0, 0
L 327.0000, -201.0000, 100.0000,  335.0000, -209.0000, 100.0000,  0, 0, 0
L 323.0000, -189.0000, 100.0000,  327.0000, -201.0000, 100.0000,  0, 0, 0
L 326.0000, -176.0000, 100.0000,  323.0000, -189.0000, 100.0000,  0, 0, 0
L 338.0000, -173.0000, 100.0000,  326.0000, -176.0000, 100.0000,  0, 0, 0
L 342.0000, -165.0000, 100.0000,  338.0000, -173.0000, 100.0000,  0, 0, 0
L 340.0000, -158.0000, 100.0000,  342.0000, -165.0000, 100.0000,  0, 0, 0
L 353.0000, -155.0000, 100.0000,  340.0000, -158.0000, 100.0000,  0, 0, 0
L 353.0000, -153.0000, 100.0000,  353.0000, -155.0000, 100.0000,  0, 0, 0
L 389.0000, -39.0000, 100.0000,  419.0000, -42.0000, 100.0000,  0, 0, 0
L 365.0000, -27.0000, 100.0000,  378.0000, -40.0000, 100.0000,  0, 0, 0
L 365.0000, -1.0000, 100.0000,  365.0000, -27.0000, 100.0000,  0, 0, 0
L 378.0000, 26.0000, 100.0000,  365.0000, -1.0000, 100.0000,  0, 0, 0
L 461.0000, 26.0000, 100.0000,  378.0000, 26.0000, 100.0000,  0, 0, 0
L 474.0000, 13.0000, 100.0000,  461.0000, 26.0000, 100.0000,  0, 0, 0
L 474.0000, -27.0000, 100.0000,  474.0000, 13.0000, 100.0000,  0, 0, 0
L 461.0000, -40.0000, 100.0000,  474.0000, -27.0000, 100.0000,  0, 0, 0
L 447.0000, -40.0000, 100.0000,  461.0000, -40.0000, 100.0000,  0, 0, 0
L 446.0000, -83.0000, 100.0000,  447.0000, -40.0000, 100.0000,  0, 0, 0
L 432.0000, -98.0000, 100.0000,  446.0000, -83.0000, 100.0000,  0, 0, 0
L 432.0000, -127.0000, 100.0000,  432.0000, -98.0000, 100.0000,  0, 0, 0
L 446.0000, -127.0000, 100.0000,  432.0000, -127.0000, 100.0000,  0, 0, 0
L 446.0000, -138.0000, 100.0000,  446.0000, -127.0000, 100.0000,  0, 0, 0
L 432.0000, -138.0000, 100.0000,  446.0000, -138.0000, 100.0000,  0, 0, 0
L 432.0000, -156.0000, 100.0000,  432.0000, -138.0000, 100.0000,  0, 0, 0
L 428.0000, -156.0000, 100.0000,  432.0000, -156.0000, 100.0000,  0, 0, 0
L 428.0000, -160.0000, 100.0000,  428.0000, -156.0000, 100.0000,  0, 0, 0
L 424.0000, -160.0000, 100.0000,  428.0000, -160.0000, 100.0000,  0, 0, 0
L 419.0000, -158.0000, 100.0000,  424.0000, -160.0000, 100.0000,  0, 0, 0
L 415.0000, -159.0000, 100.0000,  419.0000, -158.0000, 100.0000,  0, 0, 0
L 411.0000, -160.0000, 100.0000,  415.0000, -159.0000, 100.0000,  0, 0, 0
L 410.0000, -156.0000, 100.0000,  411.0000, -160.0000, 100.0000,  0, 0, 0
L 407.0000, -156.0000, 100.0000,  410.0000, -156.0000, 100.0000,  0, 0, 0
L 407.0000, -139.0000, 100.0000,  407.0000, -156.0000, 100.0000,  0, 0, 0
L 389.0000, -138.0000, 100.0000,  407.0000, -139.0000, 100.0000,  0, 0, 0
L 387.0000, -136.0000, 100.0000,  389.0000, -138.0000, 100.0000,  0, 0, 0
L 384.0000, -136.0000, 100.0000,  387.0000, -136.0000, 100.0000,  0, 0, 0
L 384.0000, -138.0000, 100.0000,  384.0000, -136.0000, 100.0000,  0, 0, 0
L 376.0000, -138.0000, 100.0000,  384.0000, -138.0000, 100.0000,  0, 0, 0
L 376.0000, -152.0000, 100.0000,  376.0000, -138.0000, 100.0000,  0, 0, 0
L 361.0000, -152.0000, 100.0000,  376.0000, -152.0000, 100.0000,  0, 0, 0
L 337.0000, -152.0000, 100.0000,  352.0000, -152.0000, 100.0000,  0, 0, 0
L 337.0000, -113.0000, 100.0000,  337.0000, -152.0000, 100.0000,  0, 0, 0
L 376.0000, -113.0000, 100.0000,  337.0000, -113.0000, 100.0000,  0, 0, 0
L 376.0000, -126.0000, 100.0000,  376.0000, -113.0000, 100.0000,  0, 0, 0
L 384.0000, -127.0000, 100.0000,  376.0000, -126.0000, 100.0000,  0, 0, 0
L 385.0000, -129.0000, 100.0000,  384.0000, -127.0000, 100.0000,  0, 0, 0
L 388.0000, -129.0000, 100.0000,  385.0000, -129.0000, 100.0000,  0, 0, 0
L 389.0000, -127.0000, 100.0000,  388.0000, -129.0000, 100.0000,  0, 0, 0
L 407.0000, -126.0000, 100.0000,  389.0000, -127.0000, 100.0000,  0, 0, 0
L 407.0000, -97.0000, 100.0000,  407.0000, -126.0000, 100.0000,  0, 0, 0
L 393.0000, -83.0000, 100.0000,  407.0000, -97.0000, 100.0000,  0, 0, 0
L 392.0000, -40.0000, 100.0000,  393.0000, -83.0000, 100.0000,  0, 0, 0
L 378.0000, -40.0000, 100.0000,  392.0000, -40.0000, 100.0000,  0, 0, 0
L 389.0000, -1.0000, 100.0000,  391.0000, -40.0000, 100.0000,  0, 0, 0
L 392.0000, 3.0000, 100.0000,  389.0000, -1.0000, 100.0000,  0, 0, 0
L 397.0000, 17.0000, 100.0000,  392.0000, 3.0000, 100.0000,  0, 0, 0
L 408.0000, 17.0000, 100.0000,  397.0000, 17.0000, 100.0000,  0, 0, 0
L 414.0000, 23.0000, 100.0000,  408.0000, 17.0000, 100.0000,  0, 0, 0
L 423.0000, 23.0000, 100.0000,  414.0000, 23.0000, 100.0000,  0, 0, 0
L 432.0000, 17.0000, 100.0000,  423.0000, 23.0000, 100.0000,  0, 0, 0
L 441.0000, 16.0000, 100.0000,  432.0000, 17.0000, 100.0000,  0, 0, 0
L 446.0000, 10.0000, 100.0000,  441.0000, 16.0000, 100.0000,  0, 0, 0
L 443.0000, 2.0000, 100.0000,  446.0000, 10.0000, 100.0000,  0, 0, 0
L 435.0000, -1.0000, 100.0000,  443.0000, 2.0000, 100.0000,  0, 0, 0
L 421.0000, -42.0000, 100.0000,  435.0000, -1.0000, 100.0000,  0, 0, 0
L 479.0000, -12.0000, 100.0000,  534.0000, -12.0000, 100.0000,  0, 0, 0
L 478.0000, -10.0000, 100.0000,  479.0000, -12.0000, 100.0000,  0, 0, 0
L 475.0000, -10.0000, 100.0000,  478.0000, -10.0000, 100.0000,  0, 0, 0
L 474.0000, -27.0000, 100.0000,  475.0000, -10.0000, 100.0000,  0, 0, 0
L 461.0000, -40.0000, 100.0000,  474.0000, -27.0000, 100.0000,  0, 0, 0
L 422.0000, -40.0000, 100.0000,  461.0000, -40.0000, 100.0000,  0, 0, 0
L 433.0000, -1.0000, 100.0000,  422.0000, -40.0000, 100.0000,  0, 0, 0
L 390.0000, -1.0000, 100.0000,  433.0000, -1.0000, 100.0000,  0, 0, 0
L 390.0000, -40.0000, 100.0000,  390.0000, -1.0000, 100.0000,  0, 0, 0
L 378.0000, -40.0000, 100.0000,  390.0000, -40.0000, 100.0000,  0, 0, 0
L 365.0000, -27.0000, 100.0000,  378.0000, -40.0000, 100.0000,  0, 0, 0
L 365.0000, -1.0000, 100.0000,  365.0000, -27.0000, 100.0000,  0, 0, 0
L 378.0000, 26.0000, 100.0000,  365.0000, -1.0000, 100.0000,  0, 0, 0
L 461.0000, 26.0000, 100.0000,  378.0000, 26.0000, 100.0000,  0, 0, 0
L 474.0000, 13.0000, 100.0000,  461.0000, 26.0000, 100.0000,  0, 0, 0
L 475.0000, -3.0000, 100.0000,  474.0000, 13.0000, 100.0000,  0, 0, 0
L 478.0000, -3.0000, 100.0000,  475.0000, -3.0000, 100.0000,  0, 0, 0
L 479.0000, -1.0000, 100.0000,  478.0000, -3.0000, 100.0000,  0, 0, 0
L 534.0000, -1.0000, 100.0000,  479.0000, -1.0000, 100.0000,  0, 0, 0
L 534.0000, -12.0000, 100.0000,  534.0000, -1.0000, 100.0000,  0, 0, 0
L 536.0000, -12.0000, 100.0000,  545.0000, -12.0000, 100.0000,  0, 0, 0
L 536.0000, -8.0000, 100.0000,  536.0000, -12.0000, 100.0000,  0, 0, 0
L 546.0000, -8.0000, 100.0000,  536.0000, -8.0000, 100.0000,  0, 0, 0
L 555.0000, -5.0000, 100.0000,  567.0000, 5.0000, 100.0000,  0, 0, 0
L 559.0000, -10.0000, 100.0000,  555.0000, -5.0000, 100.0000,  0, 0, 0
L 570.0000, -1.0000, 100.0000,  559.0000, -10.0000, 100.0000,  0, 0, 0
L 566.0000, 3.0000, 100.0000,  570.0000, -1.0000, 100.0000,  0, 0, 0
L 745.0000, 29.0000, 100.0000,  743.0000, 28.0000, 100.0000,  0, 0, 0
L 745.0000, 32.0000, 100.0000,  745.0000, 29.0000, 100.0000,  0, 0, 0
L 743.0000, 33.0000, 100.0000,  745.0000, 32.0000, 100.0000,  0, 0, 0
L 743.0000, 42.0000, 100.0000,  743.0000, 33.0000, 100.0000,  0, 0, 0
L 729.0000, 56.0000, 100.0000,  743.0000, 42.0000, 100.0000,  0, 0, 0
L 729.0000, 69.0000, 100.0000,  729.0000, 56.0000, 100.0000,  0, 0, 0
L 743.0000, 84.0000, 100.0000,  729.0000, 69.0000, 100.0000,  0, 0, 0
L 742.0000, 113.0000, 100.0000,  743.0000, 84.0000, 100.0000,  0, 0, 0
L 699.0000, 113.0000, 100.0000,  742.0000, 113.0000, 100.0000,  0, 0, 0
L 698.0000, 103.0000, 100.0000,  699.0000, 113.0000, 100.0000,  0, 0, 0
L 695.0000, 101.0000, 100.0000,  698.0000, 103.0000, 100.0000,  0, 0, 0
L 697.0000, 98.0000, 100.0000,  695.0000, 101.0000, 100.0000,  0, 0, 0
L 698.0000, 98.0000, 100.0000,  697.0000, 98.0000, 100.0000,  0, 0, 0
L 699.0000, 96.0000, 100.0000,  698.0000, 98.0000, 100.0000,  0, 0, 0
L 712.0000, 83.0000, 100.0000,  699.0000, 96.0000, 100.0000,  0, 0, 0
L 712.0000, 56.0000, 100.0000,  712.0000, 83.0000, 100.0000,  0, 0, 0
L 699.0000, 43.0000, 100.0000,  712.0000, 56.0000, 100.0000,  0, 0, 0
L 658.0000, 43.0000, 100.0000,  699.0000, 43.0000, 100.0000,  0, 0, 0
L 645.0000, 56.0000, 100.0000,  658.0000, 43.0000, 100.0000,  0, 0, 0
L 645.0000, 83.0000, 100.0000,  645.0000, 56.0000, 100.0000,  0, 0, 0
L 658.0000, 96.0000, 100.0000,  645.0000, 83.0000, 100.0000,  0, 0, 0
L 687.0000, 97.0000, 100.0000,  658.0000, 96.0000, 100.0000,  0, 0, 0
L 687.0000, 98.0000, 100.0000,  687.0000, 97.0000, 100.0000,  0, 0, 0
L 688.0000, 98.0000, 100.0000,  687.0000, 98.0000, 100.0000,  0, 0, 0
L 688.0000, 103.0000, 100.0000,  688.0000, 98.0000, 100.0000,  0, 0, 0
L 687.0000, 103.0000, 100.0000,  688.0000, 103.0000, 100.0000,  0, 0, 0
L 687.0000, 124.0000, 100.0000,  687.0000, 103.0000, 100.0000,  0, 0, 0
L 754.0000, 124.0000, 100.0000,  687.0000, 124.0000, 100.0000,  0, 0, 0
L 754.0000, 83.0000, 100.0000,  754.0000, 124.0000, 100.0000,  0, 0, 0
L 768.0000, 69.0000, 100.0000,  754.0000, 83.0000, 100.0000,  0, 0, 0
L 768.0000, 56.0000, 100.0000,  768.0000, 69.0000, 100.0000,  0, 0, 0
L 754.0000, 42.0000, 100.0000,  768.0000, 56.0000, 100.0000,  0, 0, 0
L 754.0000, 33.0000, 100.0000,  754.0000, 42.0000, 100.0000,  0, 0, 0
L 752.0000, 32.0000, 100.0000,  754.0000, 33.0000, 100.0000,  0, 0, 0
L 752.0000, 29.0000, 100.0000,  752.0000, 32.0000, 100.0000,  0, 0, 0
L 754.0000, 28.0000, 100.0000,  752.0000, 29.0000, 100.0000,  0, 0, 0
L 754.0000, 26.0000, 100.0000,  754.0000, 28.0000, 100.0000,  0, 0, 0
L 769.0000, 12.0000, 100.0000,  754.0000, 26.0000, 100.0000,  0, 0, 0
L 770.0000, 12.0000, 100.0000,  769.0000, 12.0000, 100.0000,  0, 0, 0
L 770.0000, 10.0000, 100.0000,  770.0000, 12.0000, 100.0000,  0, 0, 0
L 774.0000, 10.0000, 100.0000,  770.0000, 10.0000, 100.0000,  0, 0, 0
L 775.0000, 12.0000, 100.0000,  774.0000, 10.0000, 100.0000,  0, 0, 0
L 754.0000, -27.0000, 100.0000,  754.0000, -19.0000, 100.0000,  0, 0, 0
L 769.0000, -43.0000, 100.0000,  754.0000, -27.0000, 100.0000,  0, 0, 0
L 798.0000, -43.0000, 100.0000,  769.0000, -43.0000, 100.0000,  0, 0, 0
L 799.0000, -13.0000, 100.0000,  798.0000, -43.0000, 100.0000,  0, 0, 0
L 784.0000, 1.0000, 100.0000,  799.0000, -13.0000, 100.0000,  0, 0, 0
L 775.0000, 1.0000, 100.0000,  784.0000, 1.0000, 100.0000,  0, 0, 0
L 774.0000, 2.0000, 100.0000,  775.0000, 1.0000, 100.0000,  0, 0, 0
L 770.0000, 3.0000, 100.0000,  774.0000, 2.0000, 100.0000,  0, 0, 0
L 770.0000, 1.0000, 100.0000,  770.0000, 3.0000, 100.0000,  0, 0, 0
L 768.0000, -1.0000, 100.0000,  770.0000, 1.0000, 100.0000,  0, 0, 0
L 754.0000, -13.0000, 100.0000,  768.0000, -1.0000, 100.0000,  0, 0, 0
L 754.0000, -14.0000, 100.0000,  754.0000, -13.0000, 100.0000,  0, 0, 0
L 752.0000, -15.0000, 100.0000,  754.0000, -14.0000, 100.0000,  0, 0, 0
L 752.0000, -19.0000, 100.0000,  752.0000, -15.0000, 100.0000,  0, 0, 0
L 754.0000, -19.0000, 100.0000,  752.0000, -19.0000, 100.0000,  0, 0, 0
L 784.0000, 12.0000, 100.0000,  775.0000, 12.0000, 100.0000,  0, 0, 0
L 798.0000, 26.0000, 100.0000,  784.0000, 12.0000, 100.0000,  0, 0, 0
L 811.0000, 26.0000, 100.0000,  798.0000, 26.0000, 100.0000,  0, 0, 0
L 824.0000, 13.0000, 100.0000,  811.0000, 26.0000, 100.0000,  0, 0, 0
L 824.0000, -1.0000, 100.0000,  824.0000, 13.0000, 100.0000,  0, 0, 0
L 810.0000, -13.0000, 100.0000,  824.0000, -1.0000, 100.0000,  0, 0, 0
L 810.0000, -54.0000, 100.0000,  810.0000, -13.0000, 100.0000,  0, 0, 0
L 769.0000, -54.0000, 100.0000,  810.0000, -54.0000, 100.0000,  0, 0, 0
L 755.0000, -68.0000, 100.0000,  769.0000, -54.0000, 100.0000,  0, 0, 0
L 742.0000, -68.0000, 100.0000,  755.0000, -68.0000, 100.0000,  0, 0, 0
L 729.0000, -55.0000, 100.0000,  742.0000, -68.0000, 100.0000,  0, 0, 0
L 729.0000, -42.0000, 100.0000,  729.0000, -55.0000, 100.0000,  0, 0, 0
L 743.0000, -28.0000, 100.0000,  729.0000, -42.0000, 100.0000,  0, 0, 0
L 743.0000, -19.0000, 100.0000,  743.0000, -28.0000, 100.0000,  0, 0, 0
L 744.0000, -19.0000, 100.0000,  743.0000, -19.0000, 100.0000,  0, 0, 0
L 744.0000, -14.0000, 100.0000,  744.0000, -19.0000, 100.0000,  0, 0, 0
L 743.0000, -14.0000, 100.0000,  744.0000, -14.0000, 100.0000,  0, 0, 0
L 743.0000, -13.0000, 100.0000,  743.0000, -14.0000, 100.0000,  0, 0, 0
L 728.0000, 1.0000, 100.0000,  743.0000, -13.0000, 100.0000,  0, 0, 0
L 727.0000, 1.0000, 100.0000,  728.0000, 1.0000, 100.0000,  0, 0, 0
L 726.0000, 3.0000, 100.0000,  727.0000, 1.0000, 100.0000,  0, 0, 0
L 722.0000, 3.0000, 100.0000,  726.0000, 3.0000, 100.0000,  0, 0, 0
L 722.0000, 1.0000, 100.0000,  722.0000, 3.0000, 100.0000,  0, 0, 0
L 713.0000, 1.0000, 100.0000,  722.0000, 1.0000, 100.0000,  0, 0, 0
L 699.0000, -12.0000, 100.0000,  713.0000, 1.0000, 100.0000,  0, 0, 0
L 686.0000, -12.0000, 100.0000,  699.0000, -12.0000, 100.0000,  0, 0, 0
L 672.0000, 1.0000, 100.0000,  686.0000, -12.0000, 100.0000,  0, 0, 0
L 617.0000, 1.0000, 100.0000,  672.0000, 1.0000, 100.0000,  0, 0, 0
L 616.0000, 43.0000, 100.0000,  617.0000, 1.0000, 100.0000,  0, 0, 0
L 600.0000, 42.0000, 100.0000,  616.0000, 43.0000, 100.0000,  0, 0, 0
L 600.0000, -28.0000, 100.0000,  600.0000, 42.0000, 100.0000,  0, 0, 0
L 642.0000, -29.0000, 100.0000,  600.0000, -28.0000, 100.0000,  0, 0, 0
L 642.0000, -56.0000, 100.0000,  642.0000, -29.0000, 100.0000,  0, 0, 0
L 657.0000, -57.0000, 100.0000,  642.0000, -56.0000, 100.0000,  0, 0, 0
L 672.0000, -43.0000, 100.0000,  657.0000, -57.0000, 100.0000,  0, 0, 0
L 685.0000, -43.0000, 100.0000,  672.0000, -43.0000, 100.0000,  0, 0, 0
L 698.0000, -56.0000, 100.0000,  685.0000, -43.0000, 100.0000,  0, 0, 0
L 698.0000, -69.0000, 100.0000,  698.0000, -56.0000, 100.0000,  0, 0, 0
L 685.0000, -82.0000, 100.0000,  698.0000, -69.0000, 100.0000,  0, 0, 0
L 672.0000, -82.0000, 100.0000,  685.0000, -82.0000, 100.0000,  0, 0, 0
L 658.0000, -68.0000, 100.0000,  672.0000, -82.0000, 100.0000,  0, 0, 0
L 615.0000, -68.0000, 100.0000,  658.0000, -68.0000, 100.0000,  0, 0, 0
L 614.0000, -84.0000, 100.0000,  615.0000, -68.0000, 100.0000,  0, 0, 0
L 629.0000, -85.0000, 100.0000,  614.0000, -84.0000, 100.0000,  0, 0, 0
L 642.0000, -98.0000, 100.0000,  629.0000, -85.0000, 100.0000,  0, 0, 0
L 642.0000, -113.0000, 100.0000,  642.0000, -98.0000, 100.0000,  0, 0, 0
L 656.0000, -113.0000, 100.0000,  642.0000, -113.0000, 100.0000,  0, 0, 0
L 656.0000, -124.0000, 100.0000,  656.0000, -113.0000, 100.0000,  0, 0, 0
L 642.0000, -125.0000, 100.0000,  656.0000, -124.0000, 100.0000,  0, 0, 0
L 642.0000, -140.0000, 100.0000,  642.0000, -125.0000, 100.0000,  0, 0, 0
L 656.0000, -141.0000, 100.0000,  642.0000, -140.0000, 100.0000,  0, 0, 0
L 656.0000, -152.0000, 100.0000,  656.0000, -141.0000, 100.0000,  0, 0, 0
L 642.0000, -152.0000, 100.0000,  656.0000, -152.0000, 100.0000,  0, 0, 0
L 628.0000, -168.0000, 100.0000,  642.0000, -152.0000, 100.0000,  0, 0, 0
L 642.0000, -196.0000, 100.0000,  628.0000, -168.0000, 100.0000,  0, 0, 0
L 642.0000, -222.0000, 100.0000,  642.0000, -196.0000, 100.0000,  0, 0, 0
L 615.0000, -236.0000, 100.0000,  642.0000, -222.0000, 100.0000,  0, 0, 0
L 602.0000, -236.0000, 100.0000,  615.0000, -236.0000, 100.0000,  0, 0, 0
L 575.0000, -222.0000, 100.0000,  602.0000, -236.0000, 100.0000,  0, 0, 0
L 575.0000, -196.0000, 100.0000,  575.0000, -222.0000, 100.0000,  0, 0, 0
L 588.0000, -166.0000, 100.0000,  575.0000, -196.0000, 100.0000,  0, 0, 0
L 574.0000, -152.0000, 100.0000,  588.0000, -166.0000, 100.0000,  0, 0, 0
L 561.0000, -152.0000, 100.0000,  574.0000, -152.0000, 100.0000,  0, 0, 0
L 561.0000, -141.0000, 100.0000,  561.0000, -152.0000, 100.0000,  0, 0, 0
L 575.0000, -140.0000, 100.0000,  561.0000, -141.0000, 100.0000,  0, 0, 0
L 574.0000, -124.0000, 100.0000,  575.0000, -140.0000, 100.0000,  0, 0, 0
L 561.0000, -124.0000, 100.0000,  574.0000, -124.0000, 100.0000,  0, 0, 0
L 561.0000, -113.0000, 100.0000,  561.0000, -124.0000, 100.0000,  0, 0, 0
L 574.0000, -113.0000, 100.0000,  561.0000, -113.0000, 100.0000,  0, 0, 0
L 575.0000, -98.0000, 100.0000,  574.0000, -113.0000, 100.0000,  0, 0, 0
L 588.0000, -85.0000, 100.0000,  575.0000, -98.0000, 100.0000,  0, 0, 0
L 602.0000, -85.0000, 100.0000,  588.0000, -85.0000, 100.0000,  0, 0, 0
L 603.0000, -57.0000, 100.0000,  602.0000, -85.0000, 100.0000,  0, 0, 0
L 631.0000, -56.0000, 100.0000,  603.0000, -57.0000, 100.0000,  0, 0, 0
L 629.0000, -40.0000, 100.0000,  631.0000, -56.0000, 100.0000,  0, 0, 0
L 589.0000, -40.0000, 100.0000,  629.0000, -40.0000, 100.0000,  0, 0, 0
L 589.0000, -27.0000, 100.0000,  589.0000, -40.0000, 100.0000,  0, 0, 0
L 574.0000, -26.0000, 100.0000,  589.0000, -27.0000, 100.0000,  0, 0, 0
L 560.0000, -12.0000, 100.0000,  574.0000, -26.0000, 100.0000,  0, 0, 0
L 546.0000, -12.0000, 100.0000,  560.0000, -12.0000, 100.0000,  0, 0, 0
L 547.0000, -1.0000, 100.0000,  546.0000, -12.0000, 100.0000,  0, 0, 0
L 561.0000, -1.0000, 100.0000,  547.0000, -1.0000, 100.0000,  0, 0, 0
L 561.0000, 15.0000, 100.0000,  561.0000, -1.0000, 100.0000,  0, 0, 0
L 547.0000, 15.0000, 100.0000,  561.0000, 15.0000, 100.0000,  0, 0, 0
L 547.0000, 26.0000, 100.0000,  547.0000, 15.0000, 100.0000,  0, 0, 0
L 560.0000, 26.0000, 100.0000,  547.0000, 26.0000, 100.0000,  0, 0, 0
L 574.0000, 40.0000, 100.0000,  560.0000, 26.0000, 100.0000,  0, 0, 0
L 588.0000, 40.0000, 100.0000,  574.0000, 40.0000, 100.0000,  0, 0, 0
L 589.0000, 54.0000, 100.0000,  588.0000, 40.0000, 100.0000,  0, 0, 0
L 628.0000, 54.0000, 100.0000,  589.0000, 54.0000, 100.0000,  0, 0, 0
L 629.0000, 12.0000, 100.0000,  628.0000, 54.0000, 100.0000,  0, 0, 0
L 672.0000, 12.0000, 100.0000,  629.0000, 12.0000, 100.0000,  0, 0, 0
L 686.0000, 26.0000, 100.0000,  672.0000, 12.0000, 100.0000,  0, 0, 0
L 699.0000, 26.0000, 100.0000,  686.0000, 26.0000, 100.0000,  0, 0, 0
L 713.0000, 12.0000, 100.0000,  699.0000, 26.0000, 100.0000,  0, 0, 0
L 722.0000, 12.0000, 100.0000,  713.0000, 12.0000, 100.0000,  0, 0, 0
L 722.0000, 10.0000, 100.0000,  722.0000, 12.0000, 100.0000,  0, 0, 0
L 726.0000, 10.0000, 100.0000,  722.0000, 10.0000, 100.0000,  0, 0, 0
L 727.0000, 12.0000, 100.0000,  726.0000, 10.0000, 100.0000,  0, 0, 0
L 729.0000, 13.0000, 100.0000,  727.0000, 12.0000, 100.0000,  0, 0, 0
L 743.0000, 27.0000, 100.0000,  729.0000, 13.0000, 100.0000,  0, 0, 0
L 743.0000, 28.0000, 100.0000,  743.0000, 27.0000, 100.0000,  0, 0, 0
L 753.0000, 11.0000, 100.0000,  752.0000, 19.0000, 100.0000,  0, 0, 0
L 759.0000, 10.0000, 100.0000,  753.0000, 11.0000, 100.0000,  0, 0, 0
L 759.0000, 3.0000, 100.0000,  759.0000, 10.0000, 100.0000,  0, 0, 0
L 752.0000, 3.0000, 100.0000,  759.0000, 3.0000, 100.0000,  0, 0, 0
L 753.0000, -4.0000, 100.0000,  752.0000, 3.0000, 100.0000,  0, 0, 0
L 744.0000, -5.0000, 100.0000,  753.0000, -4.0000, 100.0000,  0, 0, 0
L 743.0000, 2.0000, 100.0000,  744.0000, -5.0000, 100.0000,  0, 0, 0
L 737.0000, 1.0000, 100.0000,  743.0000, 2.0000, 100.0000,  0, 0, 0
L 737.0000, 10.0000, 100.0000,  737.0000, 1.0000, 100.0000,  0, 0, 0
L 744.0000, 12.0000, 100.0000,  737.0000, 10.0000, 100.0000,  0, 0, 0
L 744.0000, 19.0000, 100.0000,  744.0000, 12.0000, 100.0000,  0, 0, 0
L 751.0000, 13.0000, 100.0000,  754.0000, 12.0000, 100.0000,  0, 0, 0
L 752.0000, 19.0000, 100.0000,  751.0000, 13.0000, 100.0000,  0, 0, 0
L 754.0000, 19.0000, 100.0000,  752.0000, 19.0000, 100.0000,  0, 0, 0
L 754.0000, 28.0000, 100.0000,  754.0000, 19.0000, 100.0000,  0, 0, 0
L 768.0000, 29.0000, 100.0000,  754.0000, 28.0000, 100.0000,  0, 0, 0
L 768.0000, 65.0000, 100.0000,  768.0000, 29.0000, 100.0000,  0, 0, 0
L 729.0000, 68.0000, 100.0000,  768.0000, 65.0000, 100.0000,  0, 0, 0
L 729.0000, 29.0000, 100.0000,  729.0000, 68.0000, 100.0000,  0, 0, 0
L 743.0000, 28.0000, 100.0000,  729.0000, 29.0000, 100.0000,  0, 0, 0
L 743.0000, 19.0000, 100.0000,  743.0000, 28.0000, 100.0000,  0, 0, 0
L 745.0000, 18.0000, 100.0000,  743.0000, 19.0000, 100.0000,  0, 0, 0
L 744.0000, 12.0000, 100.0000,  745.0000, 18.0000, 100.0000,  0, 0, 0
L 743.0000, 12.0000, 100.0000,  744.0000, 12.0000, 100.0000,  0, 0, 0
L 743.0000, -26.0000, 100.0000,  743.0000, 12.0000, 100.0000,  0, 0, 0
L 754.0000, -26.0000, 100.0000,  743.0000, -26.0000, 100.0000,  0, 0, 0
L 754.0000, 12.0000, 100.0000,  754.0000, -26.0000, 100.0000,  0, 0, 0
L 738.0000, -298.0000, 100.0000,  740.0000, -298.0000, 100.0000,  0, 153, 0
L 738.0000, -302.0000, 100.0000,  738.0000, -298.0000, 100.0000,  0, 153, 0
L 740.0000, -303.0000, 100.0000,  738.0000, -302.0000, 100.0000,  0, 153, 0
L 740.0000, -320.0000, 100.0000,  740.0000, -303.0000, 100.0000,  0, 153, 0
L 729.0000, -320.0000, 100.0000,  740.0000, -320.0000, 100.0000,  0, 153, 0
L 729.0000, -303.0000, 100.0000,  729.0000, -320.0000, 100.0000,  0, 153, 0
L 730.0000, -303.0000, 100.0000,  729.0000, -303.0000, 100.0000,  0, 153, 0
L 731.0000, -299.0000, 100.0000,  730.0000, -303.0000, 100.0000,  0, 153, 0
L 729.0000, -298.0000, 100.0000,  731.0000, -299.0000, 100.0000,  0, 153, 0
L 712.0000, -15.0000, 100.0000,  722.0000, -15.0000, 100.0000,  0, 153, 0
L 713.0000, -4.0000, 100.0000,  712.0000, -15.0000, 100.0000,  0, 153, 0
L 721.0000, -4.0000, 100.0000,  713.0000, -4.0000, 100.0000,  0, 153, 0
L 721.0000, -16.0000, 100.0000,  721.0000, -4.0000, 100.0000,  0, 153, 0
L 775.0000, -4.0000, 100.0000,  776.0000, -16.0000, 100.0000,  0, 153, 0
L 784.0000, -4.0000, 100.0000,  775.0000, -4.0000, 100.0000,  0, 153, 0
L 785.0000, -14.0000, 100.0000,  784.0000, -4.0000, 100.0000,  0, 153, 0
L 775.0000, -15.0000, 100.0000,  785.0000, -14.0000, 100.0000,  0, 153, 0
L 839.0000, -85.0000, 100.0000,  829.0000, -85.0000, 100.0000,  0, 153, 0
L 853.0000, -99.0000, 100.0000,  839.0000, -85.0000, 100.0000,  0, 153, 0
L 868.0000, -99.0000, 100.0000,  853.0000, -99.0000, 100.0000,  0, 153, 0
L 869.0000, -69.0000, 100.0000,  868.0000, -99.0000, 100.0000,  0, 153, 0
L 853.0000, -54.0000, 100.0000,  869.0000, -69.0000, 100.0000,  0, 153, 0
L 839.0000, -68.0000, 100.0000,  853.0000, -54.0000, 100.0000,  0, 153, 0
L 826.0000, -68.0000, 100.0000,  839.0000, -68.0000, 100.0000,  0, 153, 0
L 812.0000, -54.0000, 100.0000,  826.0000, -68.0000, 100.0000,  0, 153, 0
L 801.0000, -54.0000, 100.0000,  812.0000, -54.0000, 100.0000,  0, 153, 0
L 813.0000, -42.0000, 100.0000,  801.0000, -43.0000, 100.0000,  0, 153, 0
L 815.0000, -31.0000, 100.0000,  813.0000, -42.0000, 100.0000,  0, 153, 0
L 816.0000, -31.0000, 100.0000,  815.0000, -31.0000, 100.0000,  0, 153, 0
L 822.0000, -32.0000, 100.0000,  816.0000, -31.0000, 100.0000,  0, 153, 0
L 827.0000, -29.0000, 100.0000,  822.0000, -32.0000, 100.0000,  0, 153, 0
L 832.0000, -21.0000, 100.0000,  827.0000, -29.0000, 100.0000,  0, 153, 0
L 831.0000, -16.0000, 100.0000,  832.0000, -21.0000, 100.0000,  0, 153, 0
L 838.0000, -15.0000, 100.0000,  831.0000, -16.0000, 100.0000,  0, 153, 0
L 852.0000, -43.0000, 100.0000,  838.0000, -15.0000, 100.0000,  0, 153, 0
L 868.0000, -28.0000, 100.0000,  852.0000, -43.0000, 100.0000,  0, 153, 0
L 868.0000, -18.0000, 100.0000,  868.0000, -28.0000, 100.0000,  0, 153, 0
L 859.0000, -5.0000, 100.0000,  868.0000, -18.0000, 100.0000,  0, 153, 0
L 858.0000, -4.0000, 100.0000,  859.0000, -5.0000, 100.0000,  0, 153, 0
L 862.0000, -1.0000, 100.0000,  858.0000, -4.0000, 100.0000,  0, 153, 0
L 863.0000, 4.0000, 100.0000,  862.0000, -1.0000, 100.0000,  0, 153, 0
L 860.0000, 11.0000, 100.0000,  863.0000, 4.0000, 100.0000,  0, 153, 0
L 868.0000, 20.0000, 100.0000,  860.0000, 11.0000, 100.0000,  0, 153, 0
L 878.0000, 20.0000, 100.0000,  868.0000, 20.0000, 100.0000,  0, 153, 0
L 888.0000, 8.0000, 100.0000,  878.0000, 20.0000, 100.0000,  0, 153, 0
L 896.0000, 18.0000, 100.0000,  888.0000, 8.0000, 100.0000,  0, 153, 0
L 910.0000, 20.0000, 100.0000,  896.0000, 18.0000, 100.0000,  0, 153, 0
L 917.0000, 11.0000, 100.0000,  910.0000, 20.0000, 100.0000,  0, 153, 0
L 916.0000, -2.0000, 100.0000,  917.0000, 11.0000, 100.0000,  0, 153, 0
L 924.0000, -7.0000, 100.0000,  916.0000, -2.0000, 100.0000,  0, 153, 0
L 935.0000, -22.0000, 100.0000,  924.0000, -7.0000, 100.0000,  0, 153, 0
L 934.0000, -31.0000, 100.0000,  935.0000, -22.0000, 100.0000,  0, 153, 0
L 922.0000, -39.0000, 100.0000,  934.0000, -31.0000, 100.0000,  0, 153, 0
L 928.0000, -45.0000, 100.0000,  922.0000, -39.0000, 100.0000,  0, 153, 0
L 933.0000, -55.0000, 100.0000,  928.0000, -45.0000, 100.0000,  0, 153, 0
L 922.0000, -66.0000, 100.0000,  933.0000, -55.0000, 100.0000,  0, 153, 0
L 914.0000, -66.0000, 100.0000,  922.0000, -66.0000, 100.0000,  0, 153, 0
L 904.0000, -60.0000, 100.0000,  914.0000, -66.0000, 100.0000,  0, 153, 0
L 900.0000, -52.0000, 100.0000,  904.0000, -60.0000, 100.0000,  0, 153, 0
L 890.0000, -62.0000, 100.0000,  900.0000, -52.0000, 100.0000,  0, 153, 0
L 880.0000, -69.0000, 100.0000,  890.0000, -62.0000, 100.0000,  0, 153, 0
L 908.0000, -84.0000, 100.0000,  880.0000, -69.0000, 100.0000,  0, 153, 0
L 908.0000, -98.0000, 100.0000,  908.0000, -84.0000, 100.0000,  0, 153, 0
L 915.0000, -105.0000, 100.0000,  908.0000, -98.0000, 100.0000,  0, 153, 0
L 913.0000, -108.0000, 100.0000,  915.0000, -105.0000, 100.0000,  0, 153, 0
L 914.0000, -111.0000, 100.0000,  913.0000, -108.0000, 100.0000,  0, 153, 0
L 919.0000, -109.0000, 100.0000,  914.0000, -111.0000, 100.0000,  0, 153, 0
L 922.0000, -112.0000, 100.0000,  919.0000, -109.0000, 100.0000,  0, 153, 0
L 922.0000, -141.0000, 100.0000,  922.0000, -112.0000, 100.0000,  0, 153, 0
L 936.0000, -141.0000, 100.0000,  922.0000, -141.0000, 100.0000,  0, 153, 0
L 936.0000, -169.0000, 100.0000,  936.0000, -141.0000, 100.0000,  0, 153, 0
L 938.0000, -169.0000, 100.0000,  936.0000, -169.0000, 100.0000,  0, 153, 0
L 939.0000, -171.0000, 100.0000,  938.0000, -169.0000, 100.0000,  0, 153, 0
L 943.0000, -170.0000, 100.0000,  939.0000, -171.0000, 100.0000,  0, 153, 0
L 943.0000, -169.0000, 100.0000,  943.0000, -170.0000, 100.0000,  0, 153, 0
L 952.0000, -169.0000, 100.0000,  943.0000, -169.0000, 100.0000,  0, 153, 0
L 953.0000, -141.0000, 100.0000,  952.0000, -169.0000, 100.0000,  0, 153, 0
L 964.0000, -141.0000, 100.0000,  953.0000, -141.0000, 100.0000,  0, 153, 0
L 964.0000, -154.0000, 100.0000,  964.0000, -141.0000, 100.0000,  0, 153, 0
L 978.0000, -155.0000, 100.0000,  964.0000, -154.0000, 100.0000,  0, 153, 0
L 978.0000, -182.0000, 100.0000,  978.0000, -155.0000, 100.0000,  0, 153, 0
L 994.0000, -183.0000, 100.0000,  978.0000, -182.0000, 100.0000,  0, 153, 0
L 995.0000, -154.0000, 100.0000,  994.0000, -183.0000, 100.0000,  0, 153, 0
L 981.0000, -139.0000, 100.0000,  995.0000, -154.0000, 100.0000,  0, 153, 0
L 981.0000, -127.0000, 100.0000,  981.0000, -139.0000, 100.0000,  0, 153, 0
L 994.0000, -127.0000, 100.0000,  981.0000, -127.0000, 100.0000,  0, 153, 0
L 995.0000, -112.0000, 100.0000,  994.0000, -127.0000, 100.0000,  0, 153, 0
L 1008.0000, -99.0000, 100.0000,  995.0000, -112.0000, 100.0000,  0, 153, 0
L 1020.0000, -99.0000, 100.0000,  1008.0000, -99.0000, 100.0000,  0, 153, 0
L 1034.0000, -112.0000, 100.0000,  1020.0000, -99.0000, 100.0000,  0, 153, 0
L 1034.0000, -125.0000, 100.0000,  1034.0000, -112.0000, 100.0000,  0, 153, 0
L 1020.0000, -138.0000, 100.0000,  1034.0000, -125.0000, 100.0000,  0, 153, 0
L 1006.0000, -139.0000, 100.0000,  1020.0000, -138.0000, 100.0000,  0, 153, 0
L 1006.0000, -208.0000, 100.0000,  1006.0000, -139.0000, 100.0000,  0, 153, 0
L 992.0000, -208.0000, 100.0000,  1006.0000, -208.0000, 100.0000,  0, 153, 0
L 992.0000, -222.0000, 100.0000,  992.0000, -208.0000, 100.0000,  0, 153, 0
L 967.0000, -222.0000, 100.0000,  992.0000, -222.0000, 100.0000,  0, 153, 0
L 966.0000, -194.0000, 100.0000,  967.0000, -222.0000, 100.0000,  0, 153, 0
L 953.0000, -194.0000, 100.0000,  966.0000, -194.0000, 100.0000,  0, 153, 0
L 952.0000, -180.0000, 100.0000,  953.0000, -194.0000, 100.0000,  0, 153, 0
L 943.0000, -180.0000, 100.0000,  952.0000, -180.0000, 100.0000,  0, 153, 0
L 942.0000, -178.0000, 100.0000,  943.0000, -180.0000, 100.0000,  0, 153, 0
L 938.0000, -178.0000, 100.0000,  942.0000, -178.0000, 100.0000,  0, 153, 0
L 938.0000, -180.0000, 100.0000,  938.0000, -178.0000, 100.0000,  0, 153, 0
L 923.0000, -180.0000, 100.0000,  938.0000, -180.0000, 100.0000,  0, 153, 0
L 921.0000, -178.0000, 100.0000,  923.0000, -180.0000, 100.0000,  0, 153, 0
L 918.0000, -179.0000, 100.0000,  921.0000, -178.0000, 100.0000,  0, 153, 0
L 918.0000, -180.0000, 100.0000,  918.0000, -179.0000, 100.0000,  0, 153, 0
L 908.0000, -180.0000, 100.0000,  918.0000, -180.0000, 100.0000,  0, 153, 0
L 908.0000, -197.0000, 100.0000,  908.0000, -180.0000, 100.0000,  0, 153, 0
L 922.0000, -197.0000, 100.0000,  908.0000, -197.0000, 100.0000,  0, 153, 0
L 922.0000, -210.0000, 100.0000,  922.0000, -197.0000, 100.0000,  0, 153, 0
L 936.0000, -211.0000, 100.0000,  922.0000, -210.0000, 100.0000,  0, 153, 0
L 938.0000, -212.0000, 100.0000,  936.0000, -211.0000, 100.0000,  0, 153, 0
L 938.0000, -221.0000, 100.0000,  938.0000, -212.0000, 100.0000,  0, 153, 0
L 936.0000, -222.0000, 100.0000,  938.0000, -221.0000, 100.0000,  0, 153, 0
L 922.0000, -222.0000, 100.0000,  936.0000, -222.0000, 100.0000,  0, 153, 0
L 922.0000, -228.0000, 100.0000,  922.0000, -222.0000, 100.0000,  0, 153, 0
L 920.0000, -227.0000, 100.0000,  922.0000, -228.0000, 100.0000,  0, 153, 0
L 920.0000, -233.0000, 100.0000,  920.0000, -227.0000, 100.0000,  0, 153, 0
L 922.0000, -233.0000, 100.0000,  920.0000, -233.0000, 100.0000,  0, 153, 0
L 922.0000, -239.0000, 100.0000,  922.0000, -233.0000, 100.0000,  0, 153, 0
L 936.0000, -239.0000, 100.0000,  922.0000, -239.0000, 100.0000,  0, 153, 0
L 936.0000, -278.0000, 100.0000,  936.0000, -239.0000, 100.0000,  0, 153, 0
L 897.0000, -278.0000, 100.0000,  936.0000, -278.0000, 100.0000,  0, 153, 0
L 896.0000, -264.0000, 100.0000,  897.0000, -278.0000, 100.0000,  0, 153, 0
L 883.0000, -264.0000, 100.0000,  896.0000, -264.0000, 100.0000,  0, 153, 0
L 883.0000, -253.0000, 100.0000,  883.0000, -264.0000, 100.0000,  0, 153, 0
L 896.0000, -253.0000, 100.0000,  883.0000, -253.0000, 100.0000,  0, 153, 0
L 897.0000, -239.0000, 100.0000,  896.0000, -253.0000, 100.0000,  0, 153, 0
L 910.0000, -239.0000, 100.0000,  897.0000, -239.0000, 100.0000,  0, 153, 0
L 911.0000, -233.0000, 100.0000,  910.0000, -239.0000, 100.0000,  0, 153, 0
L 912.0000, -232.0000, 100.0000,  911.0000, -233.0000, 100.0000,  0, 153, 0
L 913.0000, -229.0000, 100.0000,  912.0000, -232.0000, 100.0000,  0, 153, 0
L 911.0000, -228.0000, 100.0000,  913.0000, -229.0000, 100.0000,  0, 153, 0
L 911.0000, -209.0000, 100.0000,  911.0000, -228.0000, 100.0000,  0, 153, 0
L 897.0000, -208.0000, 100.0000,  911.0000, -209.0000, 100.0000,  0, 153, 0
L 896.0000, -194.0000, 100.0000,  897.0000, -208.0000, 100.0000,  0, 153, 0
L 882.0000, -194.0000, 100.0000,  896.0000, -194.0000, 100.0000,  0, 153, 0
L 881.0000, -193.0000, 100.0000,  882.0000, -194.0000, 100.0000,  0, 153, 0
L 881.0000, -184.0000, 100.0000,  881.0000, -193.0000, 100.0000,  0, 153, 0
L 882.0000, -183.0000, 100.0000,  881.0000, -184.0000, 100.0000,  0, 153, 0
L 896.0000, -182.0000, 100.0000,  882.0000, -183.0000, 100.0000,  0, 153, 0
L 897.0000, -169.0000, 100.0000,  896.0000, -182.0000, 100.0000,  0, 153, 0
L 918.0000, -169.0000, 100.0000,  897.0000, -169.0000, 100.0000,  0, 153, 0
L 919.0000, -171.0000, 100.0000,  918.0000, -169.0000, 100.0000,  0, 153, 0
L 923.0000, -170.0000, 100.0000,  919.0000, -171.0000, 100.0000,  0, 153, 0
L 924.0000, -152.0000, 100.0000,  923.0000, -170.0000, 100.0000,  0, 153, 0
L 880.0000, -152.0000, 100.0000,  924.0000, -152.0000, 100.0000,  0, 153, 0
L 880.0000, -166.0000, 100.0000,  880.0000, -152.0000, 100.0000,  0, 153, 0
L 852.0000, -166.0000, 100.0000,  880.0000, -166.0000, 100.0000,  0, 153, 0
L 852.0000, -194.0000, 100.0000,  852.0000, -166.0000, 100.0000,  0, 153, 0
L 824.0000, -194.0000, 100.0000,  852.0000, -194.0000, 100.0000,  0, 153, 0
L 811.0000, -208.0000, 100.0000,  824.0000, -194.0000, 100.0000,  0, 153, 0
L 784.0000, -208.0000, 100.0000,  811.0000, -208.0000, 100.0000,  0, 153, 0
L 770.0000, -194.0000, 100.0000,  784.0000, -208.0000, 100.0000,  0, 153, 0
L 755.0000, -194.0000, 100.0000,  770.0000, -194.0000, 100.0000,  0, 153, 0
L 740.0000, -210.0000, 100.0000,  755.0000, -194.0000, 100.0000,  0, 153, 0
L 740.0000, -224.0000, 100.0000,  740.0000, -210.0000, 100.0000,  0, 153, 0
L 754.0000, -225.0000, 100.0000,  740.0000, -224.0000, 100.0000,  0, 153, 0
L 754.0000, -236.0000, 100.0000,  754.0000, -225.0000, 100.0000,  0, 153, 0
L 740.0000, -236.0000, 100.0000,  754.0000, -236.0000, 100.0000,  0, 153, 0
L 740.0000, -266.0000, 100.0000,  740.0000, -236.0000, 100.0000,  0, 153, 0
L 754.0000, -267.0000, 100.0000,  740.0000, -266.0000, 100.0000,  0, 153, 0
L 754.0000, -279.0000, 100.0000,  754.0000, -267.0000, 100.0000,  0, 153, 0
L 740.0000, -293.0000, 100.0000,  754.0000, -279.0000, 100.0000,  0, 153, 0
L 740.0000, -298.0000, 100.0000,  740.0000, -293.0000, 100.0000,  0, 153, 0
L 729.0000, -293.0000, 100.0000,  729.0000, -298.0000, 100.0000,  0, 153, 0
L 715.0000, -279.0000, 100.0000,  729.0000, -293.0000, 100.0000,  0, 153, 0
L 715.0000, -267.0000, 100.0000,  715.0000, -279.0000, 100.0000,  0, 153, 0
L 728.0000, -266.0000, 100.0000,  715.0000, -267.0000, 100.0000,  0, 153, 0
L 728.0000, -236.0000, 100.0000,  728.0000, -266.0000, 100.0000,  0, 153, 0
L 715.0000, -236.0000, 100.0000,  728.0000, -236.0000, 100.0000,  0, 153, 0
L 715.0000, -225.0000, 100.0000,  715.0000, -236.0000, 100.0000,  0, 153, 0
L 728.0000, -225.0000, 100.0000,  715.0000, -225.0000, 100.0000,  0, 153, 0
L 729.0000, -209.0000, 100.0000,  728.0000, -225.0000, 100.0000,  0, 153, 0
L 714.0000, -194.0000, 100.0000,  729.0000, -209.0000, 100.0000,  0, 153, 0
L 687.0000, -194.0000, 100.0000,  714.0000, -194.0000, 100.0000,  0, 153, 0
L 687.0000, -183.0000, 100.0000,  687.0000, -194.0000, 100.0000,  0, 153, 0
L 714.0000, -183.0000, 100.0000,  687.0000, -183.0000, 100.0000,  0, 153, 0
L 729.0000, -168.0000, 100.0000,  714.0000, -183.0000, 100.0000,  0, 153, 0
L 729.0000, -155.0000, 100.0000,  729.0000, -168.0000, 100.0000,  0, 153, 0
L 740.0000, -155.0000, 100.0000,  729.0000, -155.0000, 100.0000,  0, 153, 0
L 740.0000, -169.0000, 100.0000,  740.0000, -155.0000, 100.0000,  0, 153, 0
L 755.0000, -183.0000, 100.0000,  740.0000, -169.0000, 100.0000,  0, 153, 0
L 770.0000, -183.0000, 100.0000,  755.0000, -183.0000, 100.0000,  0, 153, 0
L 784.0000, -169.0000, 100.0000,  770.0000, -183.0000, 100.0000,  0, 153, 0
L 811.0000, -169.0000, 100.0000,  784.0000, -169.0000, 100.0000,  0, 153, 0
L 824.0000, -183.0000, 100.0000,  811.0000, -169.0000, 100.0000,  0, 153, 0
L 840.0000, -183.0000, 100.0000,  824.0000, -183.0000, 100.0000,  0, 153, 0
L 841.0000, -155.0000, 100.0000,  840.0000, -183.0000, 100.0000,  0, 153, 0
L 868.0000, -155.0000, 100.0000,  841.0000, -155.0000, 100.0000,  0, 153, 0
L 869.0000, -141.0000, 100.0000,  868.0000, -155.0000, 100.0000,  0, 153, 0
L 911.0000, -140.0000, 100.0000,  869.0000, -141.0000, 100.0000,  0, 153, 0
L 910.0000, -125.0000, 100.0000,  911.0000, -140.0000, 100.0000,  0, 153, 0
L 905.0000, -123.0000, 100.0000,  910.0000, -125.0000, 100.0000,  0, 153, 0
L 909.0000, -118.0000, 100.0000,  905.0000, -123.0000, 100.0000,  0, 153, 0
L 904.0000, -118.0000, 100.0000,  909.0000, -118.0000, 100.0000,  0, 153, 0
L 900.0000, -121.0000, 100.0000,  904.0000, -118.0000, 100.0000,  0, 153, 0
L 896.0000, -110.0000, 100.0000,  900.0000, -121.0000, 100.0000,  0, 153, 0
L 881.0000, -110.0000, 100.0000,  896.0000, -110.0000, 100.0000,  0, 153, 0
L 878.0000, -108.0000, 100.0000,  881.0000, -110.0000, 100.0000,  0, 153, 0
L 873.0000, -110.0000, 100.0000,  878.0000, -108.0000, 100.0000,  0, 153, 0
L 862.0000, -120.0000, 100.0000,  873.0000, -110.0000, 100.0000,  0, 153, 0
L 861.0000, -124.0000, 100.0000,  862.0000, -120.0000, 100.0000,  0, 153, 0
L 854.0000, -124.0000, 100.0000,  861.0000, -124.0000, 100.0000,  0, 153, 0
L 840.0000, -110.0000, 100.0000,  854.0000, -124.0000, 100.0000,  0, 153, 0
L 829.0000, -110.0000, 100.0000,  840.0000, -110.0000, 100.0000,  0, 153, 0
L 755.0000, -27.0000, 100.0000,  739.0000, -27.0000, 100.0000,  0, 153, 0
L 759.0000, 15.0000, 100.0000,  758.0000, -31.0000, 100.0000,  0, 153, 0
L 739.0000, 15.0000, 100.0000,  759.0000, 15.0000, 100.0000,  0, 153, 0
L 739.0000, -31.0000, 100.0000,  739.0000, 15.0000, 100.0000,  0, 153, 0
L 685.0000, -107.0000, 100.0000,  694.0000, -107.0000, 100.0000,  0, 153, 0
L 685.0000, -88.0000, 100.0000,  685.0000, -107.0000, 100.0000,  0, 153, 0
L 694.0000, -87.0000, 100.0000,  685.0000, -88.0000, 100.0000,  0, 153, 0
L 694.0000, -107.0000, 100.0000,  694.0000, -87.0000, 100.0000,  0, 153, 0
L 823.0000, -103.0000, 100.0000,  824.0000, -111.0000, 100.0000,  0, 153, 0
L 828.0000, -102.0000, 100.0000,  823.0000, -103.0000, 100.0000,  0, 153, 0
L 829.0000, -110.0000, 100.0000,  828.0000, -102.0000, 100.0000,  0, 153, 0
L 827.0000, -91.0000, 100.0000,  829.0000, -85.0000, 100.0000,  0, 153, 0
L 824.0000, -91.0000, 100.0000,  827.0000, -91.0000, 100.0000,  0, 153, 0
L 824.0000, -84.0000, 100.0000,  824.0000, -91.0000, 100.0000,  0, 153, 0
L 811.0000, -71.0000, 100.0000,  824.0000, -84.0000, 100.0000,  0, 153, 0
L 796.0000, -70.0000, 100.0000,  811.0000, -71.0000, 100.0000,  0, 153, 0
L 796.0000, -54.0000, 100.0000,  796.0000, -70.0000, 100.0000,  0, 153, 0
L 801.0000, -51.0000, 100.0000,  796.0000, -54.0000, 100.0000,  0, 153, 0
L 801.0000, -54.0000, 100.0000,  801.0000, -51.0000, 100.0000,  0, 153, 0
L 797.0000, -45.0000, 100.0000,  801.0000, -43.0000, 100.0000,  0, 153, 0
L 796.0000, -31.0000, 100.0000,  797.0000, -45.0000, 100.0000,  0, 153, 0
L 803.0000, -20.0000, 100.0000,  796.0000, -31.0000, 100.0000,  0, 153, 0
L 796.0000, 19.0000, 100.0000,  803.0000, -20.0000, 100.0000,  0, 153, 0
L 769.0000, 26.0000, 100.0000,  796.0000, 19.0000, 100.0000,  0, 153, 0
L 727.0000, 26.0000, 100.0000,  769.0000, 26.0000, 100.0000,  0, 153, 0
L 701.0000, 19.0000, 100.0000,  727.0000, 26.0000, 100.0000,  0, 153, 0
L 694.0000, -20.0000, 100.0000,  701.0000, 19.0000, 100.0000,  0, 153, 0
L 701.0000, -31.0000, 100.0000,  694.0000, -20.0000, 100.0000,  0, 153, 0
L 701.0000, -70.0000, 100.0000,  701.0000, -31.0000, 100.0000,  0, 153, 0
L 686.0000, -71.0000, 100.0000,  701.0000, -70.0000, 100.0000,  0, 153, 0
L 673.0000, -84.0000, 100.0000,  686.0000, -71.0000, 100.0000,  0, 153, 0
L 673.0000, -111.0000, 100.0000,  673.0000, -84.0000, 100.0000,  0, 153, 0
L 686.0000, -124.0000, 100.0000,  673.0000, -111.0000, 100.0000,  0, 153, 0
L 700.0000, -124.0000, 100.0000,  686.0000, -124.0000, 100.0000,  0, 153, 0
L 701.0000, -138.0000, 100.0000,  700.0000, -124.0000, 100.0000,  0, 153, 0
L 796.0000, -138.0000, 100.0000,  701.0000, -138.0000, 100.0000,  0, 153, 0
L 796.0000, -124.0000, 100.0000,  796.0000, -138.0000, 100.0000,  0, 153, 0
L 811.0000, -124.0000, 100.0000,  796.0000, -124.0000, 100.0000,  0, 153, 0
L 824.0000, -111.0000, 100.0000,  811.0000, -124.0000, 100.0000,  0, 153, 0
L 719.0000, -83.0000, 100.0000,  719.0000, -113.0000, 100.0000,  0, 153, 0
L 778.0000, -82.0000, 100.0000,  719.0000, -83.0000, 100.0000,  0, 153, 0
L 779.0000, -113.0000, 100.0000,  778.0000, -82.0000, 100.0000,  0, 153, 0
L 720.0000, -113.0000, 100.0000,  779.0000, -113.0000, 100.0000,  0, 153, 0
L 523.0000, -86.0000, 100.0000,  523.0000, -109.0000, 100.0000,  0, 0, 153
L 731.0000, -85.0000, 100.0000,  732.0000, -109.0000, 100.0000,  0, 0, 153
L 765.0000, -86.0000, 100.0000,  731.0000, -85.0000, 100.0000,  0, 0, 153
L 766.0000, -109.0000, 100.0000,  765.0000, -86.0000, 100.0000,  0, 0, 153
L 731.0000, -110.0000, 100.0000,  766.0000, -109.0000, 100.0000,  0, 0, 153
L 684.0000, -68.0000, 100.0000,  683.0000, -127.0000, 100.0000,  0, 0, 153
L 701.0000, -68.0000, 100.0000,  684.0000, -68.0000, 100.0000,  0, 0, 153
L 701.0000, -127.0000, 100.0000,  701.0000, -68.0000, 100.0000,  0, 0, 153
L 684.0000, -127.0000, 100.0000,  701.0000, -127.0000, 100.0000,  0, 0, 153
L 642.0000, -109.0000, 100.0000,  589.0000, -109.0000, 100.0000,  0, 0, 153
L 647.0000, -105.0000, 100.0000,  642.0000, -109.0000, 100.0000,  0, 0, 153
L 650.0000, -105.0000, 100.0000,  647.0000, -105.0000, 100.0000,  0, 0, 153
L 654.0000, -109.0000, 100.0000,  650.0000, -105.0000, 100.0000,  0, 0, 153
L 673.0000, -110.0000, 100.0000,  654.0000, -109.0000, 100.0000,  0, 0, 153
L 673.0000, -139.0000, 100.0000,  673.0000, -110.0000, 100.0000,  0, 0, 153
L 686.0000, -151.0000, 100.0000,  673.0000, -139.0000, 100.0000,  0, 0, 153
L 715.0000, -152.0000, 100.0000,  686.0000, -151.0000, 100.0000,  0, 0, 153
L 729.0000, -166.0000, 100.0000,  715.0000, -152.0000, 100.0000,  0, 0, 153
L 729.0000, -179.0000, 100.0000,  729.0000, -166.0000, 100.0000,  0, 0, 153
L 739.0000, -179.0000, 100.0000,  729.0000, -179.0000, 100.0000,  0, 0, 153
L 740.0000, -166.0000, 100.0000,  739.0000, -179.0000, 100.0000,  0, 0, 153
L 754.0000, -152.0000, 100.0000,  740.0000, -166.0000, 100.0000,  0, 0, 153
L 782.0000, -151.0000, 100.0000,  754.0000, -152.0000, 100.0000,  0, 0, 153
L 795.0000, -139.0000, 100.0000,  782.0000, -151.0000, 100.0000,  0, 0, 153
L 795.0000, -125.0000, 100.0000,  795.0000, -139.0000, 100.0000,  0, 0, 153
L 809.0000, -111.0000, 100.0000,  795.0000, -125.0000, 100.0000,  0, 0, 153
L 809.0000, -84.0000, 100.0000,  809.0000, -111.0000, 100.0000,  0, 0, 153
L 795.0000, -70.0000, 100.0000,  809.0000, -84.0000, 100.0000,  0, 0, 153
L 795.0000, -56.0000, 100.0000,  795.0000, -70.0000, 100.0000,  0, 0, 153
L 782.0000, -44.0000, 100.0000,  795.0000, -56.0000, 100.0000,  0, 0, 153
L 755.0000, -44.0000, 100.0000,  782.0000, -44.0000, 100.0000,  0, 0, 153
L 739.0000, -29.0000, 100.0000,  755.0000, -44.0000, 100.0000,  0, 0, 153
L 739.0000, -16.0000, 100.0000,  739.0000, -29.0000, 100.0000,  0, 0, 153
L 729.0000, -16.0000, 100.0000,  739.0000, -16.0000, 100.0000,  0, 0, 153
L 729.0000, -28.0000, 100.0000,  729.0000, -16.0000, 100.0000,  0, 0, 153
L 713.0000, -44.0000, 100.0000,  729.0000, -28.0000, 100.0000,  0, 0, 153
L 686.0000, -44.0000, 100.0000,  713.0000, -44.0000, 100.0000,  0, 0, 153
L 673.0000, -56.0000, 100.0000,  686.0000, -44.0000, 100.0000,  0, 0, 153
L 673.0000, -85.0000, 100.0000,  673.0000, -56.0000, 100.0000,  0, 0, 153
L 654.0000, -86.0000, 100.0000,  673.0000, -85.0000, 100.0000,  0, 0, 153
L 651.0000, -89.0000, 100.0000,  654.0000, -86.0000, 100.0000,  0, 0, 153
L 646.0000, -90.0000, 100.0000,  651.0000, -89.0000, 100.0000,  0, 0, 153
L 642.0000, -86.0000, 100.0000,  646.0000, -90.0000, 100.0000,  0, 0, 153
L 589.0000, -85.0000, 100.0000,  642.0000, -86.0000, 100.0000,  0, 0, 153
L 614.0000, -109.0000, 100.0000,  614.0000, -86.0000, 100.0000,  0, 0, 153
L 588.0000, -112.0000, 100.0000,  588.0000, -83.0000, 100.0000,  0, 0, 153
L 588.0000, -112.0000, 100.0000,  588.0000, -117.0000, 100.0000,  0, 0, 153
L 630.0000, -112.0000, 100.0000,  588.0000, -112.0000, 100.0000,  0, 0, 153
L 630.0000, -83.0000, 100.0000,  630.0000, -112.0000, 100.0000,  0, 0, 153
L 588.0000, -83.0000, 100.0000,  630.0000, -83.0000, 100.0000,  0, 0, 153
L 588.0000, -78.0000, 100.0000,  588.0000, -83.0000, 100.0000,  0, 0, 153
L 634.0000, -78.0000, 100.0000,  588.0000, -78.0000, 100.0000,  0, 0, 153
L 635.0000, -117.0000, 100.0000,  634.0000, -78.0000, 100.0000,  0, 0, 153
L 588.0000, -117.0000, 100.0000,  635.0000, -117.0000, 100.0000,  0, 0, 153
L 516.0000, -84.0000, 100.0000,  517.0000, -60.0000, 100.0000,  0, 0, 153
L 526.0000, -85.0000, 100.0000,  516.0000, -84.0000, 100.0000,  0, 0, 153
L 527.0000, -87.0000, 100.0000,  526.0000, -85.0000, 100.0000,  0, 0, 153
L 530.0000, -90.0000, 100.0000,  527.0000, -87.0000, 100.0000,  0, 0, 153
L 535.0000, -92.0000, 100.0000,  530.0000, -90.0000, 100.0000,  0, 0, 153
L 547.0000, -91.0000, 100.0000,  535.0000, -92.0000, 100.0000,  0, 0, 153
L 548.0000, -103.0000, 100.0000,  547.0000, -91.0000, 100.0000,  0, 0, 153
L 534.0000, -103.0000, 100.0000,  548.0000, -103.0000, 100.0000,  0, 0, 153
L 530.0000, -105.0000, 100.0000,  534.0000, -103.0000, 100.0000,  0, 0, 153
L 527.0000, -109.0000, 100.0000,  530.0000, -105.0000, 100.0000,  0, 0, 153
L 526.0000, -110.0000, 100.0000,  527.0000, -109.0000, 100.0000,  0, 0, 153
L 516.0000, -110.0000, 100.0000,  526.0000, -110.0000, 100.0000,  0, 0, 153
L 516.0000, -124.0000, 100.0000,  516.0000, -110.0000, 100.0000,  0, 0, 153
L 356.0000, -103.0000, 100.0000,  349.0000, -99.0000, 100.0000,  0, 0, 153
L 365.0000, -99.0000, 100.0000,  356.0000, -103.0000, 100.0000,  0, 0, 153
L 369.0000, -93.0000, 100.0000,  365.0000, -99.0000, 100.0000,  0, 0, 153
L 365.0000, -83.0000, 100.0000,  369.0000, -93.0000, 100.0000,  0, 0, 153
L 351.0000, -55.0000, 100.0000,  365.0000, -83.0000, 100.0000,  0, 0, 153
L 364.0000, -29.0000, 100.0000,  351.0000, -55.0000, 100.0000,  0, 0, 153
L 405.0000, -15.0000, 100.0000,  364.0000, -29.0000, 100.0000,  0, 0, 153
L 418.0000, -29.0000, 100.0000,  405.0000, -15.0000, 100.0000,  0, 0, 153
L 448.0000, -29.0000, 100.0000,  418.0000, -29.0000, 100.0000,  0, 0, 153
L 476.0000, -15.0000, 100.0000,  448.0000, -29.0000, 100.0000,  0, 0, 153
L 488.0000, -15.0000, 100.0000,  476.0000, -15.0000, 100.0000,  0, 0, 153
L 501.0000, -34.0000, 100.0000,  488.0000, -15.0000, 100.0000,  0, 0, 153
L 500.0000, -45.0000, 100.0000,  501.0000, -34.0000, 100.0000,  0, 0, 153
L 508.0000, -63.0000, 100.0000,  500.0000, -45.0000, 100.0000,  0, 0, 153
L 525.0000, -60.0000, 100.0000,  508.0000, -63.0000, 100.0000,  0, 0, 153
L 537.0000, -73.0000, 100.0000,  525.0000, -60.0000, 100.0000,  0, 0, 153
L 544.0000, -75.0000, 100.0000,  537.0000, -73.0000, 100.0000,  0, 0, 153
L 544.0000, -84.0000, 100.0000,  544.0000, -75.0000, 100.0000,  0, 0, 153
L 551.0000, -85.0000, 100.0000,  544.0000, -84.0000, 100.0000,  0, 0, 153
L 554.0000, -89.0000, 100.0000,  551.0000, -85.0000, 100.0000,  0, 0, 153
L 558.0000, -89.0000, 100.0000,  554.0000, -89.0000, 100.0000,  0, 0, 153
L 561.0000, -84.0000, 100.0000,  558.0000, -89.0000, 100.0000,  0, 0, 153
L 561.0000, -70.0000, 100.0000,  561.0000, -84.0000, 100.0000,  0, 0, 153
L 574.0000, -57.0000, 100.0000,  561.0000, -70.0000, 100.0000,  0, 0, 153
L 589.0000, -55.0000, 100.0000,  574.0000, -57.0000, 100.0000,  0, 0, 153
L 589.0000, -43.0000, 100.0000,  589.0000, -55.0000, 100.0000,  0, 0, 153
L 600.0000, -43.0000, 100.0000,  589.0000, -43.0000, 100.0000,  0, 0, 153
L 600.0000, -56.0000, 100.0000,  600.0000, -43.0000, 100.0000,  0, 0, 153
L 617.0000, -56.0000, 100.0000,  600.0000, -56.0000, 100.0000,  0, 0, 153
L 617.0000, -43.0000, 100.0000,  617.0000, -56.0000, 100.0000,  0, 0, 153
L 628.0000, -43.0000, 100.0000,  617.0000, -43.0000, 100.0000,  0, 0, 153
L 628.0000, -55.0000, 100.0000,  628.0000, -43.0000, 100.0000,  0, 0, 153
L 643.0000, -57.0000, 100.0000,  628.0000, -55.0000, 100.0000,  0, 0, 153
L 655.0000, -69.0000, 100.0000,  643.0000, -57.0000, 100.0000,  0, 0, 153
L 642.0000, -83.0000, 100.0000,  655.0000, -69.0000, 100.0000,  0, 0, 153
L 642.0000, -113.0000, 100.0000,  642.0000, -83.0000, 100.0000,  0, 0, 153
L 655.0000, -125.0000, 100.0000,  642.0000, -113.0000, 100.0000,  0, 0, 153
L 643.0000, -138.0000, 100.0000,  655.0000, -125.0000, 100.0000,  0, 0, 153
L 628.0000, -140.0000, 100.0000,  643.0000, -138.0000, 100.0000,  0, 0, 153
L 628.0000, -152.0000, 100.0000,  628.0000, -140.0000, 100.0000,  0, 0, 153
L 617.0000, -152.0000, 100.0000,  628.0000, -152.0000, 100.0000,  0, 0, 153
L 617.0000, -140.0000, 100.0000,  617.0000, -152.0000, 100.0000,  0, 0, 153
L 600.0000, -139.0000, 100.0000,  617.0000, -140.0000, 100.0000,  0, 0, 153
L 600.0000, -152.0000, 100.0000,  600.0000, -139.0000, 100.0000,  0, 0, 153
L 589.0000, -152.0000, 100.0000,  600.0000, -152.0000, 100.0000,  0, 0, 153
L 589.0000, -139.0000, 100.0000,  589.0000, -152.0000, 100.0000,  0, 0, 153
L 574.0000, -138.0000, 100.0000,  589.0000, -139.0000, 100.0000,  0, 0, 153
L 561.0000, -125.0000, 100.0000,  574.0000, -138.0000, 100.0000,  0, 0, 153
L 561.0000, -111.0000, 100.0000,  561.0000, -125.0000, 100.0000,  0, 0, 153
L 558.0000, -106.0000, 100.0000,  561.0000, -111.0000, 100.0000,  0, 0, 153
L 555.0000, -106.0000, 100.0000,  558.0000, -106.0000, 100.0000,  0, 0, 153
L 551.0000, -110.0000, 100.0000,  555.0000, -106.0000, 100.0000,  0, 0, 153
L 544.0000, -110.0000, 100.0000,  551.0000, -110.0000, 100.0000,  0, 0, 153
L 544.0000, -121.0000, 100.0000,  544.0000, -110.0000, 100.0000,  0, 0, 153
L 536.0000, -129.0000, 100.0000,  544.0000, -121.0000, 100.0000,  0, 0, 153
L 531.0000, -132.0000, 100.0000,  536.0000, -129.0000, 100.0000,  0, 0, 153
L 523.0000, -127.0000, 100.0000,  531.0000, -132.0000, 100.0000,  0, 0, 153
L 519.0000, -130.0000, 100.0000,  523.0000, -127.0000, 100.0000,  0, 0, 153
L 516.0000, -122.0000, 100.0000,  519.0000, -130.0000, 100.0000,  0, 0, 153
L 498.0000, -131.0000, 100.0000,  516.0000, -122.0000, 100.0000,  0, 0, 153
L 495.0000, -138.0000, 100.0000,  498.0000, -131.0000, 100.0000,  0, 0, 153
L 488.0000, -138.0000, 100.0000,  495.0000, -138.0000, 100.0000,  0, 0, 153
L 471.0000, -180.0000, 100.0000,  488.0000, -138.0000, 100.0000,  0, 0, 153
L 420.0000, -180.0000, 100.0000,  471.0000, -180.0000, 100.0000,  0, 0, 153
L 393.0000, -125.0000, 100.0000,  420.0000, -180.0000, 100.0000,  0, 0, 153
L 370.0000, -124.0000, 100.0000,  393.0000, -125.0000, 100.0000,  0, 0, 153
L 363.0000, -109.0000, 100.0000,  370.0000, -124.0000, 100.0000,  0, 0, 153
L 351.0000, -108.0000, 100.0000,  363.0000, -109.0000, 100.0000,  0, 0, 153
L 348.0000, -110.0000, 100.0000,  351.0000, -108.0000, 100.0000,  0, 0, 153
L -41.0000, -1.0000, 100.0000,  -84.0000, -1.0000, 100.0000,  0, 0, 153
L -40.0000, 12.0000, 100.0000,  -41.0000, -1.0000, 100.0000,  0, 0, 153
L 12.0000, 12.0000, 100.0000,  -40.0000, 12.0000, 100.0000,  0, 0, 153
L 12.0000, -1.0000, 100.0000,  12.0000, 12.0000, 100.0000,  0, 0, 153
L 57.0000, -1.0000, 100.0000,  12.0000, -1.0000, 100.0000,  0, 0, 153
L 62.0000, -3.0000, 100.0000,  57.0000, -1.0000, 100.0000,  0, 0, 153
L 62.0000, -4.0000, 100.0000,  62.0000, -3.0000, 100.0000,  0, 0, 153
L 68.0000, -6.0000, 100.0000,  62.0000, -4.0000, 100.0000,  0, 0, 153
L 68.0000, -43.0000, 100.0000,  68.0000, -6.0000, 100.0000,  0, 0, 153
L 112.0000, -43.0000, 100.0000,  68.0000, -43.0000, 100.0000,  0, 0, 153
L 113.0000, -1.0000, 100.0000,  112.0000, -43.0000, 100.0000,  0, 0, 153
L 143.0000, -1.0000, 100.0000,  113.0000, -1.0000, 100.0000,  0, 0, 153
L 147.0000, -4.0000, 100.0000,  143.0000, -1.0000, 100.0000,  0, 0, 153
L 153.0000, -6.0000, 100.0000,  147.0000, -4.0000, 100.0000,  0, 0, 153
L 157.0000, -3.0000, 100.0000,  153.0000, -6.0000, 100.0000,  0, 0, 153
L 160.0000, -1.0000, 100.0000,  157.0000, -3.0000, 100.0000,  0, 0, 153
L 180.0000, -1.0000, 100.0000,  160.0000, -1.0000, 100.0000,  0, 0, 153
L 181.0000, -29.0000, 100.0000,  180.0000, -1.0000, 100.0000,  0, 0, 153
L 195.0000, -29.0000, 100.0000,  181.0000, -29.0000, 100.0000,  0, 0, 153
L 208.0000, -42.0000, 100.0000,  195.0000, -29.0000, 100.0000,  0, 0, 153
L 208.0000, -57.0000, 100.0000,  208.0000, -42.0000, 100.0000,  0, 0, 153
L 238.0000, -57.0000, 100.0000,  208.0000, -57.0000, 100.0000,  0, 0, 153
L 250.0000, -33.0000, 100.0000,  238.0000, -57.0000, 100.0000,  0, 0, 153
L 254.0000, -35.0000, 100.0000,  250.0000, -33.0000, 100.0000,  0, 0, 153
L 262.0000, -35.0000, 100.0000,  254.0000, -35.0000, 100.0000,  0, 0, 153
L 264.0000, -29.0000, 100.0000,  262.0000, -35.0000, 100.0000,  0, 0, 153
L 267.0000, -28.0000, 100.0000,  264.0000, -29.0000, 100.0000,  0, 0, 153
L 267.0000, -14.0000, 100.0000,  267.0000, -28.0000, 100.0000,  0, 0, 153
L 279.0000, -2.0000, 100.0000,  267.0000, -14.0000, 100.0000,  0, 0, 153
L 294.0000, -15.0000, 100.0000,  279.0000, -2.0000, 100.0000,  0, 0, 153
L 309.0000, 0.0000, 100.0000,  294.0000, -15.0000, 100.0000,  0, 0, 153
L 295.0000, 14.0000, 100.0000,  309.0000, 0.0000, 100.0000,  0, 0, 153
L 295.0000, 27.0000, 100.0000,  295.0000, 14.0000, 100.0000,  0, 0, 153
L 308.0000, 40.0000, 100.0000,  295.0000, 27.0000, 100.0000,  0, 0, 153
L 321.0000, 40.0000, 100.0000,  308.0000, 40.0000, 100.0000,  0, 0, 153
L 335.0000, 26.0000, 100.0000,  321.0000, 40.0000, 100.0000,  0, 0, 153
L 351.0000, 41.0000, 100.0000,  335.0000, 26.0000, 100.0000,  0, 0, 153
L 337.0000, 57.0000, 100.0000,  351.0000, 41.0000, 100.0000,  0, 0, 153
L 322.0000, 57.0000, 100.0000,  337.0000, 57.0000, 100.0000,  0, 0, 153
L 321.0000, 75.0000, 100.0000,  322.0000, 57.0000, 100.0000,  0, 0, 153
L 327.0000, 72.0000, 100.0000,  321.0000, 75.0000, 100.0000,  0, 0, 153
L 336.0000, 68.0000, 100.0000,  327.0000, 72.0000, 100.0000,  0, 0, 153
L 350.0000, 82.0000, 100.0000,  336.0000, 68.0000, 100.0000,  0, 0, 153
L 363.0000, 82.0000, 100.0000,  350.0000, 82.0000, 100.0000,  0, 0, 153
L 377.0000, 68.0000, 100.0000,  363.0000, 82.0000, 100.0000,  0, 0, 153
L 393.0000, 69.0000, 100.0000,  377.0000, 68.0000, 100.0000,  0, 0, 153
L 407.0000, 83.0000, 100.0000,  393.0000, 69.0000, 100.0000,  0, 0, 153
L 393.0000, 98.0000, 100.0000,  407.0000, 83.0000, 100.0000,  0, 0, 153
L 364.0000, 99.0000, 100.0000,  393.0000, 98.0000, 100.0000,  0, 0, 153
L 349.0000, 113.0000, 100.0000,  364.0000, 99.0000, 100.0000,  0, 0, 153
L 335.0000, 99.0000, 100.0000,  349.0000, 113.0000, 100.0000,  0, 0, 153
L 322.0000, 99.0000, 100.0000,  335.0000, 99.0000, 100.0000,  0, 0, 153
L 306.0000, 113.0000, 100.0000,  322.0000, 99.0000, 100.0000,  0, 0, 153
L 292.0000, 98.0000, 100.0000,  306.0000, 113.0000, 100.0000,  0, 0, 153
L 307.0000, 82.0000, 100.0000,  292.0000, 98.0000, 100.0000,  0, 0, 153
L 299.0000, 64.0000, 100.0000,  307.0000, 82.0000, 100.0000,  0, 0, 153
L 303.0000, 53.0000, 100.0000,  299.0000, 64.0000, 100.0000,  0, 0, 153
L 293.0000, 43.0000, 100.0000,  303.0000, 53.0000, 100.0000,  0, 0, 153
L 280.0000, 43.0000, 100.0000,  293.0000, 43.0000, 100.0000,  0, 0, 153
L 267.0000, 56.0000, 100.0000,  280.0000, 43.0000, 100.0000,  0, 0, 153
L 267.0000, 69.0000, 100.0000,  267.0000, 56.0000, 100.0000,  0, 0, 153
L 281.0000, 98.0000, 100.0000,  267.0000, 69.0000, 100.0000,  0, 0, 153
L 253.0000, 126.0000, 100.0000,  281.0000, 98.0000, 100.0000,  0, 0, 153
L 253.0000, 139.0000, 100.0000,  253.0000, 126.0000, 100.0000,  0, 0, 153
L 280.0000, 166.0000, 100.0000,  253.0000, 139.0000, 100.0000,  0, 0, 153
L 292.0000, 166.0000, 100.0000,  280.0000, 166.0000, 100.0000,  0, 0, 153
L 307.0000, 124.0000, 100.0000,  292.0000, 166.0000, 100.0000,  0, 0, 153
L 322.0000, 138.0000, 100.0000,  307.0000, 124.0000, 100.0000,  0, 0, 153
L 335.0000, 138.0000, 100.0000,  322.0000, 138.0000, 100.0000,  0, 0, 153
L 349.0000, 124.0000, 100.0000,  335.0000, 138.0000, 100.0000,  0, 0, 153
L 391.0000, 110.0000, 100.0000,  349.0000, 124.0000, 100.0000,  0, 0, 153
L 406.0000, 124.0000, 100.0000,  391.0000, 110.0000, 100.0000,  0, 0, 153
L 419.0000, 124.0000, 100.0000,  406.0000, 124.0000, 100.0000,  0, 0, 153
L 432.0000, 111.0000, 100.0000,  419.0000, 124.0000, 100.0000,  0, 0, 153
L 432.0000, 98.0000, 100.0000,  432.0000, 111.0000, 100.0000,  0, 0, 153
L 418.0000, 84.0000, 100.0000,  432.0000, 98.0000, 100.0000,  0, 0, 153
L 432.0000, 69.0000, 100.0000,  418.0000, 84.0000, 100.0000,  0, 0, 153
L 432.0000, 55.0000, 100.0000,  432.0000, 69.0000, 100.0000,  0, 0, 153
L 460.0000, 27.0000, 100.0000,  432.0000, 55.0000, 100.0000,  0, 0, 153
L 460.0000, 14.0000, 100.0000,  460.0000, 27.0000, 100.0000,  0, 0, 153
L 447.0000, 1.0000, 100.0000,  460.0000, 14.0000, 100.0000,  0, 0, 153
L 434.0000, 1.0000, 100.0000,  447.0000, 1.0000, 100.0000,  0, 0, 153
L 420.0000, 29.0000, 100.0000,  434.0000, 1.0000, 100.0000,  0, 0, 153
L 406.0000, 29.0000, 100.0000,  420.0000, 29.0000, 100.0000,  0, 0, 153
L 393.0000, 57.0000, 100.0000,  406.0000, 29.0000, 100.0000,  0, 0, 153
L 378.0000, 57.0000, 100.0000,  393.0000, 57.0000, 100.0000,  0, 0, 153
L 362.0000, 41.0000, 100.0000,  378.0000, 57.0000, 100.0000,  0, 0, 153
L 376.0000, 27.0000, 100.0000,  362.0000, 41.0000, 100.0000,  0, 0, 153
L 376.0000, 14.0000, 100.0000,  376.0000, 27.0000, 100.0000,  0, 0, 153
L 363.0000, 1.0000, 100.0000,  376.0000, 14.0000, 100.0000,  0, 0, 153
L 350.0000, 1.0000, 100.0000,  363.0000, 1.0000, 100.0000,  0, 0, 153
L 335.0000, 15.0000, 100.0000,  350.0000, 1.0000, 100.0000,  0, 0, 153
L 320.0000, 0.0000, 100.0000,  335.0000, 15.0000, 100.0000,  0, 0, 153
L 333.0000, -27.0000, 100.0000,  320.0000, 0.0000, 100.0000,  0, 0, 153
L 321.0000, -40.0000, 100.0000,  333.0000, -27.0000, 100.0000,  0, 0, 153
L 306.0000, -40.0000, 100.0000,  321.0000, -40.0000, 100.0000,  0, 0, 153
L 306.0000, -99.0000, 100.0000,  306.0000, -40.0000, 100.0000,  0, 0, 153
L 349.0000, -99.0000, 100.0000,  306.0000, -99.0000, 100.0000,  0, 0, 153
L 401.0000, -90.0000, 100.0000,  404.0000, -84.0000, 100.0000,  0, 0, 153
L 397.0000, -93.0000, 100.0000,  401.0000, -90.0000, 100.0000,  0, 0, 153
L 390.0000, -94.0000, 100.0000,  397.0000, -93.0000, 100.0000,  0, 0, 153
L 386.0000, -91.0000, 100.0000,  390.0000, -94.0000, 100.0000,  0, 0, 153
L 382.0000, -83.0000, 100.0000,  386.0000, -91.0000, 100.0000,  0, 0, 153
L 382.0000, -78.0000, 100.0000,  382.0000, -83.0000, 100.0000,  0, 0, 153
L 384.0000, -73.0000, 100.0000,  382.0000, -78.0000, 100.0000,  0, 0, 153
L 391.0000, -72.0000, 100.0000,  384.0000, -73.0000, 100.0000,  0, 0, 153
L 399.0000, -74.0000, 100.0000,  391.0000, -72.0000, 100.0000,  0, 0, 153
L 402.0000, -84.0000, 100.0000,  399.0000, -74.0000, 100.0000,  0, 0, 153
L 400.0000, -91.0000, 100.0000,  402.0000, -84.0000, 100.0000,  0, 0, 153
L 427.0000, -104.0000, 100.0000,  417.0000, -114.0000, 100.0000,  0, 0, 153
L 438.0000, -111.0000, 100.0000,  427.0000, -104.0000, 100.0000,  0, 0, 153
L 439.0000, -118.0000, 100.0000,  438.0000, -111.0000, 100.0000,  0, 0, 153
L 437.0000, -122.0000, 100.0000,  439.0000, -118.0000, 100.0000,  0, 0, 153
L 430.0000, -126.0000, 100.0000,  437.0000, -122.0000, 100.0000,  0, 0, 153
L 424.0000, -125.0000, 100.0000,  430.0000, -126.0000, 100.0000,  0, 0, 153
L 419.0000, -123.0000, 100.0000,  424.0000, -125.0000, 100.0000,  0, 0, 153
L 414.0000, -116.0000, 100.0000,  419.0000, -123.0000, 100.0000,  0, 0, 153
L 350.0000, -152.0000, 100.0000,  344.0000, -153.0000, 100.0000,  0, 0, 153
L 346.0000, -155.0000, 100.0000,  348.0000, -151.0000, 100.0000,  0, 0, 153
L 343.0000, -153.0000, 100.0000,  346.0000, -157.0000, 100.0000,  0, 0, 153
L 344.0000, -149.0000, 100.0000,  343.0000, -153.0000, 100.0000,  0, 0, 153
L 348.0000, -147.0000, 100.0000,  344.0000, -149.0000, 100.0000,  0, 0, 153
L 352.0000, -151.0000, 100.0000,  348.0000, -147.0000, 100.0000,  0, 0, 153
L 350.0000, -156.0000, 100.0000,  352.0000, -151.0000, 100.0000,  0, 0, 153
L 346.0000, -157.0000, 100.0000,  350.0000, -156.0000, 100.0000,  0, 0, 153
L 308.0000, -110.0000, 100.0000,  348.0000, -110.0000, 100.0000,  0, 0, 153
L 295.0000, -97.0000, 100.0000,  308.0000, -110.0000, 100.0000,  0, 0, 153
L 295.0000, -41.0000, 100.0000,  295.0000, -97.0000, 100.0000,  0, 0, 153
L 265.0000, -40.0000, 100.0000,  295.0000, -41.0000, 100.0000,  0, 0, 153
L 250.0000, -69.0000, 100.0000,  265.0000, -40.0000, 100.0000,  0, 0, 153
L 250.0000, -112.0000, 100.0000,  250.0000, -69.0000, 100.0000,  0, 0, 153
L 266.0000, -141.0000, 100.0000,  250.0000, -112.0000, 100.0000,  0, 0, 153
L 276.0000, -131.0000, 100.0000,  266.0000, -141.0000, 100.0000,  0, 0, 153
L 284.0000, -138.0000, 100.0000,  276.0000, -131.0000, 100.0000,  0, 0, 153
L 303.0000, -142.0000, 100.0000,  284.0000, -138.0000, 100.0000,  0, 0, 153
L 322.0000, -151.0000, 100.0000,  303.0000, -142.0000, 100.0000,  0, 0, 153
L 343.0000, -142.0000, 100.0000,  322.0000, -151.0000, 100.0000,  0, 0, 153
L 350.0000, -138.0000, 100.0000,  343.0000, -142.0000, 100.0000,  0, 0, 153
L 362.0000, -142.0000, 100.0000,  350.0000, -138.0000, 100.0000,  0, 0, 153
L 362.0000, -153.0000, 100.0000,  362.0000, -142.0000, 100.0000,  0, 0, 153
L 348.0000, -166.0000, 100.0000,  362.0000, -153.0000, 100.0000,  0, 0, 153
L 320.0000, -181.0000, 100.0000,  348.0000, -166.0000, 100.0000,  0, 0, 153
L 335.0000, -197.0000, 100.0000,  320.0000, -181.0000, 100.0000,  0, 0, 153
L 363.0000, -183.0000, 100.0000,  335.0000, -197.0000, 100.0000,  0, 0, 153
L 388.0000, -199.0000, 100.0000,  363.0000, -183.0000, 100.0000,  0, 0, 153
L 376.0000, -224.0000, 100.0000,  388.0000, -199.0000, 100.0000,  0, 0, 153
L 392.0000, -239.0000, 100.0000,  376.0000, -224.0000, 100.0000,  0, 0, 153
L 393.0000, -224.0000, 100.0000,  392.0000, -239.0000, 100.0000,  0, 0, 153
L 420.0000, -197.0000, 100.0000,  393.0000, -224.0000, 100.0000,  0, 0, 153
L 447.0000, -211.0000, 100.0000,  420.0000, -197.0000, 100.0000,  0, 0, 153
L 475.0000, -198.0000, 100.0000,  447.0000, -211.0000, 100.0000,  0, 0, 153
L 504.0000, -253.0000, 100.0000,  475.0000, -198.0000, 100.0000,  0, 0, 153
L 518.0000, -239.0000, 100.0000,  504.0000, -253.0000, 100.0000,  0, 0, 153
L 545.0000, -239.0000, 100.0000,  518.0000, -239.0000, 100.0000,  0, 0, 153
L 558.0000, -252.0000, 100.0000,  545.0000, -239.0000, 100.0000,  0, 0, 153
L 558.0000, -265.0000, 100.0000,  558.0000, -252.0000, 100.0000,  0, 0, 153
L 545.0000, -278.0000, 100.0000,  558.0000, -265.0000, 100.0000,  0, 0, 153
L 518.0000, -278.0000, 100.0000,  545.0000, -278.0000, 100.0000,  0, 0, 153
L 503.0000, -263.0000, 100.0000,  518.0000, -278.0000, 100.0000,  0, 0, 153
L 488.0000, -306.0000, 100.0000,  503.0000, -263.0000, 100.0000,  0, 0, 153
L 463.0000, -302.0000, 100.0000,  488.0000, -306.0000, 100.0000,  0, 0, 153
L 445.0000, -276.0000, 100.0000,  463.0000, -302.0000, 100.0000,  0, 0, 153
L 435.0000, -264.0000, 100.0000,  445.0000, -276.0000, 100.0000,  0, 0, 153
L 420.0000, -264.0000, 100.0000,  435.0000, -264.0000, 100.0000,  0, 0, 153
L 391.0000, -250.0000, 100.0000,  420.0000, -264.0000, 100.0000,  0, 0, 153
L 377.0000, -264.0000, 100.0000,  391.0000, -250.0000, 100.0000,  0, 0, 153
L 364.0000, -264.0000, 100.0000,  377.0000, -264.0000, 100.0000,  0, 0, 153
L 351.0000, -251.0000, 100.0000,  364.0000, -264.0000, 100.0000,  0, 0, 153
L 351.0000, -238.0000, 100.0000,  351.0000, -251.0000, 100.0000,  0, 0, 153
L 365.0000, -223.0000, 100.0000,  351.0000, -238.0000, 100.0000,  0, 0, 153
L 335.0000, -208.0000, 100.0000,  365.0000, -223.0000, 100.0000,  0, 0, 153
L 321.0000, -222.0000, 100.0000,  335.0000, -208.0000, 100.0000,  0, 0, 153
L 308.0000, -222.0000, 100.0000,  321.0000, -222.0000, 100.0000,  0, 0, 153
L 294.0000, -208.0000, 100.0000,  308.0000, -222.0000, 100.0000,  0, 0, 153
L 278.0000, -236.0000, 100.0000,  294.0000, -208.0000, 100.0000,  0, 0, 153
L 251.0000, -250.0000, 100.0000,  278.0000, -236.0000, 100.0000,  0, 0, 153
L 238.0000, -250.0000, 100.0000,  251.0000, -250.0000, 100.0000,  0, 0, 153
L 210.0000, -222.0000, 100.0000,  238.0000, -250.0000, 100.0000,  0, 0, 153
L 192.0000, -210.0000, 100.0000,  210.0000, -222.0000, 100.0000,  0, 0, 153
L 200.0000, -215.0000, 100.0000,  192.0000, -210.0000, 100.0000,  0, 0, 153
L 203.0000, -203.0000, 100.0000,  200.0000, -215.0000, 100.0000,  0, 0, 153
L 196.0000, -192.0000, 100.0000,  203.0000, -203.0000, 100.0000,  0, 0, 153
L 202.0000, -201.0000, 100.0000,  196.0000, -192.0000, 100.0000,  0, 0, 153
L 211.0000, -200.0000, 100.0000,  202.0000, -201.0000, 100.0000,  0, 0, 153
L 220.0000, -194.0000, 100.0000,  211.0000, -200.0000, 100.0000,  0, 0, 153
L 213.0000, -188.0000, 100.0000,  220.0000, -194.0000, 100.0000,  0, 0, 153
L 224.0000, -197.0000, 100.0000,  213.0000, -188.0000, 100.0000,  0, 0, 153
L 252.0000, -183.0000, 100.0000,  224.0000, -197.0000, 100.0000,  0, 0, 153
L 294.0000, -197.0000, 100.0000,  252.0000, -183.0000, 100.0000,  0, 0, 153
L 309.0000, -182.0000, 100.0000,  294.0000, -197.0000, 100.0000,  0, 0, 153
L 294.0000, -166.0000, 100.0000,  309.0000, -182.0000, 100.0000,  0, 0, 153
L 280.0000, -166.0000, 100.0000,  294.0000, -166.0000, 100.0000,  0, 0, 153
L 267.0000, -152.0000, 100.0000,  280.0000, -166.0000, 100.0000,  0, 0, 153
L 252.0000, -152.0000, 100.0000,  267.0000, -152.0000, 100.0000,  0, 0, 153
L 239.0000, -139.0000, 100.0000,  252.0000, -152.0000, 100.0000,  0, 0, 153
L 239.0000, -110.0000, 100.0000,  239.0000, -139.0000, 100.0000,  0, 0, 153
L 223.0000, -110.0000, 100.0000,  239.0000, -110.0000, 100.0000,  0, 0, 153
L 209.0000, -124.0000, 100.0000,  223.0000, -110.0000, 100.0000,  0, 0, 153
L 194.0000, -124.0000, 100.0000,  209.0000, -124.0000, 100.0000,  0, 0, 153
L 208.0000, -154.0000, 100.0000,  194.0000, -124.0000, 100.0000,  0, 0, 153
L 208.0000, -182.0000, 100.0000,  208.0000, -154.0000, 100.0000,  0, 0, 153
L 212.0000, -186.0000, 100.0000,  208.0000, -182.0000, 100.0000,  0, 0, 153
L 199.0000, -186.0000, 100.0000,  212.0000, -186.0000, 100.0000,  0, 0, 153
L 192.0000, -181.0000, 100.0000,  199.0000, -186.0000, 100.0000,  0, 0, 153
L 184.0000, -198.0000, 100.0000,  192.0000, -181.0000, 100.0000,  0, 0, 153
L 182.0000, -203.0000, 100.0000,  184.0000, -198.0000, 100.0000,  0, 0, 153
L 167.0000, -194.0000, 100.0000,  182.0000, -203.0000, 100.0000,  0, 0, 153
L 154.0000, -194.0000, 100.0000,  167.0000, -194.0000, 100.0000,  0, 0, 153
L 113.0000, -153.0000, 100.0000,  154.0000, -194.0000, 100.0000,  0, 0, 153
L 132.0000, -125.0000, 100.0000,  113.0000, -153.0000, 100.0000,  0, 0, 153
L 168.0000, -113.0000, 100.0000,  132.0000, -125.0000, 100.0000,  0, 0, 153
L 182.0000, -85.0000, 100.0000,  168.0000, -113.0000, 100.0000,  0, 0, 153
L 223.0000, -99.0000, 100.0000,  182.0000, -85.0000, 100.0000,  0, 0, 153
L 238.0000, -99.0000, 100.0000,  223.0000, -99.0000, 100.0000,  0, 0, 153
L 239.0000, -68.0000, 100.0000,  238.0000, -99.0000, 100.0000,  0, 0, 153
L 210.0000, -68.0000, 100.0000,  239.0000, -68.0000, 100.0000,  0, 0, 153
L 197.0000, -55.0000, 100.0000,  210.0000, -68.0000, 100.0000,  0, 0, 153
L 196.0000, -40.0000, 100.0000,  197.0000, -55.0000, 100.0000,  0, 0, 153
L 180.0000, -38.0000, 100.0000,  196.0000, -40.0000, 100.0000,  0, 0, 153
L 169.0000, -27.0000, 100.0000,  180.0000, -38.0000, 100.0000,  0, 0, 153
L 169.0000, -13.0000, 100.0000,  169.0000, -27.0000, 100.0000,  0, 0, 153
L 125.0000, -12.0000, 100.0000,  169.0000, -13.0000, 100.0000,  0, 0, 153
L 124.0000, -41.0000, 100.0000,  125.0000, -12.0000, 100.0000,  0, 0, 153
L 111.0000, -54.0000, 100.0000,  124.0000, -41.0000, 100.0000,  0, 0, 153
L 70.0000, -54.0000, 100.0000,  111.0000, -54.0000, 100.0000,  0, 0, 153
L 57.0000, -41.0000, 100.0000,  70.0000, -54.0000, 100.0000,  0, 0, 153
L 56.0000, -12.0000, 100.0000,  57.0000, -41.0000, 100.0000,  0, 0, 153
L -75.0000, -12.0000, 100.0000,  56.0000, -12.0000, 100.0000,  0, 0, 153
