L 588.0000, -465.0000, 0.0000,  569.0000, -447.0000, 0.0000,  0, 153, 0
L 614.0000, -465.0000, 0.0000,  588.0000, -465.0000, 0.0000,  0, 153, 0
L 633.0000, -447.0000, 0.0000,  614.0000, -465.0000, 0.0000,  0, 153, 0
L 632.0000, -423.0000, 0.0000,  633.0000, -447.0000, 0.0000,  0, 153, 0
L 623.0000, -414.0000, 0.0000,  632.0000, -423.0000, 0.0000,  0, 153, 0
L 614.0000, -405.0000, 0.0000,  623.0000, -414.0000, 0.0000,  0, 153, 0
L 588.0000, -405.0000, 0.0000,  614.0000, -405.0000, 0.0000,  0, 153, 0
L 569.0000, -423.0000, 0.0000,  588.0000, -405.0000, 0.0000,  0, 153, 0
L 569.0000, -447.0000, 0.0000,  569.0000, -423.0000, 0.0000,  0, 153, 0
L 596.0000, -424.0000, 0.0000,  598.0000, -418.0000, 0.0000,  0, 153, 0
L 585.0000, -424.0000, 0.0000,  596.0000, -424.0000, 0.0000,  0, 153, 0
L 581.0000, -428.0000, 0.0000,  585.0000, -424.0000, 0.0000,  0, 153, 0
L 579.0000, -450.0000, 0.0000,  581.0000, -428.0000, 0.0000,  0, 153, 0
L 575.0000, -450.0000, 0.0000,  579.0000, -450.0000, 0.0000,  0, 153, 0
L 576.0000, -420.0000, 0.0000,  575.0000, -450.0000, 0.0000,  0, 153, 0
L 581.0000, -421.0000, 0.0000,  576.0000, -420.0000, 0.0000,  0, 153, 153
L 581.0000, -447.0000, 0.0000,  581.0000, -421.0000, 0.0000,  0, 153, 153
L 588.0000, -462.0000, 0.0000,  581.0000, -447.0000, 0.0000,  0, 153, 153
L 613.0000, -462.0000, 0.0000,  588.0000, -462.0000, 0.0000,  0, 153, 153
L 620.0000, -447.0000, 0.0000,  613.0000, -462.0000, 0.0000,  0, 153, 153
L 621.0000, -421.0000, 0.0000,  620.0000, -447.0000, 0.0000,  0, 153, 153
L 627.0000, -422.0000, 0.0000,  621.0000, -421.0000, 0.0000,  0, 153, 153
L 627.0000, -449.0000, 0.0000,  627.0000, -422.0000, 0.0000,  0, 153, 0
L 621.0000, -449.0000, 0.0000,  627.0000, -449.0000, 0.0000,  0, 153, 0
L 621.0000, -428.0000, 0.0000,  621.0000, -449.0000, 0.0000,  0, 153, 0
L 617.0000, -424.0000, 0.0000,  621.0000, -428.0000, 0.0000,  0, 153, 0
L 604.0000, -424.0000, 0.0000,  617.0000, -424.0000, 0.0000,  0, 153, 0
L 604.0000, -418.0000, 0.0000,  604.0000, -424.0000, 0.0000,  0, 153, 0
L 608.0000, -416.0000, 0.0000,  610.0000, -418.0000, 0.0000,  102, 102, 102
L 593.0000, -416.0000, 0.0000,  608.0000, -416.0000, 0.0000,  102, 102, 102
L 592.0000, -418.0000, 0.0000,  593.0000, -416.0000, 0.0000,  102, 102, 102
L 563.0000, -419.0000, 0.0000,  592.0000, -418.0000, 0.0000,  102, 102, 102
L 563.0000, -420.0000, 0.0000,  563.0000, -419.0000, 0.0000,  102, 102, 102
L 563.0000, -447.0000, 0.0000,  563.0000, -420.0000, 0.0000,  102, 102, 102
L 563.0000, -450.0000, 0.0000,  563.0000, -447.0000, 0.0000,  102, 102, 102
L 585.0000, -471.0000, 0.0000,  563.0000, -450.0000, 0.0000,  102, 102, 102
L 587.0000, -472.0000, 0.0000,  585.0000, -471.0000, 0.0000,  102, 102, 102
L 615.0000, -472.0000, 0.0000,  587.0000, -472.0000, 0.0000,  102, 102, 102
L 616.0000, -471.0000, 0.0000,  615.0000, -472.0000, 0.0000,  102, 102, 102
L 638.0000, -449.0000, 0.0000,  616.0000, -471.0000, 0.0000,  102, 102, 102
L 638.0000, -418.0000, 0.0000,  638.0000, -449.0000, 0.0000,  102, 102, 102
L 610.0000, -418.0000, 0.0000,  638.0000, -418.0000, 0.0000,  102, 102, 102
L 404.0000, -532.0000, 0.0000,  415.0000, -533.0000, 0.0000,  0, 153, 0
L 397.0000, -525.0000, 0.0000,  404.0000, -532.0000, 0.0000,  0, 153, 0
L 397.0000, -521.0000, 0.0000,  397.0000, -525.0000, 0.0000,  0, 153, 0
L 385.0000, -509.0000, 0.0000,  397.0000, -521.0000, 0.0000,  0, 153, 0
L 385.0000, -499.0000, 0.0000,  385.0000, -509.0000, 0.0000,  0, 153, 0
L 396.0000, -488.0000, 0.0000,  385.0000, -499.0000, 0.0000,  0, 153, 0
L 397.0000, -483.0000, 0.0000,  396.0000, -488.0000, 0.0000,  0, 153, 0
L 404.0000, -476.0000, 0.0000,  397.0000, -483.0000, 0.0000,  0, 153, 0
L 415.0000, -475.0000, 0.0000,  404.0000, -476.0000, 0.0000,  0, 153, 0
L 414.0000, -460.0000, 0.0000,  415.0000, -475.0000, 0.0000,  0, 153, 0
L 369.0000, -461.0000, 0.0000,  414.0000, -460.0000, 0.0000,  0, 153, 0
L 370.0000, -548.0000, 0.0000,  369.0000, -461.0000, 0.0000,  0, 153, 0
L 415.0000, -546.0000, 0.0000,  370.0000, -548.0000, 0.0000,  0, 153, 0
L 415.0000, -532.0000, 0.0000,  415.0000, -546.0000, 0.0000,  0, 153, 0
L 465.0000, -509.0000, 0.0000,  472.0000, -507.0000, 0.0000,  0, 153, 0
L 465.0000, -516.0000, 0.0000,  465.0000, -509.0000, 0.0000,  0, 153, 0
L 443.0000, -515.0000, 0.0000,  465.0000, -516.0000, 0.0000,  0, 153, 0
L 441.0000, -525.0000, 0.0000,  443.0000, -515.0000, 0.0000,  0, 153, 0
L 434.0000, -532.0000, 0.0000,  441.0000, -525.0000, 0.0000,  0, 153, 0
L 423.0000, -532.0000, 0.0000,  434.0000, -532.0000, 0.0000,  0, 153, 0
L 423.0000, -556.0000, 0.0000,  423.0000, -532.0000, 0.0000,  0, 153, 0
L 361.0000, -556.0000, 0.0000,  423.0000, -556.0000, 0.0000,  0, 153, 0
L 361.0000, -521.0000, 0.0000,  361.0000, -556.0000, 0.0000,  0, 153, 0
L 348.0000, -520.0000, 0.0000,  361.0000, -521.0000, 0.0000,  0, 153, 0
L 335.0000, -509.0000, 0.0000,  348.0000, -520.0000, 0.0000,  0, 153, 0
L 335.0000, -499.0000, 0.0000,  335.0000, -509.0000, 0.0000,  0, 153, 0
L 348.0000, -488.0000, 0.0000,  335.0000, -499.0000, 0.0000,  0, 153, 0
L 361.0000, -487.0000, 0.0000,  348.0000, -488.0000, 0.0000,  0, 153, 0
L 361.0000, -487.0000, 0.0000,  361.0000, -487.0000, 0.0000,  0, 153, 0
L 361.0000, -444.0000, 0.0000,  361.0000, -487.0000, 0.0000,  0, 153, 0
L 355.0000, -444.0000, 0.0000,  361.0000, -444.0000, 0.0000,  0, 153, 0
L 355.0000, -446.0000, 0.0000,  355.0000, -444.0000, 0.0000,  0, 153, 0
L 355.0000, -468.0000, 0.0000,  355.0000, -446.0000, 0.0000,  0, 153, 0
L 335.0000, -468.0000, 0.0000,  355.0000, -468.0000, 0.0000,  0, 153, 0
L 335.0000, -436.0000, 0.0000,  335.0000, -468.0000, 0.0000,  0, 153, 0
L 355.0000, -436.0000, 0.0000,  335.0000, -436.0000, 0.0000,  0, 153, 0
L 355.0000, -437.0000, 0.0000,  355.0000, -436.0000, 0.0000,  0, 153, 0
L 361.0000, -437.0000, 0.0000,  355.0000, -437.0000, 0.0000,  0, 153, 0
L 361.0000, -436.0000, 0.0000,  361.0000, -437.0000, 0.0000,  0, 153, 0
L 423.0000, -436.0000, 0.0000,  361.0000, -436.0000, 0.0000,  0, 153, 0
L 429.0000, -437.0000, 0.0000,  423.0000, -436.0000, 0.0000,  0, 153, 0
L 429.0000, -436.0000, 0.0000,  429.0000, -437.0000, 0.0000,  0, 153, 0
L 461.0000, -436.0000, 0.0000,  429.0000, -436.0000, 0.0000,  0, 153, 0
L 461.0000, -468.0000, 0.0000,  461.0000, -436.0000, 0.0000,  0, 153, 0
L 429.0000, -468.0000, 0.0000,  461.0000, -468.0000, 0.0000,  0, 153, 0
L 428.0000, -444.0000, 0.0000,  429.0000, -468.0000, 0.0000,  0, 153, 0
L 424.0000, -444.0000, 0.0000,  428.0000, -444.0000, 0.0000,  0, 153, 0
L 369.0000, -445.0000, 0.0000,  424.0000, -444.0000, 0.0000,  0, 153, 0
L 370.0000, -452.0000, 0.0000,  369.0000, -445.0000, 0.0000,  0, 153, 0
L 370.0000, -452.0000, 0.0000,  370.0000, -452.0000, 0.0000,  0, 153, 0
L 423.0000, -452.0000, 0.0000,  370.0000, -452.0000, 0.0000,  0, 153, 0
L 424.0000, -476.0000, 0.0000,  423.0000, -452.0000, 0.0000,  0, 153, 0
L 434.0000, -476.0000, 0.0000,  424.0000, -476.0000, 0.0000,  0, 153, 0
L 441.0000, -483.0000, 0.0000,  434.0000, -476.0000, 0.0000,  0, 153, 0
L 442.0000, -492.0000, 0.0000,  441.0000, -483.0000, 0.0000,  0, 153, 0
L 465.0000, -492.0000, 0.0000,  442.0000, -492.0000, 0.0000,  0, 153, 0
L 465.0000, -500.0000, 0.0000,  465.0000, -492.0000, 0.0000,  0, 153, 0
L 472.0000, -501.0000, 0.0000,  465.0000, -500.0000, 0.0000,  0, 153, 0
L 502.0000, -530.0000, 0.0000,  526.0000, -530.0000, 0.0000,  102, 102, 102
L 474.0000, -557.0000, 0.0000,  502.0000, -530.0000, 0.0000,  102, 102, 102
L 449.0000, -544.0000, 0.0000,  474.0000, -557.0000, 0.0000,  102, 102, 102
L 449.0000, -532.0000, 0.0000,  449.0000, -544.0000, 0.0000,  102, 102, 102
L 476.0000, -532.0000, 0.0000,  449.0000, -532.0000, 0.0000,  102, 102, 102
L 477.0000, -481.0000, 0.0000,  476.0000, -532.0000, 0.0000,  102, 102, 102
L 501.0000, -505.0000, 0.0000,  477.0000, -481.0000, 0.0000,  102, 102, 102
L 502.0000, -520.0000, 0.0000,  501.0000, -505.0000, 0.0000,  102, 102, 102
L 516.0000, -520.0000, 0.0000,  502.0000, -520.0000, 0.0000,  102, 102, 102
L 526.0000, -530.0000, 0.0000,  516.0000, -520.0000, 0.0000,  102, 102, 102
L 583.0000, -632.0000, 0.0000,  583.0000, -627.0000, 0.0000,  0, 153, 0
L 587.0000, -634.0000, 0.0000,  583.0000, -632.0000, 0.0000,  0, 153, 0
L 588.0000, -699.0000, 0.0000,  587.0000, -634.0000, 0.0000,  0, 153, 0
L 587.0000, -701.0000, 0.0000,  588.0000, -699.0000, 0.0000,  0, 153, 0
L 583.0000, -703.0000, 0.0000,  587.0000, -701.0000, 0.0000,  0, 153, 0
L 583.0000, -741.0000, 0.0000,  583.0000, -703.0000, 0.0000,  0, 153, 0
L 600.0000, -741.0000, 0.0000,  583.0000, -741.0000, 0.0000,  0, 153, 0
L 600.0000, -736.0000, 0.0000,  600.0000, -741.0000, 0.0000,  0, 153, 0
L 599.0000, -735.0000, 0.0000,  600.0000, -736.0000, 0.0000,  0, 153, 0
L 599.0000, -704.0000, 0.0000,  599.0000, -735.0000, 0.0000,  0, 153, 0
L 630.0000, -704.0000, 0.0000,  599.0000, -704.0000, 0.0000,  0, 153, 0
L 631.0000, -735.0000, 0.0000,  630.0000, -704.0000, 0.0000,  0, 153, 0
L 623.0000, -735.0000, 0.0000,  631.0000, -735.0000, 0.0000,  0, 153, 0
L 621.0000, -723.0000, 0.0000,  623.0000, -735.0000, 0.0000,  0, 153, 0
L 607.0000, -725.0000, 0.0000,  621.0000, -723.0000, 0.0000,  0, 153, 0
L 607.0000, -741.0000, 0.0000,  607.0000, -725.0000, 0.0000,  0, 153, 0
L 636.0000, -741.0000, 0.0000,  607.0000, -741.0000, 0.0000,  0, 153, 0
L 637.0000, -718.0000, 0.0000,  636.0000, -741.0000, 0.0000,  0, 153, 0
L 680.0000, -718.0000, 0.0000,  637.0000, -718.0000, 0.0000,  0, 153, 0
L 680.0000, -773.0000, 0.0000,  680.0000, -718.0000, 0.0000,  0, 153, 0
L 637.0000, -773.0000, 0.0000,  680.0000, -773.0000, 0.0000,  0, 153, 0
L 635.0000, -750.0000, 0.0000,  637.0000, -773.0000, 0.0000,  0, 153, 0
L 617.0000, -750.0000, 0.0000,  635.0000, -750.0000, 0.0000,  0, 153, 0
L 618.0000, -756.0000, 0.0000,  617.0000, -750.0000, 0.0000,  0, 153, 0
L 619.0000, -756.0000, 0.0000,  618.0000, -756.0000, 0.0000,  0, 153, 0
L 619.0000, -799.0000, 0.0000,  619.0000, -756.0000, 0.0000,  0, 153, 0
L 575.0000, -799.0000, 0.0000,  619.0000, -799.0000, 0.0000,  0, 153, 0
L 576.0000, -768.0000, 0.0000,  575.0000, -799.0000, 0.0000,  0, 153, 0
L 610.0000, -767.0000, 0.0000,  576.0000, -768.0000, 0.0000,  0, 153, 0
L 610.0000, -750.0000, 0.0000,  610.0000, -767.0000, 0.0000,  0, 153, 0
L 548.0000, -749.0000, 0.0000,  610.0000, -750.0000, 0.0000,  0, 153, 0
L 547.0000, -753.0000, 0.0000,  548.0000, -749.0000, 0.0000,  0, 153, 0
L 545.0000, -755.0000, 0.0000,  547.0000, -753.0000, 0.0000,  0, 153, 0
L 536.0000, -755.0000, 0.0000,  545.0000, -755.0000, 0.0000,  0, 153, 0
L 536.0000, -736.0000, 0.0000,  536.0000, -755.0000, 0.0000,  0, 153, 0
L 547.0000, -738.0000, 0.0000,  536.0000, -736.0000, 0.0000,  0, 153, 0
L 547.0000, -741.0000, 0.0000,  547.0000, -738.0000, 0.0000,  0, 153, 0
L 575.0000, -741.0000, 0.0000,  547.0000, -741.0000, 0.0000,  0, 153, 0
L 574.0000, -702.0000, 0.0000,  575.0000, -741.0000, 0.0000,  0, 153, 0
L 567.0000, -699.0000, 0.0000,  574.0000, -702.0000, 0.0000,  0, 153, 0
L 565.0000, -701.0000, 0.0000,  567.0000, -699.0000, 0.0000,  0, 153, 0
L 542.0000, -713.0000, 0.0000,  565.0000, -701.0000, 0.0000,  0, 153, 0
L 541.0000, -717.0000, 0.0000,  542.0000, -713.0000, 0.0000,  0, 153, 0
L 534.0000, -723.0000, 0.0000,  541.0000, -717.0000, 0.0000,  0, 153, 0
L 504.0000, -723.0000, 0.0000,  534.0000, -723.0000, 0.0000,  0, 153, 0
L 497.0000, -717.0000, 0.0000,  504.0000, -723.0000, 0.0000,  0, 153, 0
L 496.0000, -698.0000, 0.0000,  497.0000, -717.0000, 0.0000,  0, 153, 0
L 485.0000, -697.0000, 0.0000,  496.0000, -698.0000, 0.0000,  0, 153, 0
L 485.0000, -686.0000, 0.0000,  485.0000, -697.0000, 0.0000,  0, 153, 0
L 497.0000, -685.0000, 0.0000,  485.0000, -686.0000, 0.0000,  0, 153, 0
L 497.0000, -667.0000, 0.0000,  497.0000, -685.0000, 0.0000,  0, 153, 0
L 504.0000, -660.0000, 0.0000,  497.0000, -667.0000, 0.0000,  0, 153, 0
L 534.0000, -660.0000, 0.0000,  504.0000, -660.0000, 0.0000,  0, 153, 0
L 541.0000, -667.0000, 0.0000,  534.0000, -660.0000, 0.0000,  0, 153, 0
L 538.0000, -667.0000, 0.0000,  541.0000, -667.0000, 0.0000,  0, 153, 0
L 568.0000, -684.0000, 0.0000,  538.0000, -667.0000, 0.0000,  0, 153, 0
L 571.0000, -677.0000, 0.0000,  568.0000, -684.0000, 0.0000,  0, 153, 0
L 571.0000, -636.0000, 0.0000,  571.0000, -677.0000, 0.0000,  0, 153, 0
L 573.0000, -634.0000, 0.0000,  571.0000, -636.0000, 0.0000,  0, 153, 0
L 576.0000, -634.0000, 0.0000,  573.0000, -634.0000, 0.0000,  0, 153, 0
L 577.0000, -626.0000, 0.0000,  576.0000, -634.0000, 0.0000,  0, 153, 0
L 613.0000, -573.0000, 0.0000,  637.0000, -560.0000, 0.0000,  102, 102, 102
L 599.0000, -603.0000, 0.0000,  613.0000, -573.0000, 0.0000,  102, 102, 102
L 626.0000, -617.0000, 0.0000,  599.0000, -603.0000, 0.0000,  102, 102, 102
L 627.0000, -643.0000, 0.0000,  626.0000, -617.0000, 0.0000,  102, 102, 102
L 617.0000, -652.0000, 0.0000,  627.0000, -643.0000, 0.0000,  102, 102, 102
L 616.0000, -642.0000, 0.0000,  617.0000, -652.0000, 0.0000,  102, 102, 102
L 603.0000, -642.0000, 0.0000,  616.0000, -642.0000, 0.0000,  102, 102, 102
L 601.0000, -628.0000, 0.0000,  603.0000, -642.0000, 0.0000,  102, 102, 102
L 571.0000, -628.0000, 0.0000,  601.0000, -628.0000, 0.0000,  102, 102, 102
L 557.0000, -628.0000, 0.0000,  571.0000, -628.0000, 0.0000,  102, 102, 102
L 557.0000, -642.0000, 0.0000,  557.0000, -628.0000, 0.0000,  102, 102, 102
L 544.0000, -642.0000, 0.0000,  557.0000, -642.0000, 0.0000,  102, 102, 102
L 543.0000, -652.0000, 0.0000,  544.0000, -642.0000, 0.0000,  102, 102, 102
L 533.0000, -643.0000, 0.0000,  543.0000, -652.0000, 0.0000,  102, 102, 102
L 533.0000, -631.0000, 0.0000,  533.0000, -643.0000, 0.0000,  102, 102, 102
L 547.0000, -617.0000, 0.0000,  533.0000, -631.0000, 0.0000,  102, 102, 102
L 547.0000, -604.0000, 0.0000,  547.0000, -617.0000, 0.0000,  102, 102, 102
L 559.0000, -604.0000, 0.0000,  547.0000, -604.0000, 0.0000,  102, 102, 102
L 603.0000, -575.0000, 0.0000,  559.0000, -604.0000, 0.0000,  102, 102, 102
L 603.0000, -561.0000, 0.0000,  603.0000, -575.0000, 0.0000,  102, 102, 102
L 635.0000, -561.0000, 0.0000,  603.0000, -561.0000, 0.0000,  102, 102, 102
L 823.0000, -533.0000, 0.0000,  847.0000, -533.0000, 0.0000,  0, 153, 0
L 816.0000, -540.0000, 0.0000,  823.0000, -533.0000, 0.0000,  0, 153, 0
L 815.0000, -565.0000, 0.0000,  816.0000, -540.0000, 0.0000,  0, 153, 0
L 822.0000, -572.0000, 0.0000,  815.0000, -565.0000, 0.0000,  0, 153, 0
L 847.0000, -572.0000, 0.0000,  822.0000, -572.0000, 0.0000,  0, 153, 0
L 854.0000, -565.0000, 0.0000,  847.0000, -572.0000, 0.0000,  0, 153, 0
L 854.0000, -541.0000, 0.0000,  854.0000, -565.0000, 0.0000,  0, 153, 0
L 847.0000, -534.0000, 0.0000,  854.0000, -541.0000, 0.0000,  0, 153, 0
L 904.0000, -609.0000, 0.0000,  899.0000, -609.0000, 0.0000,  0, 153, 0
L 905.0000, -584.0000, 0.0000,  904.0000, -609.0000, 0.0000,  0, 153, 0
L 929.0000, -583.0000, 0.0000,  905.0000, -584.0000, 0.0000,  0, 153, 0
L 928.0000, -522.0000, 0.0000,  929.0000, -583.0000, 0.0000,  0, 153, 0
L 905.0000, -522.0000, 0.0000,  928.0000, -522.0000, 0.0000,  0, 153, 0
L 904.0000, -496.0000, 0.0000,  905.0000, -522.0000, 0.0000,  0, 153, 0
L 899.0000, -497.0000, 0.0000,  904.0000, -496.0000, 0.0000,  0, 153, 0
L 899.0000, -539.0000, 0.0000,  899.0000, -497.0000, 0.0000,  0, 153, 0
L 905.0000, -538.0000, 0.0000,  899.0000, -539.0000, 0.0000,  0, 153, 0
L 920.0000, -538.0000, 0.0000,  905.0000, -538.0000, 0.0000,  0, 153, 0
L 922.0000, -540.0000, 0.0000,  920.0000, -538.0000, 0.0000,  0, 153, 0
L 922.0000, -568.0000, 0.0000,  922.0000, -540.0000, 0.0000,  0, 153, 0
L 920.0000, -570.0000, 0.0000,  922.0000, -568.0000, 0.0000,  0, 153, 0
L 899.0000, -569.0000, 0.0000,  920.0000, -570.0000, 0.0000,  0, 153, 0
L 899.0000, -609.0000, 0.0000,  899.0000, -569.0000, 0.0000,  0, 153, 0
L 840.0000, -590.0000, 0.0000,  838.0000, -593.0000, 0.0000,  0, 153, 0
L 865.0000, -590.0000, 0.0000,  840.0000, -590.0000, 0.0000,  0, 153, 0
L 871.0000, -583.0000, 0.0000,  865.0000, -590.0000, 0.0000,  0, 153, 0
L 871.0000, -523.0000, 0.0000,  871.0000, -583.0000, 0.0000,  0, 153, 0
L 865.0000, -516.0000, 0.0000,  871.0000, -523.0000, 0.0000,  0, 153, 0
L 839.0000, -515.0000, 0.0000,  865.0000, -516.0000, 0.0000,  0, 153, 0
L 840.0000, -498.0000, 0.0000,  839.0000, -515.0000, 0.0000,  0, 153, 0
L 891.0000, -499.0000, 0.0000,  840.0000, -498.0000, 0.0000,  0, 153, 0
L 890.0000, -607.0000, 0.0000,  891.0000, -499.0000, 0.0000,  0, 153, 0
L 839.0000, -608.0000, 0.0000,  890.0000, -607.0000, 0.0000,  0, 153, 0
L 838.0000, -592.0000, 0.0000,  839.0000, -608.0000, 0.0000,  0, 153, 0
L 774.0000, -548.0000, 0.0000,  765.0000, -550.0000, 0.0000,  0, 153, 0
L 774.0000, -544.0000, 0.0000,  774.0000, -548.0000, 0.0000,  0, 153, 0
L 797.0000, -543.0000, 0.0000,  774.0000, -544.0000, 0.0000,  0, 153, 0
L 798.0000, -523.0000, 0.0000,  797.0000, -543.0000, 0.0000,  0, 153, 0
L 805.0000, -516.0000, 0.0000,  798.0000, -523.0000, 0.0000,  0, 153, 0
L 829.0000, -516.0000, 0.0000,  805.0000, -516.0000, 0.0000,  0, 153, 0
L 831.0000, -490.0000, 0.0000,  829.0000, -516.0000, 0.0000,  0, 153, 0
L 936.0000, -490.0000, 0.0000,  831.0000, -490.0000, 0.0000,  0, 153, 0
L 936.0000, -616.0000, 0.0000,  936.0000, -490.0000, 0.0000,  0, 153, 0
L 900.0000, -615.0000, 0.0000,  936.0000, -616.0000, 0.0000,  0, 153, 0
L 831.0000, -616.0000, 0.0000,  900.0000, -615.0000, 0.0000,  0, 153, 0
L 830.0000, -590.0000, 0.0000,  831.0000, -616.0000, 0.0000,  0, 153, 0
L 805.0000, -590.0000, 0.0000,  830.0000, -590.0000, 0.0000,  0, 153, 0
L 798.0000, -583.0000, 0.0000,  805.0000, -590.0000, 0.0000,  0, 153, 0
L 797.0000, -562.0000, 0.0000,  798.0000, -583.0000, 0.0000,  0, 153, 0
L 774.0000, -562.0000, 0.0000,  797.0000, -562.0000, 0.0000,  0, 153, 0
L 773.0000, -556.0000, 0.0000,  774.0000, -562.0000, 0.0000,  0, 153, 0
L 765.0000, -556.0000, 0.0000,  773.0000, -556.0000, 0.0000,  0, 153, 0
L 674.0000, -462.0000, 0.0000,  685.0000, -488.0000, 0.0000,  102, 102, 102
L 684.0000, -450.0000, 0.0000,  674.0000, -462.0000, 0.0000,  102, 102, 102
L 711.0000, -477.0000, 0.0000,  684.0000, -450.0000, 0.0000,  102, 102, 102
L 725.0000, -478.0000, 0.0000,  711.0000, -477.0000, 0.0000,  102, 102, 102
L 739.0000, -505.0000, 0.0000,  725.0000, -478.0000, 0.0000,  102, 102, 102
L 767.0000, -520.0000, 0.0000,  739.0000, -505.0000, 0.0000,  102, 102, 102
L 777.0000, -530.0000, 0.0000,  767.0000, -520.0000, 0.0000,  102, 102, 102
L 767.0000, -530.0000, 0.0000,  777.0000, -530.0000, 0.0000,  102, 102, 102
L 766.0000, -538.0000, 0.0000,  767.0000, -530.0000, 0.0000,  102, 102, 102
L 760.0000, -542.0000, 0.0000,  766.0000, -538.0000, 0.0000,  102, 102, 102
L 764.0000, -547.0000, 0.0000,  760.0000, -542.0000, 0.0000,  102, 102, 102
L 764.0000, -559.0000, 0.0000,  764.0000, -547.0000, 0.0000,  102, 102, 102
L 762.0000, -560.0000, 0.0000,  764.0000, -559.0000, 0.0000,  102, 102, 102
L 766.0000, -568.0000, 0.0000,  762.0000, -560.0000, 0.0000,  102, 102, 102
L 766.0000, -574.0000, 0.0000,  766.0000, -568.0000, 0.0000,  102, 102, 102
L 777.0000, -576.0000, 0.0000,  766.0000, -574.0000, 0.0000,  102, 102, 102
L 768.0000, -586.0000, 0.0000,  777.0000, -576.0000, 0.0000,  102, 102, 102
L 742.0000, -586.0000, 0.0000,  768.0000, -586.0000, 0.0000,  102, 102, 102
L 713.0000, -488.0000, 0.0000,  742.0000, -586.0000, 0.0000,  102, 102, 102
L 684.0000, -488.0000, 0.0000,  713.0000, -488.0000, 0.0000,  102, 102, 102
L 668.0000, -379.0000, 0.0000,  682.0000, -350.0000, 0.0000,  0, 0, 153
L 667.0000, -408.0000, 0.0000,  668.0000, -379.0000, 0.0000,  0, 0, 153
L 682.0000, -421.0000, 0.0000,  667.0000, -408.0000, 0.0000,  0, 0, 153
L 682.0000, -446.0000, 0.0000,  682.0000, -421.0000, 0.0000,  0, 0, 153
L 671.0000, -465.0000, 0.0000,  682.0000, -446.0000, 0.0000,  0, 0, 153
L 682.0000, -490.0000, 0.0000,  671.0000, -465.0000, 0.0000,  0, 0, 153
L 668.0000, -518.0000, 0.0000,  682.0000, -490.0000, 0.0000,  0, 0, 153
L 668.0000, -531.0000, 0.0000,  668.0000, -518.0000, 0.0000,  0, 0, 153
L 642.0000, -557.0000, 0.0000,  668.0000, -531.0000, 0.0000,  0, 0, 153
L 599.0000, -557.0000, 0.0000,  642.0000, -557.0000, 0.0000,  0, 0, 153
L 546.0000, -544.0000, 0.0000,  599.0000, -557.0000, 0.0000,  0, 0, 153
L 520.0000, -517.0000, 0.0000,  546.0000, -544.0000, 0.0000,  0, 0, 153
L 533.0000, -488.0000, 0.0000,  520.0000, -517.0000, 0.0000,  0, 0, 153
L 533.0000, -477.0000, 0.0000,  533.0000, -488.0000, 0.0000,  0, 0, 153
L 549.0000, -464.0000, 0.0000,  533.0000, -477.0000, 0.0000,  0, 0, 153
L 533.0000, -447.0000, 0.0000,  549.0000, -464.0000, 0.0000,  0, 0, 153
L 533.0000, -421.0000, 0.0000,  533.0000, -447.0000, 0.0000,  0, 0, 153
L 549.0000, -405.0000, 0.0000,  533.0000, -421.0000, 0.0000,  0, 0, 153
L 546.0000, -375.0000, 0.0000,  549.0000, -405.0000, 0.0000,  0, 0, 153
L 534.0000, -350.0000, 0.0000,  546.0000, -375.0000, 0.0000,  0, 0, 153
L 545.0000, -339.0000, 0.0000,  534.0000, -350.0000, 0.0000,  0, 0, 153
L 570.0000, -338.0000, 0.0000,  545.0000, -339.0000, 0.0000,  0, 0, 153
L 589.0000, -352.0000, 0.0000,  570.0000, -338.0000, 0.0000,  0, 0, 153
L 613.0000, -352.0000, 0.0000,  589.0000, -352.0000, 0.0000,  0, 0, 153
L 657.0000, -338.0000, 0.0000,  613.0000, -352.0000, 0.0000,  0, 0, 153
L 669.0000, -338.0000, 0.0000,  657.0000, -338.0000, 0.0000,  0, 0, 153
L 670.0000, -338.0000, 0.0000,  669.0000, -338.0000, 0.0000,  0, 0, 153
L 682.0000, -350.0000, 0.0000,  670.0000, -338.0000, 0.0000,  0, 0, 153
L 682.0000, -350.0000, 0.0000,  682.0000, -350.0000, 0.0000,  0, 0, 153
L 786.0000, -414.0000, 0.0000,  785.0000, -406.0000, 0.0000,  0, 153, 0
L 794.0000, -414.0000, 0.0000,  786.0000, -414.0000, 0.0000,  0, 153, 0
L 795.0000, -427.0000, 0.0000,  794.0000, -414.0000, 0.0000,  0, 153, 0
L 797.0000, -428.0000, 0.0000,  795.0000, -427.0000, 0.0000,  0, 153, 0
L 813.0000, -427.0000, 0.0000,  797.0000, -428.0000, 0.0000,  0, 153, 0
L 813.0000, -400.0000, 0.0000,  813.0000, -427.0000, 0.0000,  0, 153, 0
L 843.0000, -399.0000, 0.0000,  813.0000, -400.0000, 0.0000,  0, 153, 0
L 841.0000, -390.0000, 0.0000,  843.0000, -399.0000, 0.0000,  0, 153, 0
L 841.0000, -368.0000, 0.0000,  841.0000, -390.0000, 0.0000,  0, 153, 0
L 878.0000, -366.0000, 0.0000,  841.0000, -368.0000, 0.0000,  0, 153, 0
L 878.0000, -390.0000, 0.0000,  878.0000, -366.0000, 0.0000,  0, 153, 0
L 848.0000, -392.0000, 0.0000,  878.0000, -390.0000, 0.0000,  0, 153, 0
L 849.0000, -399.0000, 0.0000,  848.0000, -392.0000, 0.0000,  0, 153, 0
L 880.0000, -400.0000, 0.0000,  849.0000, -399.0000, 0.0000,  0, 153, 0
L 891.0000, -400.0000, 0.0000,  880.0000, -400.0000, 0.0000,  0, 153, 0
L 891.0000, -386.0000, 0.0000,  891.0000, -400.0000, 0.0000,  0, 153, 0
L 914.0000, -386.0000, 0.0000,  891.0000, -386.0000, 0.0000,  0, 153, 0
L 914.0000, -424.0000, 0.0000,  914.0000, -386.0000, 0.0000,  0, 153, 0
L 891.0000, -424.0000, 0.0000,  914.0000, -424.0000, 0.0000,  0, 153, 0
L 889.0000, -408.0000, 0.0000,  891.0000, -424.0000, 0.0000,  0, 153, 0
L 880.0000, -410.0000, 0.0000,  889.0000, -408.0000, 0.0000,  0, 153, 0
L 849.0000, -410.0000, 0.0000,  880.0000, -410.0000, 0.0000,  0, 153, 0
L 850.0000, -420.0000, 0.0000,  849.0000, -410.0000, 0.0000,  0, 153, 0
L 878.0000, -420.0000, 0.0000,  850.0000, -420.0000, 0.0000,  0, 153, 0
L 878.0000, -444.0000, 0.0000,  878.0000, -420.0000, 0.0000,  0, 153, 0
L 841.0000, -444.0000, 0.0000,  878.0000, -444.0000, 0.0000,  0, 153, 0
L 841.0000, -420.0000, 0.0000,  841.0000, -444.0000, 0.0000,  0, 153, 0
L 841.0000, -410.0000, 0.0000,  841.0000, -420.0000, 0.0000,  0, 153, 0
L 823.0000, -411.0000, 0.0000,  841.0000, -410.0000, 0.0000,  0, 153, 0
L 822.0000, -452.0000, 0.0000,  823.0000, -411.0000, 0.0000,  0, 153, 0
L 771.0000, -452.0000, 0.0000,  822.0000, -452.0000, 0.0000,  0, 153, 0
L 771.0000, -414.0000, 0.0000,  771.0000, -452.0000, 0.0000,  0, 153, 0
L 780.0000, -412.0000, 0.0000,  771.0000, -414.0000, 0.0000,  0, 153, 0
L 780.0000, -406.0000, 0.0000,  780.0000, -412.0000, 0.0000,  0, 153, 0
L 826.0000, -254.0000, 0.0000,  827.0000, -248.0000, 0.0000,  153, 153, 153
L 785.0000, -254.0000, 0.0000,  826.0000, -254.0000, 0.0000,  153, 153, 153
L 785.0000, -294.0000, 0.0000,  785.0000, -254.0000, 0.0000,  153, 153, 153
L 771.0000, -309.0000, 0.0000,  785.0000, -294.0000, 0.0000,  153, 153, 153
L 741.0000, -324.0000, 0.0000,  771.0000, -309.0000, 0.0000,  153, 153, 153
L 726.0000, -324.0000, 0.0000,  741.0000, -324.0000, 0.0000,  153, 153, 153
L 712.0000, -310.0000, 0.0000,  726.0000, -324.0000, 0.0000,  153, 153, 153
L 684.0000, -310.0000, 0.0000,  712.0000, -310.0000, 0.0000,  153, 153, 153
L 642.0000, -268.0000, 0.0000,  684.0000, -310.0000, 0.0000,  153, 153, 153
L 630.0000, -268.0000, 0.0000,  642.0000, -268.0000, 0.0000,  153, 153, 153
L 618.0000, -281.0000, 0.0000,  630.0000, -268.0000, 0.0000,  153, 153, 153
L 575.0000, -296.0000, 0.0000,  618.0000, -281.0000, 0.0000,  153, 153, 153
L 575.0000, -309.0000, 0.0000,  575.0000, -296.0000, 0.0000,  153, 153, 153
L 548.0000, -336.0000, 0.0000,  575.0000, -309.0000, 0.0000,  153, 153, 153
L 571.0000, -335.0000, 0.0000,  548.0000, -336.0000, 0.0000,  153, 153, 153
L 589.0000, -349.0000, 0.0000,  571.0000, -335.0000, 0.0000,  153, 153, 153
L 591.0000, -349.0000, 0.0000,  589.0000, -349.0000, 0.0000,  153, 153, 153
L 592.0000, -392.0000, 0.0000,  591.0000, -349.0000, 0.0000,  153, 153, 153
L 587.0000, -393.0000, 0.0000,  592.0000, -392.0000, 0.0000,  153, 153, 153
L 559.0000, -420.0000, 0.0000,  587.0000, -393.0000, 0.0000,  153, 153, 153
L 560.0000, -448.0000, 0.0000,  559.0000, -420.0000, 0.0000,  153, 153, 153
L 587.0000, -475.0000, 0.0000,  560.0000, -448.0000, 0.0000,  153, 153, 153
L 615.0000, -475.0000, 0.0000,  587.0000, -475.0000, 0.0000,  153, 153, 153
L 642.0000, -447.0000, 0.0000,  615.0000, -475.0000, 0.0000,  153, 153, 153
L 642.0000, -420.0000, 0.0000,  642.0000, -447.0000, 0.0000,  153, 153, 153
L 614.0000, -394.0000, 0.0000,  642.0000, -420.0000, 0.0000,  153, 153, 153
L 607.0000, -393.0000, 0.0000,  614.0000, -394.0000, 0.0000,  153, 153, 153
L 605.0000, -349.0000, 0.0000,  607.0000, -393.0000, 0.0000,  153, 153, 153
L 611.0000, -349.0000, 0.0000,  605.0000, -349.0000, 0.0000,  153, 153, 153
L 639.0000, -335.0000, 0.0000,  611.0000, -349.0000, 0.0000,  153, 153, 153
L 670.0000, -335.0000, 0.0000,  639.0000, -335.0000, 0.0000,  153, 153, 153
L 685.0000, -348.0000, 0.0000,  670.0000, -335.0000, 0.0000,  153, 153, 153
L 699.0000, -348.0000, 0.0000,  685.0000, -348.0000, 0.0000,  153, 153, 153
L 713.0000, -361.0000, 0.0000,  699.0000, -348.0000, 0.0000,  153, 153, 153
L 729.0000, -351.0000, 0.0000,  713.0000, -361.0000, 0.0000,  153, 153, 153
L 753.0000, -350.0000, 0.0000,  729.0000, -351.0000, 0.0000,  153, 153, 153
L 745.0000, -363.0000, 0.0000,  753.0000, -350.0000, 0.0000,  153, 153, 153
L 753.0000, -366.0000, 0.0000,  745.0000, -363.0000, 0.0000,  153, 153, 153
L 771.0000, -391.0000, 0.0000,  753.0000, -366.0000, 0.0000,  153, 153, 153
L 771.0000, -404.0000, 0.0000,  771.0000, -391.0000, 0.0000,  153, 153, 153
L 779.0000, -404.0000, 0.0000,  771.0000, -404.0000, 0.0000,  153, 153, 153
L 780.0000, -406.0000, 0.0000,  779.0000, -404.0000, 0.0000,  153, 153, 153
L 785.0000, -406.0000, 0.0000,  780.0000, -406.0000, 0.0000,  153, 153, 153
L 786.0000, -404.0000, 0.0000,  785.0000, -406.0000, 0.0000,  153, 153, 153
L 788.0000, -404.0000, 0.0000,  786.0000, -404.0000, 0.0000,  153, 153, 153
L 794.0000, -404.0000, 0.0000,  788.0000, -404.0000, 0.0000,  153, 153, 153
L 794.0000, -392.0000, 0.0000,  794.0000, -404.0000, 0.0000,  153, 153, 153
L 811.0000, -366.0000, 0.0000,  794.0000, -392.0000, 0.0000,  153, 153, 153
L 820.0000, -363.0000, 0.0000,  811.0000, -366.0000, 0.0000,  153, 153, 153
L 809.0000, -351.0000, 0.0000,  820.0000, -363.0000, 0.0000,  153, 153, 153
L 808.0000, -337.0000, 0.0000,  809.0000, -351.0000, 0.0000,  153, 153, 153
L 795.0000, -309.0000, 0.0000,  808.0000, -337.0000, 0.0000,  153, 153, 153
L 795.0000, -264.0000, 0.0000,  795.0000, -309.0000, 0.0000,  153, 153, 153
L 836.0000, -264.0000, 0.0000,  795.0000, -264.0000, 0.0000,  153, 153, 153
L 836.0000, -248.0000, 0.0000,  836.0000, -264.0000, 0.0000,  153, 153, 153
P 790.0000, -320.0000, 0.0000,  255, 255, 255,  2,  Succor
